-292.0 -219.0 
-215.0 -297.0 
-218.0 -294.0 
-260.0 -252.0 
-280.0 -232.0 
-222.0 -290.0 
-257.0 -255.0 
-220.0 -291.0 
-225.0 -287.0 
-233.0 -279.0 
-286.0 -226.0 
-290.0 -222.0 
-264.0 -248.0 
-287.0 -225.0 
-235.0 -277.0 
-289.0 -223.0 
-283.0 -229.0 
-283.0 -229.0 
-268.0 -244.0 
-253.0 -259.0 
-270.0 -242.0 
-278.0 -234.0 
-262.0 -250.0 
-275.0 -236.0 
-277.0 -235.0 
-274.0 -238.0 
-244.0 -268.0 
-247.0 -265.0 
-227.0 -285.0 
-231.0 -281.0 
-271.0 -241.0 
-238.0 -274.0 
-236.0 -276.0 
-239.0 -273.0 
-226.0 -286.0 
-248.0 -264.0 
-249.0 -263.0 
-231.0 -281.0 
-240.0 -272.0 
-272.0 -240.0 
-237.0 -275.0 
-251.0 -261.0 
-242.0 -270.0 
-243.0 -269.0 
-228.0 -284.0 
-252.0 -260.0 
-263.0 -249.0 
-256.0 -256.0 
-247.0 -265.0 
-244.0 -268.0 
