-304.0 -207.0 
-192.0 -320.0 
-207.0 -302.0 
-211.0 -299.0 
-293.0 -219.0 
-289.0 -223.0 
-215.0 -297.0 
-268.0 -244.0 
-281.0 -231.0 
-301.0 -210.0 
-274.0 -238.0 
-217.0 -295.0 
-219.0 -293.0 
-287.0 -225.0 
-283.0 -229.0 
-248.0 -264.0 
-250.0 -262.0 
-266.0 -246.0 
-285.0 -227.0 
-276.0 -236.0 
-221.0 -291.0 
-226.0 -286.0 
-246.0 -266.0 
-298.0 -214.0 
-223.0 -289.0 
-295.0 -217.0 
-299.0 -211.0 
-264.0 -248.0 
-239.0 -273.0 
-253.0 -259.0 
-241.0 -271.0 
-236.0 -276.0 
-296.0 -215.0 
-232.0 -280.0 
-257.0 -255.0 
-255.0 -257.0 
-272.0 -240.0 
-278.0 -234.0 
-244.0 -267.0 
-231.0 -281.0 
-242.0 -270.0 
-278.0 -234.0 
-271.0 -241.0 
-256.0 -256.0 
-224.0 -287.0 
-237.0 -275.0 
-229.0 -282.0 
-234.0 -278.0 
-228.0 -284.0 
-263.0 -249.0 
