-287.0 -224.0 
-225.0 -287.0 
-225.0 -287.0 
-287.0 -224.0 
-232.0 -279.0 
-285.0 -225.0 
-232.0 -279.0 
-278.0 -234.0 
-278.0 -234.0 
-285.0 -225.0 
-236.0 -276.0 
-236.0 -276.0 
-239.0 -273.0 
-275.0 -237.0 
-275.0 -237.0 
-239.0 -273.0 
-240.0 -272.0 
-247.0 -265.0 
-273.0 -239.0 
-249.0 -263.0 
-277.0 -235.0 
-242.0 -270.0 
-249.0 -263.0 
-277.0 -235.0 
-242.0 -270.0 
-247.0 -265.0 
-240.0 -272.0 
-273.0 -239.0 
-243.0 -269.0 
-271.0 -241.0 
-268.0 -244.0 
-256.0 -256.0 
-261.0 -251.0 
-267.0 -245.0 
-251.0 -261.0 
-255.0 -257.0 
-252.0 -260.0 
-257.0 -255.0 
-272.0 -240.0 
-265.0 -247.0 
-244.0 -268.0 
-264.0 -248.0 
-254.0 -258.0 
-262.0 -250.0 
-269.0 -243.0 
-253.0 -259.0 
-259.0 -253.0 
-246.0 -266.0 
-263.0 -249.0 
-245.0 -267.0 
-266.0 -246.0 
-258.0 -254.0 
-250.0 -262.0 
-260.0 -252.0 
-270.0 -242.0 
-263.0 -249.0 
-262.0 -250.0 
-266.0 -246.0 
-271.0 -241.0 
-269.0 -243.0 
-250.0 -262.0 
-245.0 -267.0 
-252.0 -260.0 
-272.0 -240.0 
-260.0 -252.0 
-267.0 -245.0 
-261.0 -251.0 
-253.0 -259.0 
-265.0 -247.0 
-244.0 -268.0 
-256.0 -256.0 
-268.0 -244.0 
-251.0 -261.0 
-254.0 -258.0 
-255.0 -257.0 
-259.0 -253.0 
-243.0 -269.0 
-257.0 -255.0 
-264.0 -248.0 
-270.0 -242.0 
-258.0 -254.0 
-246.0 -266.0 
-287.0 -224.0 
-225.0 -287.0 
-232.0 -279.0 
-278.0 -234.0 
-285.0 -225.0 
-236.0 -276.0 
-275.0 -237.0 
-239.0 -273.0 
-277.0 -235.0 
-249.0 -263.0 
-242.0 -270.0 
-247.0 -265.0 
-273.0 -239.0 
-240.0 -272.0 
-272.0 -240.0 
-259.0 -253.0 
-260.0 -252.0 
-262.0 -250.0 
-257.0 -255.0 
-254.0 -258.0 
-268.0 -244.0 
-261.0 -251.0 
-265.0 -247.0 
-245.0 -267.0 
-263.0 -249.0 
-270.0 -242.0 
-258.0 -254.0 
-252.0 -260.0 
-253.0 -259.0 
-264.0 -248.0 
-271.0 -241.0 
-269.0 -243.0 
-266.0 -246.0 
-267.0 -245.0 
-246.0 -266.0 
-256.0 -256.0 
-250.0 -262.0 
-244.0 -268.0 
-255.0 -257.0 
-243.0 -269.0 
-251.0 -261.0 
-287.0 -224.0 
-225.0 -287.0 
-232.0 -279.0 
-278.0 -234.0 
-285.0 -225.0 
-236.0 -276.0 
-275.0 -237.0 
-239.0 -273.0 
-249.0 -263.0 
-277.0 -235.0 
-242.0 -270.0 
-240.0 -272.0 
-247.0 -265.0 
-273.0 -239.0 
-253.0 -259.0 
-261.0 -251.0 
-256.0 -256.0 
-243.0 -269.0 
-251.0 -261.0 
-267.0 -245.0 
-258.0 -254.0 
-270.0 -242.0 
-272.0 -240.0 
-268.0 -244.0 
-265.0 -247.0 
-266.0 -246.0 
-246.0 -266.0 
