-308.0 -202.0 
-191.0 -321.0 
-203.0 -309.0 
-210.0 -302.0 
-305.0 -205.0 
-299.0 -212.0 
-269.0 -243.0 
-266.0 -246.0 
-207.0 -305.0 
-217.0 -295.0 
-252.0 -260.0 
-231.0 -280.0 
-258.0 -254.0 
-235.0 -277.0 
-255.0 -257.0 
-206.0 -306.0 
-222.0 -290.0 
-302.0 -207.0 
-291.0 -220.0 
-233.0 -279.0 
-296.0 -215.0 
-260.0 -252.0 
-294.0 -217.0 
-289.0 -222.0 
-237.0 -275.0 
-229.0 -283.0 
-276.0 -236.0 
-221.0 -291.0 
-250.0 -262.0 
-279.0 -233.0 
-288.0 -224.0 
-263.0 -249.0 
-248.0 -264.0 
-293.0 -219.0 
-298.0 -214.0 
-274.0 -238.0 
-273.0 -239.0 
-243.0 -269.0 
-256.0 -256.0 
-261.0 -250.0 
-280.0 -232.0 
-264.0 -247.0 
-215.0 -297.0 
-277.0 -235.0 
-239.0 -272.0 
-302.0 -207.0 
-238.0 -273.0 
-283.0 -228.0 
-225.0 -287.0 
-213.0 -299.0 
