-295.0 -217.0 
-210.0 -302.0 
-295.0 -217.0 
-210.0 -302.0 
-227.0 -285.0 
-233.0 -279.0 
-248.0 -264.0 
-245.0 -267.0 
-238.0 -274.0 
-238.0 -274.0 
-232.0 -280.0 
-268.0 -244.0 
-251.0 -261.0 
-262.0 -250.0 
-259.0 -253.0 
-292.0 -220.0 
-223.0 -289.0 
-278.0 -234.0 
-250.0 -262.0 
-265.0 -247.0 
-217.0 -295.0 
-215.0 -297.0 
-292.0 -220.0 
-265.0 -247.0 
-268.0 -244.0 
-272.0 -240.0 
-232.0 -280.0 
-262.0 -250.0 
-280.0 -232.0 
-259.0 -253.0 
-253.0 -259.0 
-256.0 -256.0 
-289.0 -223.0 
-221.0 -291.0 
-221.0 -291.0 
-256.0 -256.0 
-289.0 -223.0 
-218.0 -294.0 
-283.0 -229.0 
-214.0 -298.0 
-271.0 -241.0 
-241.0 -271.0 
-213.0 -299.0 
-241.0 -271.0 
-218.0 -294.0 
-286.0 -226.0 
-213.0 -299.0 
-271.0 -241.0 
-283.0 -229.0 
-224.0 -288.0 
