-213.0 -298.0 
-301.0 -211.0 
-297.0 -215.0 
-218.0 -293.0 
-244.0 -268.0 
-233.0 -278.0 
-222.0 -290.0 
-273.0 -239.0 
-231.0 -281.0 
-295.0 -217.0 
-262.0 -250.0 
-225.0 -286.0 
-291.0 -221.0 
-255.0 -257.0 
-278.0 -234.0 
-281.0 -231.0 
-270.0 -241.0 
-223.0 -289.0 
-216.0 -295.0 
-260.0 -252.0 
-275.0 -237.0 
-268.0 -244.0 
-251.0 -261.0 
-293.0 -219.0 
-215.0 -297.0 
-283.0 -229.0 
-237.0 -275.0 
-239.0 -273.0 
-229.0 -282.0 
-246.0 -266.0 
-258.0 -253.0 
-228.0 -284.0 
-269.0 -243.0 
-227.0 -285.0 
-241.0 -271.0 
-252.0 -260.0 
-288.0 -224.0 
-277.0 -235.0 
-240.0 -272.0 
-249.0 -263.0 
-292.0 -220.0 
-256.0 -256.0 
-249.0 -263.0 
-265.0 -247.0 
-287.0 -225.0 
-276.0 -236.0 
-286.0 -226.0 
-252.0 -260.0 
-288.0 -224.0 
-241.0 -271.0 
