-226.0 -286.0 
-296.0 -216.0 
-296.0 -216.0 
-226.0 -286.0 
-264.0 -248.0 
-288.0 -224.0 
-237.0 -275.0 
-243.0 -269.0 
-249.0 -263.0 
-283.0 -229.0 
-277.0 -235.0 
-230.0 -282.0 
-258.0 -254.0 
-266.0 -246.0 
-272.0 -240.0 
-272.0 -240.0 
-261.0 -251.0 
-269.0 -243.0 
-292.0 -220.0 
-275.0 -237.0 
-294.0 -218.0 
-228.0 -284.0 
-257.0 -255.0 
-233.0 -279.0 
-253.0 -259.0 
-290.0 -222.0 
-245.0 -267.0 
-290.0 -222.0 
-255.0 -257.0 
-261.0 -251.0 
-268.0 -244.0 
-294.0 -218.0 
-252.0 -260.0 
-248.0 -264.0 
-292.0 -220.0 
-275.0 -237.0 
-238.0 -274.0 
-246.0 -266.0 
-235.0 -277.0 
-280.0 -232.0 
-286.0 -226.0 
-285.0 -227.0 
-260.0 -252.0 
-241.0 -271.0 
-232.0 -280.0 
-282.0 -230.0 
-270.0 -242.0 
-232.0 -280.0 
-286.0 -226.0 
-282.0 -230.0 
