-286.0 -225.0 
-226.0 -285.0 
-286.0 -225.0 
-226.0 -285.0 
-279.0 -230.0 
-234.0 -277.0 
-234.0 -277.0 
-279.0 -230.0 
-277.0 -235.0 
-236.0 -274.0 
-238.0 -273.0 
-274.0 -238.0 
-270.0 -241.0 
-265.0 -246.0 
-264.0 -247.0 
-268.0 -244.0 
-238.0 -273.0 
-262.0 -250.0 
-272.0 -240.0 
-241.0 -271.0 
-274.0 -238.0 
-277.0 -235.0 
-272.0 -240.0 
-262.0 -250.0 
-268.0 -244.0 
-241.0 -271.0 
-261.0 -251.0 
-257.0 -255.0 
-245.0 -267.0 
-259.0 -253.0 
-243.0 -269.0 
-255.0 -257.0 
-276.0 -236.0 
-255.0 -257.0 
-257.0 -255.0 
-245.0 -267.0 
-269.0 -243.0 
-243.0 -269.0 
-264.0 -247.0 
-236.0 -274.0 
-265.0 -246.0 
-261.0 -251.0 
-276.0 -236.0 
-259.0 -253.0 
-269.0 -243.0 
-253.0 -259.0 
-242.0 -270.0 
-246.0 -266.0 
-252.0 -260.0 
-258.0 -254.0 
-254.0 -258.0 
-248.0 -264.0 
-251.0 -261.0 
-249.0 -263.0 
-250.0 -262.0 
-247.0 -265.0 
-270.0 -241.0 
-251.0 -261.0 
-250.0 -262.0 
-254.0 -258.0 
-249.0 -263.0 
-258.0 -254.0 
-253.0 -259.0 
-252.0 -260.0 
-242.0 -270.0 
-248.0 -264.0 
-247.0 -265.0 
-246.0 -266.0 
-286.0 -225.0 
-226.0 -285.0 
-234.0 -277.0 
-279.0 -230.0 
-238.0 -273.0 
-274.0 -238.0 
-277.0 -235.0 
-268.0 -244.0 
-272.0 -240.0 
-262.0 -250.0 
-241.0 -271.0 
-243.0 -269.0 
-257.0 -255.0 
-261.0 -251.0 
-236.0 -274.0 
-265.0 -246.0 
-264.0 -247.0 
-255.0 -257.0 
-245.0 -267.0 
-259.0 -253.0 
-276.0 -236.0 
-269.0 -243.0 
-249.0 -263.0 
-258.0 -254.0 
-254.0 -258.0 
-242.0 -270.0 
-251.0 -261.0 
-248.0 -264.0 
-246.0 -266.0 
-247.0 -265.0 
-250.0 -262.0 
-253.0 -259.0 
