-279.0 -233.0 
-233.0 -279.0 
-233.0 -279.0 
-279.0 -233.0 
-270.0 -241.0 
-270.0 -241.0 
-257.0 -255.0 
-257.0 -255.0 
-262.0 -250.0 
-266.0 -246.0 
-275.0 -237.0 
-262.0 -250.0 
-266.0 -246.0 
-275.0 -237.0 
-237.0 -274.0 
-239.0 -272.0 
-235.0 -277.0 
-242.0 -270.0 
-242.0 -270.0 
-235.0 -277.0 
-247.0 -265.0 
-250.0 -262.0 
-247.0 -265.0 
-250.0 -262.0 
-239.0 -272.0 
-237.0 -274.0 
-277.0 -235.0 
-255.0 -257.0 
-244.0 -268.0 
-277.0 -235.0 
-255.0 -257.0 
-244.0 -268.0 
-245.0 -267.0 
-276.0 -236.0 
-264.0 -248.0 
-253.0 -259.0 
-265.0 -247.0 
-263.0 -249.0 
-252.0 -260.0 
-254.0 -258.0 
-246.0 -266.0 
-251.0 -261.0 
-246.0 -266.0 
-253.0 -259.0 
-251.0 -261.0 
-245.0 -267.0 
-263.0 -249.0 
-265.0 -247.0 
-276.0 -236.0 
-264.0 -248.0 
