-301.0 -211.0 
-199.0 -313.0 
-199.0 -313.0 
-301.0 -211.0 
-219.0 -293.0 
-234.0 -278.0 
-268.0 -244.0 
-286.0 -226.0 
-230.0 -282.0 
-209.0 -303.0 
-215.0 -297.0 
-212.0 -300.0 
-203.0 -309.0 
-276.0 -236.0 
-265.0 -247.0 
-207.0 -305.0 
-298.0 -214.0 
-205.0 -307.0 
-283.0 -229.0 
-244.0 -268.0 
-242.0 -270.0 
-283.0 -229.0 
-271.0 -241.0 
-278.0 -234.0 
-278.0 -234.0 
-229.0 -283.0 
-214.0 -298.0 
-246.0 -266.0 
-288.0 -224.0 
-238.0 -274.0 
-249.0 -263.0 
-255.0 -257.0 
-247.0 -265.0 
-261.0 -251.0 
-258.0 -254.0 
-258.0 -254.0 
-261.0 -251.0 
-222.0 -290.0 
-296.0 -216.0 
-251.0 -261.0 
-240.0 -272.0 
-240.0 -272.0 
-201.0 -311.0 
-201.0 -311.0 
-274.0 -238.0 
-225.0 -287.0 
-250.0 -262.0 
-295.0 -217.0 
-226.0 -286.0 
-252.0 -260.0 
