-221.0 -289.0 
-293.0 -219.0 
-290.0 -222.0 
-288.0 -224.0 
-249.0 -263.0 
-269.0 -243.0 
-274.0 -238.0 
-292.0 -220.0 
-286.0 -226.0 
-285.0 -227.0 
-228.0 -284.0 
-229.0 -283.0 
-283.0 -229.0 
-226.0 -286.0 
-244.0 -267.0 
-255.0 -257.0 
-271.0 -241.0 
-231.0 -281.0 
-247.0 -265.0 
-276.0 -236.0 
-253.0 -259.0 
-241.0 -270.0 
-222.0 -288.0 
-225.0 -287.0 
-261.0 -251.0 
-246.0 -266.0 
-261.0 -251.0 
-264.0 -248.0 
-267.0 -245.0 
-235.0 -277.0 
-243.0 -269.0 
-233.0 -279.0 
-279.0 -233.0 
-277.0 -235.0 
-281.0 -231.0 
-280.0 -232.0 
-234.0 -278.0 
-251.0 -261.0 
-232.0 -280.0 
-278.0 -234.0 
-282.0 -230.0 
-254.0 -258.0 
-258.0 -254.0 
-236.0 -276.0 
-238.0 -274.0 
-251.0 -261.0 
-267.0 -245.0 
-264.0 -248.0 
-257.0 -255.0 
-265.0 -247.0 
