-281.0 -231.0 
-229.0 -283.0 
-229.0 -283.0 
-281.0 -231.0 
-276.0 -236.0 
-276.0 -236.0 
-233.0 -279.0 
-233.0 -279.0 
-235.0 -276.0 
-238.0 -274.0 
-238.0 -274.0 
-256.0 -256.0 
-270.0 -242.0 
-259.0 -253.0 
-274.0 -238.0 
-272.0 -240.0 
-270.0 -242.0 
-272.0 -240.0 
-256.0 -256.0 
-259.0 -253.0 
-235.0 -276.0 
-274.0 -238.0 
-248.0 -264.0 
-242.0 -270.0 
-240.0 -272.0 
-260.0 -252.0 
-262.0 -250.0 
-246.0 -266.0 
-244.0 -268.0 
-268.0 -244.0 
-262.0 -250.0 
-246.0 -266.0 
-268.0 -244.0 
-242.0 -270.0 
-248.0 -264.0 
-240.0 -272.0 
-244.0 -268.0 
-260.0 -252.0 
-266.0 -246.0 
-252.0 -260.0 
-254.0 -258.0 
-251.0 -261.0 
-249.0 -263.0 
-255.0 -257.0 
-245.0 -267.0 
-267.0 -245.0 
-253.0 -259.0 
-265.0 -247.0 
-264.0 -248.0 
-241.0 -271.0 
-263.0 -249.0 
-250.0 -262.0 
-266.0 -246.0 
-263.0 -249.0 
-264.0 -248.0 
-250.0 -262.0 
-252.0 -260.0 
-267.0 -245.0 
-249.0 -263.0 
-245.0 -267.0 
-241.0 -271.0 
-265.0 -247.0 
-253.0 -259.0 
-251.0 -261.0 
-255.0 -257.0 
-254.0 -258.0 
-229.0 -283.0 
-281.0 -231.0 
-276.0 -236.0 
-233.0 -279.0 
-238.0 -274.0 
-272.0 -240.0 
-274.0 -238.0 
-256.0 -256.0 
-270.0 -242.0 
-259.0 -253.0 
-235.0 -276.0 
-262.0 -250.0 
-242.0 -270.0 
-246.0 -266.0 
-248.0 -264.0 
-268.0 -244.0 
-240.0 -272.0 
-244.0 -268.0 
-260.0 -252.0 
-241.0 -271.0 
-245.0 -267.0 
-250.0 -262.0 
-264.0 -248.0 
-263.0 -249.0 
-265.0 -247.0 
-255.0 -257.0 
-254.0 -258.0 
-266.0 -246.0 
-249.0 -263.0 
-252.0 -260.0 
-267.0 -245.0 
-253.0 -259.0 
-251.0 -261.0 
-281.0 -231.0 
-229.0 -283.0 
-276.0 -236.0 
-233.0 -279.0 
-238.0 -274.0 
-259.0 -253.0 
-235.0 -276.0 
-272.0 -240.0 
-270.0 -242.0 
-256.0 -256.0 
-274.0 -238.0 
-248.0 -264.0 
-260.0 -252.0 
-242.0 -270.0 
-262.0 -250.0 
-268.0 -244.0 
-244.0 -268.0 
-246.0 -266.0 
-240.0 -272.0 
-241.0 -271.0 
-263.0 -249.0 
-255.0 -257.0 
-245.0 -267.0 
-254.0 -258.0 
-265.0 -247.0 
-252.0 -260.0 
-253.0 -259.0 
-251.0 -261.0 
-250.0 -262.0 
-264.0 -248.0 
-266.0 -246.0 
-267.0 -245.0 
-249.0 -263.0 
-281.0 -231.0 
-229.0 -283.0 
-276.0 -236.0 
-233.0 -279.0 
-238.0 -274.0 
-259.0 -253.0 
-274.0 -238.0 
-270.0 -242.0 
-256.0 -256.0 
-235.0 -276.0 
-272.0 -240.0 
-262.0 -250.0 
-244.0 -268.0 
-260.0 -252.0 
-268.0 -244.0 
-242.0 -270.0 
-248.0 -264.0 
-240.0 -272.0 
