-193.0 -317.0 
-317.0 -195.0 
-225.0 -287.0 
-297.0 -215.0 
-301.0 -211.0 
-229.0 -283.0 
-248.0 -264.0 
-282.0 -230.0 
-252.0 -259.0 
-196.0 -316.0 
-286.0 -226.0 
-204.0 -308.0 
-315.0 -197.0 
-312.0 -200.0 
-200.0 -312.0 
-222.0 -290.0 
-307.0 -205.0 
-310.0 -202.0 
-209.0 -302.0 
-270.0 -242.0 
-216.0 -296.0 
-303.0 -209.0 
-305.0 -207.0 
-201.0 -311.0 
-272.0 -240.0 
-238.0 -274.0 
-274.0 -238.0 
-264.0 -248.0 
-206.0 -305.0 
-220.0 -292.0 
-211.0 -300.0 
-258.0 -253.0 
-268.0 -244.0 
-244.0 -268.0 
-277.0 -235.0 
-234.0 -277.0 
-290.0 -222.0 
-213.0 -299.0 
-293.0 -219.0 
-292.0 -220.0 
-214.0 -297.0 
-231.0 -281.0 
-242.0 -269.0 
-280.0 -232.0 
-261.0 -251.0 
-266.0 -245.0 
-279.0 -233.0 
-287.0 -224.0 
-240.0 -272.0 
-207.0 -304.0 
