-229.0 -282.0 
-291.0 -215.0 
-291.0 -215.0 
-229.0 -282.0 
-284.0 -228.0 
-284.0 -228.0 
-235.0 -275.0 
-235.0 -275.0 
-280.0 -232.0 
-280.0 -232.0 
-238.0 -274.0 
-274.0 -238.0 
-244.0 -267.0 
-268.0 -244.0 
-274.0 -238.0 
-268.0 -244.0 
-240.0 -272.0 
-272.0 -240.0 
-266.0 -246.0 
-261.0 -251.0 
-249.0 -263.0 
-278.0 -234.0 
-276.0 -236.0 
-270.0 -242.0 
-246.0 -266.0 
-263.0 -249.0 
-242.0 -270.0 
-251.0 -261.0 
-276.0 -236.0 
-251.0 -261.0 
-242.0 -270.0 
-270.0 -242.0 
-263.0 -249.0 
-261.0 -251.0 
-272.0 -240.0 
-243.0 -269.0 
-249.0 -263.0 
-240.0 -272.0 
-266.0 -246.0 
-278.0 -234.0 
-238.0 -274.0 
-246.0 -266.0 
-243.0 -269.0 
-277.0 -235.0 
-252.0 -260.0 
-260.0 -252.0 
-254.0 -258.0 
-271.0 -241.0 
-248.0 -264.0 
-256.0 -256.0 
-259.0 -253.0 
-265.0 -247.0 
-264.0 -248.0 
-257.0 -255.0 
-253.0 -259.0 
-239.0 -273.0 
-255.0 -257.0 
-247.0 -265.0 
-258.0 -254.0 
-244.0 -267.0 
-255.0 -257.0 
-259.0 -253.0 
-253.0 -259.0 
-258.0 -254.0 
-254.0 -258.0 
-256.0 -256.0 
-265.0 -247.0 
-257.0 -255.0 
-248.0 -264.0 
-252.0 -260.0 
-277.0 -235.0 
-239.0 -273.0 
-260.0 -252.0 
-271.0 -241.0 
-247.0 -265.0 
-264.0 -248.0 
-229.0 -282.0 
-291.0 -215.0 
-284.0 -228.0 
-235.0 -275.0 
-280.0 -232.0 
-274.0 -238.0 
-268.0 -244.0 
-242.0 -270.0 
-276.0 -236.0 
-251.0 -261.0 
-263.0 -249.0 
-270.0 -242.0 
-261.0 -251.0 
-278.0 -234.0 
-249.0 -263.0 
-240.0 -272.0 
-266.0 -246.0 
-272.0 -240.0 
-238.0 -274.0 
-246.0 -266.0 
-243.0 -269.0 
-254.0 -258.0 
-271.0 -241.0 
-259.0 -253.0 
-252.0 -260.0 
-248.0 -264.0 
-265.0 -247.0 
-255.0 -257.0 
-253.0 -259.0 
-277.0 -235.0 
-258.0 -254.0 
-257.0 -255.0 
-256.0 -256.0 
-244.0 -267.0 
-264.0 -248.0 
-239.0 -273.0 
-247.0 -265.0 
-260.0 -252.0 
-291.0 -215.0 
-229.0 -282.0 
-284.0 -228.0 
-235.0 -275.0 
-280.0 -232.0 
-274.0 -238.0 
-268.0 -244.0 
-263.0 -249.0 
-276.0 -236.0 
-242.0 -270.0 
-270.0 -242.0 
-251.0 -261.0 
-272.0 -240.0 
-278.0 -234.0 
-249.0 -263.0 
-240.0 -272.0 
-261.0 -251.0 
-266.0 -246.0 
-238.0 -274.0 
-246.0 -266.0 
-243.0 -269.0 
-254.0 -258.0 
-255.0 -257.0 
-264.0 -248.0 
-271.0 -241.0 
-256.0 -256.0 
-265.0 -247.0 
-259.0 -253.0 
-277.0 -235.0 
-257.0 -255.0 
-253.0 -259.0 
-252.0 -260.0 
-239.0 -273.0 
-247.0 -265.0 
-258.0 -254.0 
-248.0 -264.0 
