-206.0 -306.0 
-298.0 -214.0 
-211.0 -301.0 
-224.0 -288.0 
-208.0 -304.0 
-296.0 -216.0 
-293.0 -219.0 
-228.0 -284.0 
-214.0 -298.0 
-221.0 -291.0 
-249.0 -263.0 
-254.0 -258.0 
-251.0 -261.0 
-246.0 -266.0 
-267.0 -245.0 
-270.0 -241.0 
-222.0 -290.0 
-287.0 -225.0 
-218.0 -294.0 
-291.0 -221.0 
-218.0 -294.0 
-290.0 -222.0 
-243.0 -269.0 
-234.0 -278.0 
-237.0 -275.0 
-245.0 -267.0 
-259.0 -253.0 
-232.0 -280.0 
-272.0 -240.0 
-235.0 -277.0 
-273.0 -239.0 
-236.0 -276.0 
-230.0 -282.0 
-240.0 -272.0 
-265.0 -246.0 
-275.0 -237.0 
-257.0 -255.0 
-215.0 -297.0 
-215.0 -297.0 
-277.0 -235.0 
-279.0 -233.0 
-276.0 -236.0 
-242.0 -270.0 
-264.0 -248.0 
-284.0 -228.0 
-229.0 -283.0 
-257.0 -255.0 
-283.0 -229.0 
-269.0 -243.0 
-239.0 -273.0 
