-299.0 -210.0 
-233.0 -275.0 
-299.0 -210.0 
-233.0 -275.0 
-293.0 -217.0 
-284.0 -227.0 
-284.0 -227.0 
-293.0 -217.0 
-278.0 -234.0 
-278.0 -234.0 
-243.0 -269.0 
-274.0 -238.0 
-243.0 -269.0 
-274.0 -238.0 
-240.0 -271.0 
-239.0 -273.0 
-246.0 -266.0 
-277.0 -235.0 
-272.0 -240.0 
-272.0 -240.0 
-236.0 -274.0 
-246.0 -266.0 
-236.0 -274.0 
-277.0 -235.0 
-270.0 -242.0 
-240.0 -271.0 
-270.0 -242.0 
-239.0 -273.0 
-264.0 -248.0 
-248.0 -264.0 
-267.0 -245.0 
-254.0 -258.0 
-269.0 -243.0 
-253.0 -259.0 
-265.0 -247.0 
-256.0 -256.0 
-261.0 -251.0 
-263.0 -249.0 
-255.0 -257.0 
-259.0 -253.0 
-260.0 -252.0 
-268.0 -244.0 
-258.0 -254.0 
-257.0 -255.0 
-266.0 -246.0 
-252.0 -260.0 
-262.0 -250.0 
-251.0 -261.0 
-250.0 -262.0 
-247.0 -265.0 
-249.0 -263.0 
-259.0 -253.0 
-258.0 -254.0 
-261.0 -251.0 
-247.0 -265.0 
-260.0 -252.0 
-265.0 -247.0 
-263.0 -249.0 
-249.0 -263.0 
-262.0 -250.0 
-250.0 -262.0 
-255.0 -257.0 
-253.0 -259.0 
-256.0 -256.0 
-267.0 -245.0 
-254.0 -258.0 
-269.0 -243.0 
-266.0 -246.0 
-252.0 -260.0 
-268.0 -244.0 
-257.0 -255.0 
-264.0 -248.0 
-248.0 -264.0 
-251.0 -261.0 
-233.0 -275.0 
-299.0 -210.0 
-284.0 -227.0 
-293.0 -217.0 
-278.0 -234.0 
-243.0 -269.0 
-274.0 -238.0 
-272.0 -240.0 
-277.0 -235.0 
-236.0 -274.0 
-246.0 -266.0 
-240.0 -271.0 
-270.0 -242.0 
-239.0 -273.0 
-249.0 -263.0 
-260.0 -252.0 
-253.0 -259.0 
-252.0 -260.0 
-264.0 -248.0 
-256.0 -256.0 
-266.0 -246.0 
-269.0 -243.0 
-247.0 -265.0 
-257.0 -255.0 
-251.0 -261.0 
-261.0 -251.0 
-258.0 -254.0 
-254.0 -258.0 
-263.0 -249.0 
-262.0 -250.0 
-268.0 -244.0 
-255.0 -257.0 
-248.0 -264.0 
-265.0 -247.0 
-259.0 -253.0 
-250.0 -262.0 
-267.0 -245.0 
-299.0 -210.0 
-233.0 -275.0 
-284.0 -227.0 
-293.0 -217.0 
-278.0 -234.0 
-243.0 -269.0 
-274.0 -238.0 
-272.0 -240.0 
-236.0 -274.0 
-246.0 -266.0 
-277.0 -235.0 
-240.0 -271.0 
-270.0 -242.0 
-239.0 -273.0 
-252.0 -260.0 
-258.0 -254.0 
-267.0 -245.0 
-255.0 -257.0 
-250.0 -262.0 
-254.0 -258.0 
-264.0 -248.0 
-260.0 -252.0 
-261.0 -251.0 
-265.0 -247.0 
-268.0 -244.0 
-263.0 -249.0 
-249.0 -263.0 
-257.0 -255.0 
-251.0 -261.0 
-253.0 -259.0 
-256.0 -256.0 
-269.0 -243.0 
-248.0 -264.0 
-259.0 -253.0 
-262.0 -250.0 
-266.0 -246.0 
-247.0 -265.0 
-299.0 -210.0 
-233.0 -275.0 
