-280.0 -230.0 
-228.0 -284.0 
-228.0 -284.0 
-280.0 -230.0 
-277.0 -234.0 
-235.0 -277.0 
-231.0 -280.0 
-277.0 -234.0 
-232.0 -279.0 
-231.0 -280.0 
-235.0 -277.0 
-245.0 -266.0 
-237.0 -275.0 
-276.0 -236.0 
-237.0 -275.0 
-270.0 -242.0 
-264.0 -248.0 
-258.0 -254.0 
-240.0 -272.0 
-274.0 -238.0 
-261.0 -251.0 
-272.0 -240.0 
-242.0 -270.0 
-239.0 -273.0 
-266.0 -246.0 
-247.0 -265.0 
-260.0 -252.0 
-263.0 -249.0 
-276.0 -236.0 
-263.0 -249.0 
-242.0 -270.0 
-272.0 -240.0 
-266.0 -246.0 
-260.0 -252.0 
-239.0 -273.0 
-261.0 -251.0 
-264.0 -248.0 
-270.0 -242.0 
-244.0 -268.0 
-274.0 -238.0 
-258.0 -254.0 
-232.0 -279.0 
-240.0 -272.0 
-247.0 -265.0 
-244.0 -268.0 
-250.0 -262.0 
-243.0 -269.0 
-253.0 -259.0 
-273.0 -239.0 
-269.0 -243.0 
-256.0 -256.0 
-268.0 -244.0 
-254.0 -258.0 
-252.0 -260.0 
-267.0 -245.0 
-251.0 -261.0 
-257.0 -255.0 
-248.0 -264.0 
-255.0 -257.0 
-249.0 -263.0 
-248.0 -264.0 
-245.0 -266.0 
-269.0 -243.0 
-267.0 -245.0 
-253.0 -259.0 
-254.0 -258.0 
-250.0 -262.0 
-252.0 -260.0 
-243.0 -269.0 
-257.0 -255.0 
-268.0 -244.0 
-255.0 -257.0 
-251.0 -261.0 
-256.0 -256.0 
-249.0 -263.0 
-273.0 -239.0 
-280.0 -230.0 
-228.0 -284.0 
-277.0 -234.0 
-231.0 -280.0 
-235.0 -277.0 
-237.0 -275.0 
-276.0 -236.0 
-263.0 -249.0 
-266.0 -246.0 
-272.0 -240.0 
-242.0 -270.0 
-239.0 -273.0 
-260.0 -252.0 
-232.0 -279.0 
-240.0 -272.0 
-264.0 -248.0 
-261.0 -251.0 
-270.0 -242.0 
-274.0 -238.0 
-258.0 -254.0 
-247.0 -265.0 
-244.0 -268.0 
-250.0 -262.0 
-268.0 -244.0 
