-305.0 -207.0 
-210.0 -302.0 
-210.0 -302.0 
-242.0 -270.0 
-266.0 -246.0 
-248.0 -264.0 
-248.0 -264.0 
-282.0 -230.0 
-298.0 -214.0 
-288.0 -224.0 
-251.0 -261.0 
-280.0 -232.0 
-261.0 -251.0 
-296.0 -216.0 
-252.0 -260.0 
-261.0 -251.0 
-274.0 -238.0 
-274.0 -238.0 
-240.0 -272.0 
-240.0 -272.0 
-268.0 -244.0 
-217.0 -295.0 
-258.0 -254.0 
-223.0 -289.0 
-211.0 -301.0 
-219.0 -293.0 
-235.0 -277.0 
-278.0 -234.0 
-255.0 -257.0 
-294.0 -218.0 
-215.0 -297.0 
-258.0 -254.0 
-278.0 -234.0 
-287.0 -225.0 
-223.0 -289.0 
-284.0 -228.0 
-230.0 -282.0 
-255.0 -257.0 
-219.0 -293.0 
-235.0 -277.0 
-225.0 -287.0 
-302.0 -210.0 
-302.0 -210.0 
-271.0 -241.0 
-271.0 -241.0 
-225.0 -287.0 
-232.0 -280.0 
-213.0 -299.0 
-228.0 -284.0 
-291.0 -221.0 
