-271.0 -241.0 
-233.0 -279.0 
-271.0 -241.0 
-233.0 -279.0 
-242.0 -270.0 
-242.0 -270.0 
-236.0 -276.0 
-244.0 -266.0 
-236.0 -276.0 
-250.0 -261.0 
-254.0 -257.0 
-267.0 -245.0 
-254.0 -257.0 
-250.0 -261.0 
-267.0 -245.0 
-265.0 -247.0 
-270.0 -242.0 
-247.0 -265.0 
-270.0 -242.0 
-265.0 -247.0 
-263.0 -249.0 
-260.0 -252.0 
-258.0 -254.0 
-235.0 -277.0 
-263.0 -249.0 
-244.0 -266.0 
-256.0 -256.0 
-258.0 -254.0 
-260.0 -252.0 
-249.0 -263.0 
-235.0 -277.0 
-247.0 -265.0 
-256.0 -256.0 
-249.0 -263.0 
-262.0 -250.0 
-257.0 -255.0 
-261.0 -251.0 
-248.0 -264.0 
-262.0 -250.0 
-261.0 -251.0 
-257.0 -255.0 
-248.0 -264.0 
-233.0 -279.0 
-271.0 -241.0 
-242.0 -270.0 
-236.0 -276.0 
-254.0 -257.0 
-267.0 -245.0 
-250.0 -261.0 
-270.0 -242.0 
