-292.0 -220.0 
-224.0 -288.0 
-292.0 -220.0 
-224.0 -288.0 
-252.0 -260.0 
-226.0 -286.0 
-239.0 -273.0 
-239.0 -273.0 
-247.0 -265.0 
-228.0 -284.0 
-247.0 -265.0 
-288.0 -224.0 
-243.0 -269.0 
-288.0 -224.0 
-243.0 -269.0 
-266.0 -246.0 
-269.0 -243.0 
-286.0 -226.0 
-266.0 -246.0 
-279.0 -233.0 
-271.0 -241.0 
-271.0 -241.0 
-286.0 -226.0 
-269.0 -243.0 
-279.0 -233.0 
-264.0 -248.0 
-256.0 -256.0 
-256.0 -256.0 
-277.0 -235.0 
-236.0 -276.0 
-259.0 -253.0 
-231.0 -281.0 
-283.0 -229.0 
-282.0 -230.0 
-274.0 -238.0 
-260.0 -252.0 
-264.0 -248.0 
-253.0 -259.0 
-282.0 -230.0 
-231.0 -281.0 
-254.0 -258.0 
-274.0 -238.0 
-236.0 -276.0 
-259.0 -253.0 
-283.0 -229.0 
-277.0 -235.0 
-255.0 -257.0 
-229.0 -283.0 
-233.0 -279.0 
-275.0 -237.0 
