-287.0 -225.0 
-224.0 -288.0 
-224.0 -288.0 
-287.0 -225.0 
-227.0 -285.0 
-227.0 -285.0 
-234.0 -277.0 
-281.0 -230.0 
-234.0 -277.0 
-281.0 -230.0 
-276.0 -235.0 
-279.0 -233.0 
-274.0 -238.0 
-279.0 -233.0 
-274.0 -238.0 
-244.0 -268.0 
-272.0 -240.0 
-241.0 -271.0 
-276.0 -235.0 
-244.0 -268.0 
-272.0 -240.0 
-241.0 -271.0 
-246.0 -266.0 
-248.0 -264.0 
-251.0 -261.0 
-253.0 -259.0 
-255.0 -257.0 
-260.0 -252.0 
-270.0 -242.0 
-257.0 -255.0 
-262.0 -250.0 
-236.0 -276.0 
-253.0 -259.0 
-248.0 -264.0 
-255.0 -257.0 
-260.0 -252.0 
-257.0 -255.0 
-270.0 -242.0 
-251.0 -261.0 
-246.0 -266.0 
-262.0 -250.0 
-236.0 -276.0 
-263.0 -249.0 
-259.0 -253.0 
-239.0 -273.0 
-254.0 -258.0 
-267.0 -245.0 
-249.0 -263.0 
-268.0 -244.0 
-258.0 -254.0 
-238.0 -274.0 
-269.0 -243.0 
-237.0 -275.0 
-265.0 -247.0 
-240.0 -272.0 
-245.0 -267.0 
-266.0 -246.0 
-264.0 -248.0 
-250.0 -262.0 
-264.0 -248.0 
-265.0 -247.0 
-240.0 -272.0 
-259.0 -253.0 
-250.0 -262.0 
-237.0 -275.0 
-263.0 -249.0 
-249.0 -263.0 
-254.0 -258.0 
-239.0 -273.0 
-258.0 -254.0 
-245.0 -267.0 
-269.0 -243.0 
-267.0 -245.0 
-268.0 -244.0 
-266.0 -246.0 
-238.0 -274.0 
-224.0 -288.0 
-287.0 -225.0 
-227.0 -285.0 
-234.0 -277.0 
-281.0 -230.0 
-279.0 -233.0 
-274.0 -238.0 
-244.0 -268.0 
-241.0 -271.0 
-272.0 -240.0 
-276.0 -235.0 
-257.0 -255.0 
-248.0 -264.0 
-270.0 -242.0 
-246.0 -266.0 
-251.0 -261.0 
-255.0 -257.0 
-262.0 -250.0 
-253.0 -259.0 
-260.0 -252.0 
-236.0 -276.0 
-263.0 -249.0 
-258.0 -254.0 
-240.0 -272.0 
-239.0 -273.0 
-254.0 -258.0 
-265.0 -247.0 
-250.0 -262.0 
-266.0 -246.0 
-245.0 -267.0 
-238.0 -274.0 
-267.0 -245.0 
-249.0 -263.0 
-264.0 -248.0 
-269.0 -243.0 
-237.0 -275.0 
-268.0 -244.0 
-259.0 -253.0 
-224.0 -288.0 
-287.0 -225.0 
-227.0 -285.0 
-234.0 -277.0 
-281.0 -230.0 
-279.0 -233.0 
-274.0 -238.0 
-276.0 -235.0 
-244.0 -268.0 
-241.0 -271.0 
-272.0 -240.0 
-255.0 -257.0 
-248.0 -264.0 
-257.0 -255.0 
-253.0 -259.0 
-262.0 -250.0 
-260.0 -252.0 
-251.0 -261.0 
-270.0 -242.0 
-246.0 -266.0 
-236.0 -276.0 
-267.0 -245.0 
-259.0 -253.0 
-249.0 -263.0 
-240.0 -272.0 
-237.0 -275.0 
-254.0 -258.0 
-258.0 -254.0 
-263.0 -249.0 
-238.0 -274.0 
-245.0 -267.0 
-239.0 -273.0 
-268.0 -244.0 
-265.0 -247.0 
-269.0 -243.0 
-266.0 -246.0 
