-236.0 -276.0 
-283.0 -228.0 
-236.0 -276.0 
-283.0 -228.0 
-276.0 -236.0 
-276.0 -236.0 
-240.0 -271.0 
-255.0 -255.0 
-245.0 -266.0 
-249.0 -263.0 
-244.0 -267.0 
-261.0 -251.0 
-264.0 -248.0 
-264.0 -248.0 
-261.0 -251.0 
-244.0 -267.0 
-240.0 -271.0 
-258.0 -254.0 
-270.0 -241.0 
-253.0 -259.0 
-239.0 -273.0 
-272.0 -240.0 
-249.0 -263.0 
-254.0 -258.0 
-245.0 -266.0 
-272.0 -240.0 
-237.0 -275.0 
-259.0 -253.0 
-274.0 -238.0 
-266.0 -246.0 
-239.0 -273.0 
-266.0 -246.0 
-274.0 -238.0 
-259.0 -253.0 
-237.0 -275.0 
-269.0 -243.0 
-258.0 -254.0 
-254.0 -258.0 
-269.0 -243.0 
-250.0 -262.0 
-268.0 -244.0 
-251.0 -261.0 
-252.0 -260.0 
-267.0 -245.0 
-275.0 -237.0 
-275.0 -237.0 
-252.0 -260.0 
-268.0 -244.0 
-270.0 -241.0 
-250.0 -262.0 
