-323.0 -188.0 
-190.0 -322.0 
-289.0 -223.0 
-294.0 -217.0 
-317.0 -194.0 
-313.0 -198.0 
-219.0 -293.0 
-211.0 -301.0 
-262.0 -250.0 
-300.0 -211.0 
-310.0 -201.0 
-237.0 -275.0 
-296.0 -216.0 
-205.0 -307.0 
-308.0 -203.0 
-252.0 -259.0 
-299.0 -212.0 
-193.0 -319.0 
-316.0 -195.0 
-245.0 -267.0 
-199.0 -313.0 
-241.0 -271.0 
-306.0 -206.0 
-239.0 -273.0 
-196.0 -316.0 
-214.0 -298.0 
-234.0 -278.0 
-247.0 -265.0 
-216.0 -296.0 
-222.0 -290.0 
-258.0 -254.0 
-287.0 -224.0 
-229.0 -282.0 
-270.0 -242.0 
-251.0 -261.0 
-285.0 -226.0 
-266.0 -245.0 
-226.0 -286.0 
-255.0 -256.0 
-208.0 -304.0 
-284.0 -228.0 
-201.0 -311.0 
-281.0 -231.0 
-279.0 -232.0 
-282.0 -229.0 
-224.0 -288.0 
-208.0 -304.0 
-195.0 -317.0 
-259.0 -253.0 
-191.0 -321.0 
