-293.0 -218.0 
-225.0 -284.0 
-225.0 -284.0 
-293.0 -218.0 
-288.0 -224.0 
-288.0 -224.0 
-282.0 -230.0 
-275.0 -236.0 
-273.0 -239.0 
-279.0 -233.0 
-282.0 -230.0 
-229.0 -283.0 
-285.0 -227.0 
-273.0 -239.0 
-277.0 -234.0 
-271.0 -241.0 
-238.0 -274.0 
-233.0 -279.0 
-271.0 -241.0 
-238.0 -274.0 
-233.0 -279.0 
-275.0 -236.0 
-279.0 -233.0 
-285.0 -227.0 
-284.0 -228.0 
-264.0 -248.0 
-235.0 -277.0 
-240.0 -272.0 
-231.0 -281.0 
-236.0 -276.0 
-262.0 -250.0 
-269.0 -243.0 
-236.0 -276.0 
-269.0 -243.0 
-231.0 -281.0 
-262.0 -250.0 
-277.0 -234.0 
-264.0 -248.0 
-235.0 -277.0 
-240.0 -272.0 
-284.0 -228.0 
-229.0 -283.0 
-230.0 -282.0 
-259.0 -253.0 
-254.0 -258.0 
-265.0 -247.0 
-252.0 -260.0 
-246.0 -266.0 
-261.0 -251.0 
-266.0 -246.0 
-251.0 -261.0 
-250.0 -262.0 
-256.0 -256.0 
-248.0 -264.0 
-249.0 -263.0 
-268.0 -244.0 
-267.0 -245.0 
-257.0 -255.0 
-260.0 -252.0 
-241.0 -271.0 
-247.0 -265.0 
-255.0 -257.0 
-258.0 -254.0 
-253.0 -259.0 
-244.0 -268.0 
-243.0 -269.0 
-242.0 -270.0 
-245.0 -267.0 
-268.0 -244.0 
-247.0 -265.0 
-265.0 -247.0 
-257.0 -255.0 
-249.0 -263.0 
-250.0 -262.0 
-260.0 -252.0 
-253.0 -259.0 
-241.0 -271.0 
-243.0 -269.0 
-266.0 -246.0 
-244.0 -268.0 
-245.0 -267.0 
-252.0 -260.0 
-246.0 -266.0 
-230.0 -282.0 
-259.0 -253.0 
-254.0 -258.0 
-255.0 -257.0 
-261.0 -251.0 
-251.0 -261.0 
-256.0 -256.0 
-248.0 -264.0 
-258.0 -254.0 
-267.0 -245.0 
-242.0 -270.0 
-225.0 -284.0 
-293.0 -218.0 
-288.0 -224.0 
-282.0 -230.0 
-273.0 -239.0 
-275.0 -236.0 
-233.0 -279.0 
-271.0 -241.0 
-238.0 -274.0 
-279.0 -233.0 
-285.0 -227.0 
-269.0 -243.0 
-236.0 -276.0 
-262.0 -250.0 
-231.0 -281.0 
-235.0 -277.0 
-264.0 -248.0 
-240.0 -272.0 
-277.0 -234.0 
-284.0 -228.0 
-229.0 -283.0 
-257.0 -255.0 
-254.0 -258.0 
-251.0 -261.0 
-244.0 -268.0 
-268.0 -244.0 
-252.0 -260.0 
-247.0 -265.0 
-245.0 -267.0 
-250.0 -262.0 
-248.0 -264.0 
-265.0 -247.0 
-261.0 -251.0 
-249.0 -263.0 
-255.0 -257.0 
-259.0 -253.0 
-246.0 -266.0 
-256.0 -256.0 
-266.0 -246.0 
-253.0 -259.0 
-243.0 -269.0 
-267.0 -245.0 
-241.0 -271.0 
-260.0 -252.0 
-258.0 -254.0 
-242.0 -270.0 
-230.0 -282.0 
-293.0 -218.0 
-225.0 -284.0 
-288.0 -224.0 
-282.0 -230.0 
-273.0 -239.0 
-275.0 -236.0 
-238.0 -274.0 
-233.0 -279.0 
-271.0 -241.0 
-279.0 -233.0 
-285.0 -227.0 
-236.0 -276.0 
-262.0 -250.0 
-231.0 -281.0 
-269.0 -243.0 
-240.0 -272.0 
-284.0 -228.0 
-264.0 -248.0 
-277.0 -234.0 
-235.0 -277.0 
-229.0 -283.0 
-241.0 -271.0 
-257.0 -255.0 
-259.0 -253.0 
-246.0 -266.0 
-268.0 -244.0 
-242.0 -270.0 
-250.0 -262.0 
-255.0 -257.0 
-247.0 -265.0 
-261.0 -251.0 
-256.0 -256.0 
-260.0 -252.0 
-230.0 -282.0 
-267.0 -245.0 
-266.0 -246.0 
-244.0 -268.0 
-251.0 -261.0 
-245.0 -267.0 
-249.0 -263.0 
-254.0 -258.0 
-248.0 -264.0 
-258.0 -254.0 
-252.0 -260.0 
-265.0 -247.0 
-243.0 -269.0 
-253.0 -259.0 
-225.0 -284.0 
-293.0 -218.0 
-288.0 -224.0 
-282.0 -230.0 
-273.0 -239.0 
-233.0 -279.0 
-271.0 -241.0 
-238.0 -274.0 
-275.0 -236.0 
-279.0 -233.0 
-285.0 -227.0 
-262.0 -250.0 
-269.0 -243.0 
-236.0 -276.0 
-231.0 -281.0 
-235.0 -277.0 
-240.0 -272.0 
-284.0 -228.0 
-277.0 -234.0 
-264.0 -248.0 
-229.0 -283.0 
-245.0 -267.0 
-265.0 -247.0 
-242.0 -270.0 
-258.0 -254.0 
-259.0 -253.0 
-255.0 -257.0 
-268.0 -244.0 
-267.0 -245.0 
-247.0 -265.0 
-253.0 -259.0 
-244.0 -268.0 
-241.0 -271.0 
-249.0 -263.0 
-250.0 -262.0 
-261.0 -251.0 
-230.0 -282.0 
-251.0 -261.0 
-254.0 -258.0 
-257.0 -255.0 
-252.0 -260.0 
-246.0 -266.0 
-243.0 -269.0 
-256.0 -256.0 
-248.0 -264.0 
-260.0 -252.0 
-266.0 -246.0 
-225.0 -284.0 
-293.0 -218.0 
-288.0 -224.0 
-282.0 -230.0 
-273.0 -239.0 
-275.0 -236.0 
-233.0 -279.0 
-271.0 -241.0 
-238.0 -274.0 
-279.0 -233.0 
-285.0 -227.0 
-231.0 -281.0 
-269.0 -243.0 
-236.0 -276.0 
-262.0 -250.0 
