-278.0 -234.0 
-230.0 -282.0 
-230.0 -282.0 
-278.0 -234.0 
-234.0 -278.0 
-234.0 -278.0 
-239.0 -273.0 
-239.0 -273.0 
-232.0 -280.0 
-232.0 -280.0 
-250.0 -262.0 
-247.0 -265.0 
-260.0 -252.0 
-262.0 -250.0 
-248.0 -264.0 
-258.0 -254.0 
-245.0 -267.0 
-273.0 -239.0 
-256.0 -256.0 
-271.0 -241.0 
-271.0 -241.0 
-245.0 -267.0 
-258.0 -254.0 
-248.0 -264.0 
-262.0 -250.0 
-256.0 -256.0 
-260.0 -252.0 
-247.0 -265.0 
-273.0 -239.0 
-250.0 -262.0 
-274.0 -238.0 
-252.0 -260.0 
-264.0 -248.0 
-254.0 -258.0 
-251.0 -261.0 
-268.0 -244.0 
-269.0 -243.0 
-259.0 -253.0 
-240.0 -272.0 
-243.0 -269.0 
-263.0 -249.0 
-253.0 -259.0 
-255.0 -257.0 
-275.0 -237.0 
-266.0 -246.0 
-265.0 -247.0 
-244.0 -268.0 
-241.0 -271.0 
-242.0 -270.0 
-277.0 -235.0 
-276.0 -236.0 
-267.0 -245.0 
-270.0 -242.0 
-244.0 -268.0 
-276.0 -236.0 
-255.0 -257.0 
-240.0 -272.0 
-251.0 -261.0 
-253.0 -259.0 
-275.0 -237.0 
-263.0 -249.0 
-254.0 -258.0 
-269.0 -243.0 
-274.0 -238.0 
-265.0 -247.0 
-266.0 -246.0 
-268.0 -244.0 
-259.0 -253.0 
-270.0 -242.0 
-242.0 -270.0 
-264.0 -248.0 
-252.0 -260.0 
-267.0 -245.0 
-243.0 -269.0 
-277.0 -235.0 
-241.0 -271.0 
-278.0 -234.0 
-230.0 -282.0 
-234.0 -278.0 
-239.0 -273.0 
-232.0 -280.0 
-250.0 -262.0 
-260.0 -252.0 
-271.0 -241.0 
-262.0 -250.0 
-258.0 -254.0 
-245.0 -267.0 
-256.0 -256.0 
-247.0 -265.0 
-248.0 -264.0 
-273.0 -239.0 
-269.0 -243.0 
-241.0 -271.0 
-240.0 -272.0 
-265.0 -247.0 
-274.0 -238.0 
-268.0 -244.0 
-253.0 -259.0 
-244.0 -268.0 
-254.0 -258.0 
-251.0 -261.0 
-267.0 -245.0 
-255.0 -257.0 
-266.0 -246.0 
-242.0 -270.0 
-270.0 -242.0 
-243.0 -269.0 
-259.0 -253.0 
-276.0 -236.0 
-263.0 -249.0 
-277.0 -235.0 
-252.0 -260.0 
-264.0 -248.0 
-275.0 -237.0 
-230.0 -282.0 
-278.0 -234.0 
-234.0 -278.0 
-239.0 -273.0 
-232.0 -280.0 
-250.0 -262.0 
-273.0 -239.0 
-248.0 -264.0 
-262.0 -250.0 
-258.0 -254.0 
-247.0 -265.0 
-245.0 -267.0 
-271.0 -241.0 
-260.0 -252.0 
-256.0 -256.0 
-254.0 -258.0 
-266.0 -246.0 
-265.0 -247.0 
-251.0 -261.0 
-241.0 -271.0 
-275.0 -237.0 
-276.0 -236.0 
-255.0 -257.0 
-264.0 -248.0 
-267.0 -245.0 
-243.0 -269.0 
-269.0 -243.0 
-253.0 -259.0 
-252.0 -260.0 
-263.0 -249.0 
-259.0 -253.0 
-277.0 -235.0 
-240.0 -272.0 
-268.0 -244.0 
-270.0 -242.0 
-242.0 -270.0 
