-283.0 -229.0 
-229.0 -282.0 
-283.0 -229.0 
-229.0 -282.0 
-236.0 -275.0 
-236.0 -275.0 
-238.0 -274.0 
-281.0 -231.0 
-242.0 -270.0 
-277.0 -235.0 
-238.0 -274.0 
-277.0 -235.0 
-242.0 -270.0 
-281.0 -231.0 
-266.0 -246.0 
-263.0 -249.0 
-263.0 -249.0 
-266.0 -246.0 
-274.0 -238.0 
-271.0 -241.0 
-246.0 -266.0 
-269.0 -243.0 
-244.0 -268.0 
-272.0 -240.0 
-272.0 -240.0 
-244.0 -268.0 
-269.0 -243.0 
-246.0 -266.0 
-271.0 -241.0 
-274.0 -238.0 
-252.0 -260.0 
-267.0 -245.0 
-276.0 -236.0 
-256.0 -256.0 
-261.0 -251.0 
-258.0 -254.0 
-251.0 -261.0 
-247.0 -265.0 
-250.0 -262.0 
-243.0 -269.0 
-262.0 -250.0 
-254.0 -258.0 
-255.0 -257.0 
-260.0 -252.0 
-257.0 -255.0 
-268.0 -244.0 
-259.0 -253.0 
-253.0 -259.0 
-248.0 -264.0 
-282.0 -230.0 
-275.0 -237.0 
-249.0 -263.0 
-275.0 -237.0 
-260.0 -252.0 
-255.0 -257.0 
-258.0 -254.0 
-268.0 -244.0 
-252.0 -260.0 
-257.0 -255.0 
-261.0 -251.0 
-282.0 -230.0 
-267.0 -245.0 
-256.0 -256.0 
-254.0 -258.0 
-251.0 -261.0 
-250.0 -262.0 
-276.0 -236.0 
-262.0 -250.0 
-259.0 -253.0 
-253.0 -259.0 
-248.0 -264.0 
-249.0 -263.0 
-243.0 -269.0 
-247.0 -265.0 
-283.0 -229.0 
-229.0 -282.0 
-236.0 -275.0 
-238.0 -274.0 
-277.0 -235.0 
-281.0 -231.0 
-242.0 -270.0 
-263.0 -249.0 
-266.0 -246.0 
-244.0 -268.0 
-272.0 -240.0 
-269.0 -243.0 
-246.0 -266.0 
-274.0 -238.0 
-271.0 -241.0 
-260.0 -252.0 
-282.0 -230.0 
-254.0 -258.0 
-276.0 -236.0 
-255.0 -257.0 
-267.0 -245.0 
-268.0 -244.0 
-250.0 -262.0 
-247.0 -265.0 
-256.0 -256.0 
-262.0 -250.0 
-253.0 -259.0 
-275.0 -237.0 
-249.0 -263.0 
-261.0 -251.0 
-248.0 -264.0 
-251.0 -261.0 
-257.0 -255.0 
-259.0 -253.0 
-252.0 -260.0 
-258.0 -254.0 
-243.0 -269.0 
-229.0 -282.0 
-283.0 -229.0 
-236.0 -275.0 
-238.0 -274.0 
-277.0 -235.0 
-242.0 -270.0 
-281.0 -231.0 
-263.0 -249.0 
-266.0 -246.0 
-272.0 -240.0 
-269.0 -243.0 
-244.0 -268.0 
-274.0 -238.0 
-246.0 -266.0 
-271.0 -241.0 
-268.0 -244.0 
-261.0 -251.0 
-257.0 -255.0 
-275.0 -237.0 
-255.0 -257.0 
-260.0 -252.0 
-258.0 -254.0 
-256.0 -256.0 
-254.0 -258.0 
-282.0 -230.0 
-252.0 -260.0 
-243.0 -269.0 
-262.0 -250.0 
-276.0 -236.0 
-253.0 -259.0 
-250.0 -262.0 
-248.0 -264.0 
-259.0 -253.0 
-267.0 -245.0 
-251.0 -261.0 
-249.0 -263.0 
-247.0 -265.0 
-283.0 -229.0 
-229.0 -282.0 
