-222.0 -290.0 
-293.0 -216.0 
-222.0 -290.0 
-287.0 -225.0 
-292.0 -219.0 
-242.0 -270.0 
-238.0 -274.0 
-225.0 -286.0 
-229.0 -283.0 
-282.0 -230.0 
-252.0 -260.0 
-223.0 -289.0 
-268.0 -244.0 
-285.0 -227.0 
-278.0 -233.0 
-244.0 -268.0 
-275.0 -237.0 
-270.0 -242.0 
-284.0 -228.0 
-233.0 -279.0 
-254.0 -258.0 
-277.0 -235.0 
-249.0 -263.0 
-234.0 -278.0 
-236.0 -276.0 
-264.0 -248.0 
-272.0 -240.0 
-231.0 -281.0 
-231.0 -281.0 
-276.0 -236.0 
-237.0 -275.0 
-271.0 -241.0 
-235.0 -277.0 
-243.0 -269.0 
-227.0 -285.0 
-259.0 -253.0 
-280.0 -232.0 
-267.0 -245.0 
-264.0 -248.0 
-257.0 -255.0 
-280.0 -232.0 
-273.0 -239.0 
-262.0 -250.0 
-227.0 -285.0 
-266.0 -246.0 
-246.0 -266.0 
-250.0 -262.0 
-266.0 -246.0 
-246.0 -266.0 
-262.0 -250.0 
