-233.0 -279.0 
-279.0 -233.0 
-279.0 -233.0 
-233.0 -279.0 
-243.0 -263.0 
-242.0 -269.0 
-272.0 -240.0 
-272.0 -240.0 
-250.0 -262.0 
-237.0 -274.0 
-242.0 -269.0 
-237.0 -274.0 
-255.0 -256.0 
-261.0 -249.0 
-264.0 -247.0 
-236.0 -276.0 
-267.0 -245.0 
-264.0 -247.0 
-236.0 -276.0 
-267.0 -245.0 
-269.0 -243.0 
-269.0 -243.0 
-253.0 -259.0 
-253.0 -259.0 
-271.0 -241.0 
-260.0 -251.0 
-259.0 -253.0 
-260.0 -251.0 
-271.0 -241.0 
-255.0 -256.0 
-257.0 -255.0 
-261.0 -249.0 
-250.0 -262.0 
-259.0 -253.0 
-257.0 -255.0 
-258.0 -254.0 
-252.0 -260.0 
-251.0 -261.0 
-252.0 -260.0 
-243.0 -263.0 
-251.0 -261.0 
-258.0 -254.0 
-233.0 -279.0 
-279.0 -233.0 
-272.0 -240.0 
-242.0 -269.0 
-237.0 -274.0 
-264.0 -247.0 
-267.0 -245.0 
-236.0 -276.0 
