-288.0 -224.0 
-229.0 -283.0 
-229.0 -283.0 
-288.0 -224.0 
-237.0 -275.0 
-237.0 -275.0 
-275.0 -235.0 
-285.0 -225.0 
-283.0 -229.0 
-279.0 -233.0 
-240.0 -272.0 
-240.0 -272.0 
-283.0 -229.0 
-279.0 -233.0 
-281.0 -231.0 
-274.0 -238.0 
-281.0 -231.0 
-268.0 -244.0 
-242.0 -270.0 
-270.0 -242.0 
-268.0 -244.0 
-285.0 -225.0 
-275.0 -235.0 
-242.0 -270.0 
-270.0 -242.0 
-274.0 -238.0 
-258.0 -254.0 
-255.0 -257.0 
-245.0 -267.0 
-264.0 -248.0 
-262.0 -250.0 
-253.0 -259.0 
-261.0 -251.0 
-267.0 -245.0 
-247.0 -265.0 
-244.0 -268.0 
-248.0 -264.0 
-263.0 -249.0 
-260.0 -252.0 
-265.0 -247.0 
-254.0 -258.0 
-246.0 -266.0 
-273.0 -239.0 
-259.0 -253.0 
-271.0 -241.0 
-243.0 -269.0 
-252.0 -260.0 
-249.0 -263.0 
-272.0 -240.0 
-266.0 -246.0 
-251.0 -261.0 
-257.0 -255.0 
-250.0 -262.0 
-256.0 -256.0 
-246.0 -266.0 
-256.0 -256.0 
-272.0 -240.0 
-273.0 -239.0 
-261.0 -251.0 
-260.0 -252.0 
-255.0 -257.0 
-264.0 -248.0 
-267.0 -245.0 
-247.0 -265.0 
-271.0 -241.0 
-262.0 -250.0 
-265.0 -247.0 
-266.0 -246.0 
-249.0 -263.0 
-258.0 -254.0 
-250.0 -262.0 
-243.0 -269.0 
-244.0 -268.0 
-252.0 -260.0 
-259.0 -253.0 
-251.0 -261.0 
-263.0 -249.0 
-253.0 -259.0 
-245.0 -267.0 
-257.0 -255.0 
-254.0 -258.0 
-248.0 -264.0 
-229.0 -283.0 
-288.0 -224.0 
-237.0 -275.0 
-240.0 -272.0 
-279.0 -233.0 
-283.0 -229.0 
-281.0 -231.0 
-285.0 -225.0 
-270.0 -242.0 
-275.0 -235.0 
-268.0 -244.0 
-242.0 -270.0 
-274.0 -238.0 
-246.0 -266.0 
-245.0 -267.0 
-261.0 -251.0 
-251.0 -261.0 
-243.0 -269.0 
-249.0 -263.0 
-263.0 -249.0 
-272.0 -240.0 
-254.0 -258.0 
-244.0 -268.0 
-273.0 -239.0 
-264.0 -248.0 
-260.0 -252.0 
-256.0 -256.0 
-252.0 -260.0 
-266.0 -246.0 
-258.0 -254.0 
-265.0 -247.0 
-253.0 -259.0 
-257.0 -255.0 
-267.0 -245.0 
-259.0 -253.0 
-250.0 -262.0 
-247.0 -265.0 
-271.0 -241.0 
-248.0 -264.0 
-262.0 -250.0 
-255.0 -257.0 
-229.0 -283.0 
-288.0 -224.0 
-237.0 -275.0 
-240.0 -272.0 
-283.0 -229.0 
-279.0 -233.0 
-281.0 -231.0 
-270.0 -242.0 
-275.0 -235.0 
-268.0 -244.0 
-285.0 -225.0 
-242.0 -270.0 
-274.0 -238.0 
-264.0 -248.0 
-245.0 -267.0 
-272.0 -240.0 
-254.0 -258.0 
-248.0 -264.0 
-262.0 -250.0 
-256.0 -256.0 
-263.0 -249.0 
-257.0 -255.0 
-259.0 -253.0 
-267.0 -245.0 
-252.0 -260.0 
-249.0 -263.0 
-250.0 -262.0 
