-198.0 -312.0 
-323.0 -189.0 
-260.0 -252.0 
-207.0 -305.0 
-310.0 -202.0 
-200.0 -310.0 
-310.0 -202.0 
-262.0 -250.0 
-300.0 -212.0 
-235.0 -277.0 
-253.0 -259.0 
-253.0 -259.0 
-284.0 -228.0 
-265.0 -247.0 
-303.0 -209.0 
-306.0 -206.0 
-277.0 -235.0 
-271.0 -241.0 
-251.0 -261.0 
-249.0 -263.0 
-292.0 -220.0 
-289.0 -223.0 
-297.0 -215.0 
-212.0 -300.0 
-281.0 -231.0 
-279.0 -233.0 
-288.0 -224.0 
-222.0 -290.0 
-218.0 -294.0 
-269.0 -243.0 
-228.0 -284.0 
-215.0 -297.0 
-245.0 -267.0 
-214.0 -298.0 
-240.0 -272.0 
-286.0 -226.0 
-231.0 -281.0 
-224.0 -288.0 
-210.0 -302.0 
-224.0 -288.0 
-210.0 -302.0 
-231.0 -281.0 
-239.0 -273.0 
-227.0 -285.0 
-236.0 -276.0 
-242.0 -270.0 
-293.0 -219.0 
-285.0 -227.0 
-309.0 -203.0 
-267.0 -245.0 
