-278.0 -233.0 
-236.0 -276.0 
-278.0 -233.0 
-236.0 -276.0 
-243.0 -267.0 
-241.0 -271.0 
-277.0 -234.0 
-273.0 -239.0 
-273.0 -239.0 
-277.0 -234.0 
-241.0 -271.0 
-238.0 -274.0 
-246.0 -266.0 
-261.0 -251.0 
-259.0 -253.0 
-269.0 -243.0 
-259.0 -253.0 
-269.0 -243.0 
-261.0 -251.0 
-238.0 -274.0 
-257.0 -255.0 
-267.0 -245.0 
-247.0 -265.0 
-249.0 -263.0 
-271.0 -241.0 
-263.0 -249.0 
-243.0 -267.0 
-271.0 -241.0 
-263.0 -249.0 
-249.0 -263.0 
-257.0 -255.0 
-247.0 -265.0 
-267.0 -245.0 
-246.0 -266.0 
-264.0 -248.0 
-250.0 -262.0 
-253.0 -259.0 
-251.0 -261.0 
-237.0 -275.0 
-255.0 -257.0 
-266.0 -246.0 
-252.0 -260.0 
-272.0 -240.0 
-265.0 -247.0 
-254.0 -258.0 
-256.0 -256.0 
-264.0 -248.0 
-266.0 -246.0 
-252.0 -260.0 
-256.0 -256.0 
-251.0 -261.0 
-253.0 -259.0 
-255.0 -257.0 
-237.0 -275.0 
-265.0 -247.0 
-272.0 -240.0 
-254.0 -258.0 
-250.0 -262.0 
-236.0 -276.0 
-278.0 -233.0 
-273.0 -239.0 
-277.0 -234.0 
-241.0 -271.0 
-261.0 -251.0 
-269.0 -243.0 
-259.0 -253.0 
-238.0 -274.0 
-243.0 -267.0 
-249.0 -263.0 
-263.0 -249.0 
-271.0 -241.0 
-267.0 -245.0 
-257.0 -255.0 
-247.0 -265.0 
-246.0 -266.0 
-256.0 -256.0 
-251.0 -261.0 
-255.0 -257.0 
-237.0 -275.0 
-266.0 -246.0 
-253.0 -259.0 
-265.0 -247.0 
-252.0 -260.0 
-272.0 -240.0 
-264.0 -248.0 
-250.0 -262.0 
-254.0 -258.0 
-236.0 -276.0 
-278.0 -233.0 
-273.0 -239.0 
-277.0 -234.0 
-241.0 -271.0 
-259.0 -253.0 
-261.0 -251.0 
-269.0 -243.0 
-238.0 -274.0 
-243.0 -267.0 
-249.0 -263.0 
-271.0 -241.0 
-263.0 -249.0 
