-221.0 -290.0 
-288.0 -224.0 
-221.0 -290.0 
-288.0 -224.0 
-229.0 -283.0 
-230.0 -278.0 
-235.0 -277.0 
-229.0 -283.0 
-282.0 -230.0 
-282.0 -230.0 
-281.0 -231.0 
-239.0 -273.0 
-277.0 -235.0 
-235.0 -277.0 
-277.0 -235.0 
-239.0 -273.0 
-281.0 -231.0 
-269.0 -243.0 
-266.0 -246.0 
-266.0 -246.0 
-269.0 -243.0 
-272.0 -240.0 
-270.0 -242.0 
-270.0 -242.0 
-272.0 -240.0 
-250.0 -262.0 
-245.0 -267.0 
-263.0 -249.0 
-240.0 -272.0 
-249.0 -263.0 
-247.0 -265.0 
-275.0 -237.0 
-265.0 -247.0 
-243.0 -269.0 
-244.0 -268.0 
-255.0 -257.0 
-258.0 -254.0 
-253.0 -259.0 
-248.0 -264.0 
-251.0 -261.0 
-254.0 -258.0 
-259.0 -253.0 
-257.0 -255.0 
-252.0 -260.0 
-246.0 -266.0 
-260.0 -252.0 
-273.0 -239.0 
-274.0 -238.0 
-264.0 -248.0 
-261.0 -251.0 
-242.0 -270.0 
-262.0 -250.0 
-256.0 -256.0 
-276.0 -236.0 
-241.0 -271.0 
-240.0 -272.0 
-246.0 -266.0 
-252.0 -260.0 
-263.0 -249.0 
-257.0 -255.0 
-265.0 -247.0 
-244.0 -268.0 
-230.0 -278.0 
-242.0 -270.0 
-274.0 -238.0 
-261.0 -251.0 
-273.0 -239.0 
-255.0 -257.0 
-248.0 -264.0 
-243.0 -269.0 
-264.0 -248.0 
-260.0 -252.0 
-275.0 -237.0 
-276.0 -236.0 
-247.0 -265.0 
-241.0 -271.0 
-254.0 -258.0 
-262.0 -250.0 
-251.0 -261.0 
-249.0 -263.0 
-259.0 -253.0 
-256.0 -256.0 
-253.0 -259.0 
-245.0 -267.0 
-250.0 -262.0 
-258.0 -254.0 
-221.0 -290.0 
-288.0 -224.0 
-229.0 -283.0 
-282.0 -230.0 
-235.0 -277.0 
-277.0 -235.0 
-239.0 -273.0 
-281.0 -231.0 
-266.0 -246.0 
-269.0 -243.0 
-270.0 -242.0 
-272.0 -240.0 
-261.0 -251.0 
-260.0 -252.0 
-249.0 -263.0 
-245.0 -267.0 
-263.0 -249.0 
-255.0 -257.0 
-243.0 -269.0 
-257.0 -255.0 
-247.0 -265.0 
-275.0 -237.0 
-258.0 -254.0 
-273.0 -239.0 
-244.0 -268.0 
-276.0 -236.0 
-256.0 -256.0 
-264.0 -248.0 
-253.0 -259.0 
-265.0 -247.0 
-274.0 -238.0 
-262.0 -250.0 
-246.0 -266.0 
-240.0 -272.0 
-248.0 -264.0 
-241.0 -271.0 
-230.0 -278.0 
-252.0 -260.0 
-251.0 -261.0 
-250.0 -262.0 
-259.0 -253.0 
-254.0 -258.0 
-242.0 -270.0 
-221.0 -290.0 
-288.0 -224.0 
-229.0 -283.0 
-282.0 -230.0 
-235.0 -277.0 
-277.0 -235.0 
-239.0 -273.0 
-281.0 -231.0 
-266.0 -246.0 
-269.0 -243.0 
-270.0 -242.0 
-272.0 -240.0 
-247.0 -265.0 
-255.0 -257.0 
-243.0 -269.0 
-256.0 -256.0 
-242.0 -270.0 
-240.0 -272.0 
-259.0 -253.0 
-253.0 -259.0 
-258.0 -254.0 
-263.0 -249.0 
-241.0 -271.0 
-252.0 -260.0 
-262.0 -250.0 
-249.0 -263.0 
-254.0 -258.0 
-260.0 -252.0 
-251.0 -261.0 
-246.0 -266.0 
-244.0 -268.0 
-275.0 -237.0 
-245.0 -267.0 
-248.0 -264.0 
-265.0 -247.0 
-230.0 -278.0 
-261.0 -251.0 
-264.0 -248.0 
-250.0 -262.0 
-257.0 -255.0 
-273.0 -239.0 
-276.0 -236.0 
-274.0 -238.0 
-221.0 -290.0 
-288.0 -224.0 
-229.0 -283.0 
-282.0 -230.0 
-235.0 -277.0 
-277.0 -235.0 
-239.0 -273.0 
-281.0 -231.0 
-266.0 -246.0 
-269.0 -243.0 
-270.0 -242.0 
-272.0 -240.0 
-258.0 -254.0 
-262.0 -250.0 
-253.0 -259.0 
-255.0 -257.0 
-261.0 -251.0 
-245.0 -267.0 
-276.0 -236.0 
-275.0 -237.0 
-264.0 -248.0 
-274.0 -238.0 
-273.0 -239.0 
-265.0 -247.0 
-256.0 -256.0 
-252.0 -260.0 
-242.0 -270.0 
-241.0 -271.0 
