-237.0 -275.0 
-288.0 -224.0 
-288.0 -224.0 
-237.0 -275.0 
-283.0 -229.0 
-261.0 -251.0 
-266.0 -246.0 
-283.0 -229.0 
-280.0 -232.0 
-242.0 -270.0 
-242.0 -270.0 
-280.0 -232.0 
-277.0 -235.0 
-245.0 -267.0 
-264.0 -248.0 
-276.0 -236.0 
-270.0 -242.0 
-264.0 -248.0 
-245.0 -267.0 
-277.0 -235.0 
-251.0 -261.0 
-255.0 -257.0 
-257.0 -255.0 
-273.0 -239.0 
-259.0 -253.0 
-248.0 -264.0 
-249.0 -263.0 
-282.0 -230.0 
-269.0 -243.0 
-267.0 -245.0 
-240.0 -272.0 
-239.0 -273.0 
-246.0 -266.0 
-267.0 -245.0 
-262.0 -250.0 
-269.0 -243.0 
-248.0 -264.0 
-271.0 -241.0 
-271.0 -241.0 
-259.0 -253.0 
-273.0 -239.0 
-249.0 -263.0 
-257.0 -255.0 
-240.0 -272.0 
-282.0 -230.0 
-239.0 -273.0 
-246.0 -266.0 
-262.0 -250.0 
-255.0 -257.0 
-251.0 -261.0 
