-227.0 -284.0 
-291.0 -220.0 
-227.0 -284.0 
-291.0 -220.0 
-280.0 -231.0 
-280.0 -231.0 
-276.0 -236.0 
-276.0 -236.0 
-238.0 -274.0 
-235.0 -277.0 
-238.0 -274.0 
-235.0 -277.0 
-232.0 -280.0 
-250.0 -262.0 
-250.0 -262.0 
-232.0 -280.0 
-273.0 -239.0 
-263.0 -249.0 
-253.0 -259.0 
-241.0 -271.0 
-241.0 -271.0 
-253.0 -259.0 
-263.0 -249.0 
-273.0 -239.0 
-270.0 -242.0 
-230.0 -282.0 
-265.0 -247.0 
-246.0 -266.0 
-248.0 -264.0 
-244.0 -268.0 
-272.0 -240.0 
-261.0 -251.0 
-248.0 -264.0 
-261.0 -251.0 
-230.0 -282.0 
-246.0 -266.0 
-244.0 -268.0 
-272.0 -240.0 
-270.0 -242.0 
-265.0 -247.0 
-229.0 -283.0 
-229.0 -283.0 
-256.0 -256.0 
-243.0 -269.0 
-268.0 -244.0 
-269.0 -243.0 
-254.0 -258.0 
-259.0 -253.0 
-260.0 -252.0 
-258.0 -254.0 
-242.0 -270.0 
-266.0 -246.0 
-255.0 -257.0 
-247.0 -265.0 
-257.0 -255.0 
-267.0 -245.0 
-267.0 -245.0 
-243.0 -269.0 
-255.0 -257.0 
-266.0 -246.0 
-256.0 -256.0 
-254.0 -258.0 
-242.0 -270.0 
-247.0 -265.0 
-269.0 -243.0 
-258.0 -254.0 
-268.0 -244.0 
-259.0 -253.0 
-260.0 -252.0 
-257.0 -255.0 
-227.0 -284.0 
-291.0 -220.0 
-280.0 -231.0 
-276.0 -236.0 
-238.0 -274.0 
-235.0 -277.0 
-250.0 -262.0 
-232.0 -280.0 
-241.0 -271.0 
-273.0 -239.0 
-253.0 -259.0 
-263.0 -249.0 
-246.0 -266.0 
-272.0 -240.0 
-244.0 -268.0 
-230.0 -282.0 
-270.0 -242.0 
-265.0 -247.0 
-261.0 -251.0 
-248.0 -264.0 
-229.0 -283.0 
-242.0 -270.0 
-254.0 -258.0 
-255.0 -257.0 
-257.0 -255.0 
-268.0 -244.0 
-243.0 -269.0 
-247.0 -265.0 
-260.0 -252.0 
-259.0 -253.0 
