-211.0 -301.0 
-312.0 -200.0 
-302.0 -210.0 
-263.0 -249.0 
-287.0 -225.0 
-289.0 -223.0 
-220.0 -292.0 
-217.0 -295.0 
-229.0 -283.0 
-267.0 -245.0 
-278.0 -234.0 
-278.0 -234.0 
-258.0 -254.0 
-258.0 -254.0 
-213.0 -299.0 
-255.0 -257.0 
-233.0 -279.0 
-294.0 -218.0 
-266.0 -246.0 
-241.0 -271.0 
-246.0 -266.0 
-248.0 -264.0 
-235.0 -277.0 
-214.0 -298.0 
-241.0 -271.0 
-291.0 -221.0 
-257.0 -255.0 
-244.0 -268.0 
-284.0 -228.0 
-274.0 -238.0 
-274.0 -238.0 
-298.0 -214.0 
-298.0 -214.0 
-284.0 -228.0 
-244.0 -268.0 
-281.0 -231.0 
-227.0 -285.0 
-238.0 -274.0 
-295.0 -217.0 
-295.0 -217.0 
-301.0 -211.0 
-236.0 -276.0 
-254.0 -258.0 
-227.0 -285.0 
-238.0 -274.0 
-221.0 -291.0 
-270.0 -242.0 
-270.0 -242.0 
-281.0 -231.0 
-253.0 -259.0 
