-208.0 -304.0 
-300.0 -212.0 
-295.0 -217.0 
-214.0 -298.0 
-214.0 -298.0 
-222.0 -290.0 
-284.0 -228.0 
-292.0 -220.0 
-261.0 -251.0 
-220.0 -292.0 
-220.0 -292.0 
-228.0 -284.0 
-259.0 -253.0 
-280.0 -232.0 
-289.0 -223.0 
-291.0 -221.0 
-226.0 -286.0 
-246.0 -266.0 
-270.0 -242.0 
-238.0 -274.0 
-271.0 -241.0 
-236.0 -276.0 
-244.0 -268.0 
-255.0 -257.0 
-257.0 -255.0 
-241.0 -271.0 
-266.0 -246.0 
-239.0 -273.0 
-263.0 -249.0 
-283.0 -229.0 
-287.0 -225.0 
-250.0 -262.0 
-288.0 -224.0 
-225.0 -287.0 
-276.0 -236.0 
-277.0 -235.0 
-243.0 -269.0 
-247.0 -265.0 
-251.0 -261.0 
-225.0 -287.0 
-249.0 -263.0 
-287.0 -225.0 
-282.0 -230.0 
-281.0 -231.0 
-231.0 -281.0 
-232.0 -280.0 
-273.0 -239.0 
-278.0 -234.0 
-264.0 -248.0 
-264.0 -248.0 
