-228.0 -283.0 
-286.0 -225.0 
-286.0 -225.0 
-228.0 -283.0 
-239.0 -273.0 
-239.0 -273.0 
-284.0 -228.0 
-232.0 -280.0 
-284.0 -228.0 
-232.0 -280.0 
-278.0 -234.0 
-278.0 -234.0 
-269.0 -243.0 
-242.0 -270.0 
-272.0 -240.0 
-230.0 -281.0 
-259.0 -253.0 
-262.0 -250.0 
-269.0 -243.0 
-262.0 -250.0 
-259.0 -253.0 
-242.0 -270.0 
-272.0 -240.0 
-246.0 -265.0 
-257.0 -255.0 
-255.0 -257.0 
-244.0 -267.0 
-276.0 -236.0 
-248.0 -264.0 
-243.0 -269.0 
-230.0 -281.0 
-276.0 -236.0 
-255.0 -257.0 
-257.0 -255.0 
-248.0 -264.0 
-243.0 -269.0 
-275.0 -237.0 
-265.0 -247.0 
-273.0 -239.0 
-264.0 -248.0 
-258.0 -254.0 
-251.0 -261.0 
-253.0 -259.0 
-252.0 -260.0 
-266.0 -246.0 
-263.0 -249.0 
-254.0 -258.0 
-245.0 -266.0 
-267.0 -245.0 
-249.0 -263.0 
-274.0 -238.0 
-250.0 -262.0 
-268.0 -244.0 
-253.0 -259.0 
-251.0 -261.0 
-263.0 -249.0 
-266.0 -246.0 
-254.0 -258.0 
-249.0 -263.0 
-244.0 -267.0 
-252.0 -260.0 
-273.0 -239.0 
-267.0 -245.0 
-245.0 -266.0 
-265.0 -247.0 
-275.0 -237.0 
-268.0 -244.0 
-258.0 -254.0 
-246.0 -265.0 
-264.0 -248.0 
-274.0 -238.0 
-250.0 -262.0 
-286.0 -225.0 
-228.0 -283.0 
-239.0 -273.0 
-284.0 -228.0 
-232.0 -280.0 
-278.0 -234.0 
-272.0 -240.0 
-269.0 -243.0 
-259.0 -253.0 
-242.0 -270.0 
-262.0 -250.0 
-276.0 -236.0 
-257.0 -255.0 
-230.0 -281.0 
-255.0 -257.0 
-243.0 -269.0 
-248.0 -264.0 
-245.0 -266.0 
-264.0 -248.0 
-252.0 -260.0 
-274.0 -238.0 
-251.0 -261.0 
-253.0 -259.0 
-244.0 -267.0 
-273.0 -239.0 
-263.0 -249.0 
-268.0 -244.0 
-275.0 -237.0 
