-308.0 -204.0 
-208.0 -304.0 
-308.0 -204.0 
-219.0 -293.0 
-277.0 -235.0 
-254.0 -258.0 
-283.0 -229.0 
-257.0 -255.0 
-248.0 -264.0 
-252.0 -260.0 
-229.0 -283.0 
-226.0 -286.0 
-288.0 -224.0 
-226.0 -286.0 
-288.0 -224.0 
-214.0 -298.0 
-214.0 -298.0 
-304.0 -208.0 
-231.0 -281.0 
-297.0 -215.0 
-299.0 -213.0 
-273.0 -239.0 
-221.0 -291.0 
-280.0 -232.0 
-262.0 -250.0 
-234.0 -278.0 
-233.0 -279.0 
-304.0 -208.0 
-280.0 -232.0 
-273.0 -239.0 
-292.0 -220.0 
-300.0 -212.0 
-211.0 -301.0 
-266.0 -246.0 
-222.0 -290.0 
-222.0 -290.0 
-211.0 -301.0 
-266.0 -246.0 
-300.0 -212.0 
-292.0 -220.0 
-244.0 -268.0 
-238.0 -274.0 
-261.0 -251.0 
-293.0 -219.0 
-236.0 -276.0 
-259.0 -253.0 
-285.0 -227.0 
-264.0 -248.0 
-250.0 -262.0 
-250.0 -262.0 
