-304.0 -206.0 
-234.0 -278.0 
-234.0 -278.0 
-304.0 -206.0 
-288.0 -224.0 
-288.0 -224.0 
-280.0 -232.0 
-280.0 -232.0 
-277.0 -235.0 
-238.0 -274.0 
-238.0 -274.0 
-277.0 -235.0 
-266.0 -246.0 
-241.0 -271.0 
-269.0 -243.0 
-271.0 -240.0 
-275.0 -237.0 
-236.0 -276.0 
-275.0 -237.0 
-236.0 -276.0 
-273.0 -239.0 
-269.0 -243.0 
-241.0 -271.0 
-266.0 -246.0 
-273.0 -239.0 
-248.0 -264.0 
-245.0 -267.0 
-255.0 -257.0 
-250.0 -262.0 
-257.0 -255.0 
-247.0 -265.0 
-250.0 -262.0 
-257.0 -255.0 
-247.0 -265.0 
-248.0 -264.0 
-270.0 -242.0 
-245.0 -267.0 
-255.0 -257.0 
-270.0 -242.0 
-242.0 -270.0 
-253.0 -259.0 
-258.0 -254.0 
-263.0 -249.0 
-265.0 -247.0 
-254.0 -258.0 
-252.0 -260.0 
-260.0 -252.0 
-264.0 -248.0 
-261.0 -251.0 
-251.0 -261.0 
-244.0 -268.0 
-243.0 -269.0 
-262.0 -250.0 
-259.0 -253.0 
-252.0 -260.0 
-261.0 -251.0 
-271.0 -240.0 
-260.0 -252.0 
-251.0 -261.0 
-253.0 -259.0 
-259.0 -253.0 
-264.0 -248.0 
-242.0 -270.0 
-263.0 -249.0 
-265.0 -247.0 
-244.0 -268.0 
-258.0 -254.0 
-262.0 -250.0 
-254.0 -258.0 
-243.0 -269.0 
-234.0 -278.0 
-304.0 -206.0 
-288.0 -224.0 
-280.0 -232.0 
-238.0 -274.0 
-277.0 -235.0 
-275.0 -237.0 
-236.0 -276.0 
-269.0 -243.0 
-241.0 -271.0 
-266.0 -246.0 
-273.0 -239.0 
-247.0 -265.0 
-257.0 -255.0 
-250.0 -262.0 
-245.0 -267.0 
-255.0 -257.0 
-248.0 -264.0 
-270.0 -242.0 
-251.0 -261.0 
-271.0 -240.0 
-264.0 -248.0 
-260.0 -252.0 
-265.0 -247.0 
-258.0 -254.0 
-263.0 -249.0 
-254.0 -258.0 
-242.0 -270.0 
-253.0 -259.0 
-244.0 -268.0 
