-235.0 -276.0 
-286.0 -226.0 
-235.0 -276.0 
-286.0 -226.0 
-278.0 -234.0 
-278.0 -234.0 
-239.0 -273.0 
-239.0 -273.0 
-270.0 -241.0 
-275.0 -237.0 
-268.0 -244.0 
-252.0 -259.0 
-246.0 -266.0 
-246.0 -266.0 
-275.0 -237.0 
-241.0 -271.0 
-248.0 -264.0 
-267.0 -245.0 
-265.0 -247.0 
-251.0 -261.0 
-244.0 -268.0 
-268.0 -244.0 
-265.0 -247.0 
-244.0 -268.0 
-248.0 -264.0 
-241.0 -271.0 
-272.0 -240.0 
-270.0 -241.0 
-267.0 -245.0 
-254.0 -258.0 
-251.0 -261.0 
-272.0 -240.0 
-254.0 -258.0 
-249.0 -263.0 
-258.0 -254.0 
-264.0 -248.0 
-260.0 -252.0 
-243.0 -269.0 
-255.0 -257.0 
-242.0 -270.0 
-250.0 -262.0 
-261.0 -251.0 
-274.0 -238.0 
-263.0 -249.0 
-262.0 -250.0 
-257.0 -255.0 
-273.0 -239.0 
-256.0 -256.0 
-259.0 -253.0 
-264.0 -248.0 
-263.0 -249.0 
-274.0 -238.0 
-249.0 -263.0 
-259.0 -253.0 
-256.0 -256.0 
-273.0 -239.0 
-242.0 -270.0 
-258.0 -254.0 
-262.0 -250.0 
-243.0 -269.0 
-257.0 -255.0 
-255.0 -257.0 
-252.0 -259.0 
-261.0 -251.0 
-250.0 -262.0 
-260.0 -252.0 
-235.0 -276.0 
-286.0 -226.0 
-278.0 -234.0 
-239.0 -273.0 
-246.0 -266.0 
-275.0 -237.0 
-268.0 -244.0 
-244.0 -268.0 
-265.0 -247.0 
-248.0 -264.0 
-270.0 -241.0 
-241.0 -271.0 
-267.0 -245.0 
-251.0 -261.0 
-254.0 -258.0 
-272.0 -240.0 
-252.0 -259.0 
-257.0 -255.0 
-262.0 -250.0 
-242.0 -270.0 
-259.0 -253.0 
-243.0 -269.0 
-273.0 -239.0 
-263.0 -249.0 
-255.0 -257.0 
-250.0 -262.0 
-258.0 -254.0 
-264.0 -248.0 
-260.0 -252.0 
-274.0 -238.0 
-249.0 -263.0 
-261.0 -251.0 
-256.0 -256.0 
-286.0 -226.0 
