-211.0 -300.0 
-289.0 -220.0 
-289.0 -220.0 
-211.0 -300.0 
-225.0 -287.0 
-215.0 -297.0 
-215.0 -297.0 
-225.0 -287.0 
-283.0 -227.0 
-283.0 -227.0 
-231.0 -281.0 
-231.0 -281.0 
-235.0 -277.0 
-235.0 -277.0 
-228.0 -283.0 
-228.0 -283.0 
-279.0 -232.0 
-275.0 -236.0 
-282.0 -230.0 
-249.0 -263.0 
-229.0 -282.0 
-241.0 -271.0 
-251.0 -261.0 
-243.0 -269.0 
-277.0 -235.0 
-281.0 -231.0 
-243.0 -269.0 
-251.0 -261.0 
-274.0 -238.0 
-241.0 -271.0 
-278.0 -234.0 
-249.0 -263.0 
-282.0 -230.0 
-281.0 -231.0 
-277.0 -235.0 
-278.0 -234.0 
-274.0 -238.0 
-240.0 -272.0 
-237.0 -275.0 
-244.0 -268.0 
-245.0 -267.0 
-256.0 -256.0 
-248.0 -264.0 
-260.0 -252.0 
-252.0 -260.0 
-263.0 -249.0 
-270.0 -242.0 
-255.0 -257.0 
-247.0 -265.0 
-246.0 -266.0 
-269.0 -243.0 
-266.0 -246.0 
-253.0 -259.0 
-268.0 -244.0 
-238.0 -274.0 
-254.0 -258.0 
-273.0 -239.0 
-271.0 -241.0 
-267.0 -245.0 
-264.0 -248.0 
-261.0 -251.0 
-259.0 -253.0 
-272.0 -240.0 
-262.0 -250.0 
-257.0 -255.0 
-239.0 -273.0 
-258.0 -254.0 
-265.0 -247.0 
-236.0 -276.0 
-256.0 -256.0 
-253.0 -259.0 
-238.0 -274.0 
-252.0 -260.0 
-267.0 -245.0 
-270.0 -242.0 
-275.0 -236.0 
-255.0 -257.0 
-265.0 -247.0 
-271.0 -241.0 
-273.0 -239.0 
-264.0 -248.0 
-240.0 -272.0 
-259.0 -253.0 
-261.0 -251.0 
-237.0 -275.0 
-246.0 -266.0 
-262.0 -250.0 
-248.0 -264.0 
-245.0 -267.0 
-279.0 -232.0 
-268.0 -244.0 
-263.0 -249.0 
-247.0 -265.0 
-254.0 -258.0 
-239.0 -273.0 
-269.0 -243.0 
-229.0 -282.0 
-272.0 -240.0 
-266.0 -246.0 
-244.0 -268.0 
-257.0 -255.0 
-236.0 -276.0 
-260.0 -252.0 
-258.0 -254.0 
-211.0 -300.0 
-289.0 -220.0 
-215.0 -297.0 
-225.0 -287.0 
-283.0 -227.0 
-231.0 -281.0 
-235.0 -277.0 
-228.0 -283.0 
-251.0 -261.0 
-243.0 -269.0 
-241.0 -271.0 
-249.0 -263.0 
-282.0 -230.0 
-277.0 -235.0 
-281.0 -231.0 
-274.0 -238.0 
-278.0 -234.0 
-245.0 -267.0 
-239.0 -273.0 
-265.0 -247.0 
-273.0 -239.0 
-260.0 -252.0 
-275.0 -236.0 
-252.0 -260.0 
-244.0 -268.0 
-259.0 -253.0 
-257.0 -255.0 
-266.0 -246.0 
-268.0 -244.0 
-254.0 -258.0 
-238.0 -274.0 
-248.0 -264.0 
-279.0 -232.0 
-271.0 -241.0 
-267.0 -245.0 
-247.0 -265.0 
-270.0 -242.0 
-263.0 -249.0 
-256.0 -256.0 
-236.0 -276.0 
-264.0 -248.0 
-272.0 -240.0 
-240.0 -272.0 
-262.0 -250.0 
-261.0 -251.0 
-246.0 -266.0 
-237.0 -275.0 
-269.0 -243.0 
-255.0 -257.0 
-253.0 -259.0 
-258.0 -254.0 
-229.0 -282.0 
-211.0 -300.0 
-289.0 -220.0 
-215.0 -297.0 
-225.0 -287.0 
-283.0 -227.0 
-231.0 -281.0 
-235.0 -277.0 
-228.0 -283.0 
-243.0 -269.0 
-251.0 -261.0 
-241.0 -271.0 
-249.0 -263.0 
-282.0 -230.0 
-277.0 -235.0 
-281.0 -231.0 
-278.0 -234.0 
-274.0 -238.0 
-265.0 -247.0 
-264.0 -248.0 
-272.0 -240.0 
-266.0 -246.0 
-270.0 -242.0 
-259.0 -253.0 
-229.0 -282.0 
-261.0 -251.0 
-258.0 -254.0 
-263.0 -249.0 
-252.0 -260.0 
-256.0 -256.0 
-245.0 -267.0 
-240.0 -272.0 
-255.0 -257.0 
-257.0 -255.0 
-247.0 -265.0 
-248.0 -264.0 
-246.0 -266.0 
-269.0 -243.0 
-268.0 -244.0 
-262.0 -250.0 
-271.0 -241.0 
-253.0 -259.0 
-279.0 -232.0 
-267.0 -245.0 
-237.0 -275.0 
-254.0 -258.0 
-275.0 -236.0 
-244.0 -268.0 
-236.0 -276.0 
-238.0 -274.0 
-239.0 -273.0 
-273.0 -239.0 
-260.0 -252.0 
-289.0 -220.0 
-211.0 -300.0 
-215.0 -297.0 
-225.0 -287.0 
-283.0 -227.0 
-231.0 -281.0 
-235.0 -277.0 
-228.0 -283.0 
-251.0 -261.0 
-243.0 -269.0 
-241.0 -271.0 
-249.0 -263.0 
-282.0 -230.0 
-281.0 -231.0 
-277.0 -235.0 
-278.0 -234.0 
-274.0 -238.0 
-258.0 -254.0 
-279.0 -232.0 
-239.0 -273.0 
-268.0 -244.0 
-247.0 -265.0 
-269.0 -243.0 
-259.0 -253.0 
-270.0 -242.0 
-246.0 -266.0 
-236.0 -276.0 
-257.0 -255.0 
-245.0 -267.0 
-273.0 -239.0 
-264.0 -248.0 
-272.0 -240.0 
-244.0 -268.0 
-240.0 -272.0 
-238.0 -274.0 
-261.0 -251.0 
-248.0 -264.0 
-265.0 -247.0 
-267.0 -245.0 
-252.0 -260.0 
-260.0 -252.0 
-263.0 -249.0 
