-290.0 -222.0 
-229.0 -283.0 
-229.0 -283.0 
-290.0 -222.0 
-283.0 -228.0 
-283.0 -228.0 
-274.0 -237.0 
-278.0 -234.0 
-282.0 -230.0 
-282.0 -230.0 
-278.0 -234.0 
-235.0 -277.0 
-268.0 -243.0 
-232.0 -280.0 
-279.0 -233.0 
-241.0 -270.0 
-274.0 -237.0 
-235.0 -277.0 
-232.0 -280.0 
-279.0 -233.0 
-263.0 -249.0 
-261.0 -251.0 
-236.0 -276.0 
-231.0 -281.0 
-238.0 -274.0 
-243.0 -269.0 
-238.0 -274.0 
-231.0 -281.0 
-270.0 -242.0 
-267.0 -245.0 
-263.0 -249.0 
-240.0 -272.0 
-261.0 -251.0 
-273.0 -239.0 
-236.0 -276.0 
-273.0 -239.0 
-240.0 -272.0 
-243.0 -269.0 
-270.0 -242.0 
-267.0 -245.0 
-249.0 -263.0 
-264.0 -248.0 
-251.0 -261.0 
-257.0 -255.0 
-256.0 -256.0 
-258.0 -254.0 
-248.0 -264.0 
-247.0 -265.0 
-254.0 -258.0 
-250.0 -262.0 
-239.0 -273.0 
-260.0 -252.0 
-255.0 -257.0 
-272.0 -240.0 
-253.0 -259.0 
-259.0 -253.0 
-252.0 -260.0 
-246.0 -266.0 
-244.0 -268.0 
-265.0 -247.0 
-271.0 -241.0 
-266.0 -246.0 
-245.0 -267.0 
-245.0 -267.0 
-271.0 -241.0 
-251.0 -261.0 
-258.0 -254.0 
-265.0 -247.0 
-254.0 -258.0 
-249.0 -263.0 
-259.0 -253.0 
-268.0 -243.0 
-256.0 -256.0 
-246.0 -266.0 
-272.0 -240.0 
-255.0 -257.0 
-264.0 -248.0 
-244.0 -268.0 
-239.0 -273.0 
-253.0 -259.0 
-250.0 -262.0 
-248.0 -264.0 
-241.0 -270.0 
-266.0 -246.0 
-257.0 -255.0 
-260.0 -252.0 
-247.0 -265.0 
-252.0 -260.0 
-290.0 -222.0 
-229.0 -283.0 
-283.0 -228.0 
-282.0 -230.0 
-278.0 -234.0 
-235.0 -277.0 
-232.0 -280.0 
-274.0 -237.0 
-279.0 -233.0 
-261.0 -251.0 
-231.0 -281.0 
-236.0 -276.0 
-263.0 -249.0 
-238.0 -274.0 
-267.0 -245.0 
-273.0 -239.0 
-243.0 -269.0 
-270.0 -242.0 
-240.0 -272.0 
-247.0 -265.0 
-260.0 -252.0 
-252.0 -260.0 
-258.0 -254.0 
-239.0 -273.0 
-248.0 -264.0 
-241.0 -270.0 
-266.0 -246.0 
-256.0 -256.0 
-255.0 -257.0 
-257.0 -255.0 
-250.0 -262.0 
-265.0 -247.0 
-244.0 -268.0 
-271.0 -241.0 
-264.0 -248.0 
-245.0 -267.0 
-254.0 -258.0 
-272.0 -240.0 
-259.0 -253.0 
-249.0 -263.0 
-246.0 -266.0 
-251.0 -261.0 
-268.0 -243.0 
-253.0 -259.0 
-290.0 -222.0 
-229.0 -283.0 
-278.0 -234.0 
-282.0 -230.0 
-274.0 -237.0 
-235.0 -277.0 
-279.0 -233.0 
-232.0 -280.0 
-238.0 -274.0 
-231.0 -281.0 
-263.0 -249.0 
-261.0 -251.0 
-236.0 -276.0 
-243.0 -269.0 
-270.0 -242.0 
-240.0 -272.0 
-273.0 -239.0 
-267.0 -245.0 
-249.0 -263.0 
-245.0 -267.0 
-239.0 -273.0 
-252.0 -260.0 
-271.0 -241.0 
-251.0 -261.0 
-265.0 -247.0 
-272.0 -240.0 
-264.0 -248.0 
-253.0 -259.0 
-255.0 -257.0 
-266.0 -246.0 
-246.0 -266.0 
-247.0 -265.0 
-268.0 -243.0 
-256.0 -256.0 
-259.0 -253.0 
-244.0 -268.0 
-260.0 -252.0 
-241.0 -270.0 
-250.0 -262.0 
-254.0 -258.0 
-258.0 -254.0 
-257.0 -255.0 
-248.0 -264.0 
-290.0 -222.0 
-229.0 -283.0 
-282.0 -230.0 
-278.0 -234.0 
-235.0 -277.0 
-279.0 -233.0 
-274.0 -237.0 
-232.0 -280.0 
-231.0 -281.0 
-236.0 -276.0 
-238.0 -274.0 
-261.0 -251.0 
-263.0 -249.0 
-270.0 -242.0 
-267.0 -245.0 
-273.0 -239.0 
-240.0 -272.0 
-272.0 -240.0 
-253.0 -259.0 
-271.0 -241.0 
-247.0 -265.0 
-254.0 -258.0 
-259.0 -253.0 
-245.0 -267.0 
-266.0 -246.0 
-239.0 -273.0 
-241.0 -270.0 
-252.0 -260.0 
-250.0 -262.0 
-255.0 -257.0 
-248.0 -264.0 
-246.0 -266.0 
-244.0 -268.0 
-265.0 -247.0 
-249.0 -263.0 
-260.0 -252.0 
-258.0 -254.0 
-256.0 -256.0 
-264.0 -248.0 
-257.0 -255.0 
-251.0 -261.0 
-268.0 -243.0 
-290.0 -222.0 
-229.0 -283.0 
-282.0 -230.0 
-278.0 -234.0 
-279.0 -233.0 
-235.0 -277.0 
-232.0 -280.0 
-274.0 -237.0 
-238.0 -274.0 
-236.0 -276.0 
-261.0 -251.0 
-231.0 -281.0 
-263.0 -249.0 
-270.0 -242.0 
-273.0 -239.0 
-240.0 -272.0 
-267.0 -245.0 
-268.0 -243.0 
-271.0 -241.0 
-252.0 -260.0 
-241.0 -270.0 
-245.0 -267.0 
-244.0 -268.0 
-251.0 -261.0 
-250.0 -262.0 
-259.0 -253.0 
-264.0 -248.0 
-254.0 -258.0 
-260.0 -252.0 
-246.0 -266.0 
-265.0 -247.0 
-257.0 -255.0 
-258.0 -254.0 
