-226.0 -285.0 
-293.0 -216.0 
-226.0 -285.0 
-293.0 -216.0 
-289.0 -223.0 
-289.0 -223.0 
-284.0 -228.0 
-230.0 -281.0 
-284.0 -228.0 
-277.0 -235.0 
-281.0 -231.0 
-228.0 -284.0 
-281.0 -231.0 
-277.0 -235.0 
-233.0 -279.0 
-236.0 -276.0 
-230.0 -281.0 
-236.0 -276.0 
-228.0 -284.0 
-274.0 -238.0 
-234.0 -278.0 
-238.0 -274.0 
-276.0 -236.0 
-233.0 -279.0 
-238.0 -274.0 
-276.0 -236.0 
-274.0 -238.0 
-234.0 -278.0 
-242.0 -270.0 
-241.0 -271.0 
-272.0 -240.0 
-282.0 -230.0 
-263.0 -249.0 
-252.0 -260.0 
-259.0 -253.0 
-273.0 -239.0 
-250.0 -262.0 
-253.0 -259.0 
-271.0 -241.0 
-249.0 -263.0 
-251.0 -261.0 
-270.0 -242.0 
-257.0 -255.0 
-243.0 -269.0 
-261.0 -251.0 
-262.0 -250.0 
-258.0 -254.0 
-254.0 -258.0 
-264.0 -248.0 
-240.0 -272.0 
-255.0 -257.0 
-268.0 -244.0 
-247.0 -265.0 
-267.0 -245.0 
-266.0 -246.0 
-265.0 -247.0 
-256.0 -256.0 
-244.0 -268.0 
-246.0 -266.0 
-245.0 -267.0 
-283.0 -229.0 
-239.0 -273.0 
-260.0 -252.0 
-269.0 -243.0 
-248.0 -264.0 
-240.0 -272.0 
-273.0 -239.0 
-243.0 -269.0 
-257.0 -255.0 
-256.0 -256.0 
-242.0 -270.0 
-249.0 -263.0 
-272.0 -240.0 
-259.0 -253.0 
-244.0 -268.0 
-270.0 -242.0 
-255.0 -257.0 
-253.0 -259.0 
-261.0 -251.0 
-260.0 -252.0 
-241.0 -271.0 
-250.0 -262.0 
-269.0 -243.0 
-267.0 -245.0 
-248.0 -264.0 
-245.0 -267.0 
-254.0 -258.0 
-239.0 -273.0 
-283.0 -229.0 
-246.0 -266.0 
-252.0 -260.0 
-282.0 -230.0 
-247.0 -265.0 
-262.0 -250.0 
-251.0 -261.0 
-268.0 -244.0 
-266.0 -246.0 
-263.0 -249.0 
-264.0 -248.0 
-271.0 -241.0 
-258.0 -254.0 
-265.0 -247.0 
-293.0 -216.0 
-226.0 -285.0 
-289.0 -223.0 
-284.0 -228.0 
-281.0 -231.0 
-277.0 -235.0 
-236.0 -276.0 
-230.0 -281.0 
-228.0 -284.0 
-233.0 -279.0 
-276.0 -236.0 
-238.0 -274.0 
-234.0 -278.0 
-274.0 -238.0 
-282.0 -230.0 
-241.0 -271.0 
-245.0 -267.0 
-242.0 -270.0 
-246.0 -266.0 
-260.0 -252.0 
-262.0 -250.0 
-271.0 -241.0 
-255.0 -257.0 
-256.0 -256.0 
-283.0 -229.0 
-267.0 -245.0 
-270.0 -242.0 
-253.0 -259.0 
-266.0 -246.0 
-265.0 -247.0 
-273.0 -239.0 
-257.0 -255.0 
-240.0 -272.0 
-259.0 -253.0 
-243.0 -269.0 
-247.0 -265.0 
-249.0 -263.0 
-239.0 -273.0 
-254.0 -258.0 
-261.0 -251.0 
-268.0 -244.0 
-252.0 -260.0 
-263.0 -249.0 
-258.0 -254.0 
-251.0 -261.0 
-272.0 -240.0 
-244.0 -268.0 
-269.0 -243.0 
-248.0 -264.0 
-264.0 -248.0 
-250.0 -262.0 
-226.0 -285.0 
-293.0 -216.0 
-289.0 -223.0 
-284.0 -228.0 
-281.0 -231.0 
-277.0 -235.0 
-236.0 -276.0 
-230.0 -281.0 
-228.0 -284.0 
-233.0 -279.0 
-276.0 -236.0 
-238.0 -274.0 
-234.0 -278.0 
-274.0 -238.0 
-272.0 -240.0 
-268.0 -244.0 
-260.0 -252.0 
-267.0 -245.0 
-262.0 -250.0 
-242.0 -270.0 
-258.0 -254.0 
-244.0 -268.0 
-241.0 -271.0 
-251.0 -261.0 
-246.0 -266.0 
-243.0 -269.0 
-270.0 -242.0 
-240.0 -272.0 
-248.0 -264.0 
-257.0 -255.0 
-273.0 -239.0 
-261.0 -251.0 
-269.0 -243.0 
-259.0 -253.0 
-245.0 -267.0 
-239.0 -273.0 
-265.0 -247.0 
-255.0 -257.0 
-271.0 -241.0 
-252.0 -260.0 
-264.0 -248.0 
-250.0 -262.0 
-247.0 -265.0 
-266.0 -246.0 
-282.0 -230.0 
-283.0 -229.0 
-263.0 -249.0 
-254.0 -258.0 
-253.0 -259.0 
-249.0 -263.0 
-256.0 -256.0 
-226.0 -285.0 
-293.0 -216.0 
-289.0 -223.0 
-284.0 -228.0 
-281.0 -231.0 
-277.0 -235.0 
-236.0 -276.0 
-230.0 -281.0 
-228.0 -284.0 
-233.0 -279.0 
-238.0 -274.0 
-276.0 -236.0 
-234.0 -278.0 
-274.0 -238.0 
-282.0 -230.0 
-262.0 -250.0 
-268.0 -244.0 
-271.0 -241.0 
-260.0 -252.0 
-252.0 -260.0 
-259.0 -253.0 
-244.0 -268.0 
-250.0 -262.0 
-263.0 -249.0 
-270.0 -242.0 
-246.0 -266.0 
-241.0 -271.0 
-248.0 -264.0 
-254.0 -258.0 
-266.0 -246.0 
-272.0 -240.0 
-239.0 -273.0 
-269.0 -243.0 
-267.0 -245.0 
-243.0 -269.0 
-245.0 -267.0 
-247.0 -265.0 
-258.0 -254.0 
-253.0 -259.0 
-240.0 -272.0 
-283.0 -229.0 
-273.0 -239.0 
-257.0 -255.0 
-264.0 -248.0 
-255.0 -257.0 
-249.0 -263.0 
-251.0 -261.0 
-265.0 -247.0 
-256.0 -256.0 
-261.0 -251.0 
-293.0 -216.0 
-289.0 -223.0 
-284.0 -228.0 
-281.0 -231.0 
-277.0 -235.0 
-230.0 -281.0 
-236.0 -276.0 
-228.0 -284.0 
-233.0 -279.0 
-238.0 -274.0 
-276.0 -236.0 
-234.0 -278.0 
-274.0 -238.0 
-266.0 -246.0 
-272.0 -240.0 
-262.0 -250.0 
-268.0 -244.0 
-271.0 -241.0 
-254.0 -258.0 
-270.0 -242.0 
-249.0 -263.0 
-248.0 -264.0 
-244.0 -268.0 
-250.0 -262.0 
-283.0 -229.0 
-257.0 -255.0 
-246.0 -266.0 
-247.0 -265.0 
-245.0 -267.0 
-267.0 -245.0 
-243.0 -269.0 
-260.0 -252.0 
-263.0 -249.0 
-265.0 -247.0 
-261.0 -251.0 
-255.0 -257.0 
-239.0 -273.0 
-240.0 -272.0 
-264.0 -248.0 
-273.0 -239.0 
-258.0 -254.0 
-259.0 -253.0 
-241.0 -271.0 
-253.0 -259.0 
-256.0 -256.0 
-252.0 -260.0 
