-231.0 -281.0 
-282.0 -230.0 
-231.0 -281.0 
-282.0 -230.0 
-273.0 -239.0 
-273.0 -239.0 
-235.0 -276.0 
-256.0 -255.0 
-235.0 -276.0 
-268.0 -243.0 
-270.0 -241.0 
-266.0 -246.0 
-254.0 -258.0 
-254.0 -258.0 
-249.0 -263.0 
-236.0 -274.0 
-247.0 -265.0 
-242.0 -269.0 
-262.0 -250.0 
-256.0 -255.0 
-270.0 -241.0 
-249.0 -263.0 
-268.0 -243.0 
-259.0 -253.0 
-247.0 -265.0 
-266.0 -246.0 
-262.0 -250.0 
-259.0 -253.0 
-238.0 -273.0 
-251.0 -261.0 
-245.0 -267.0 
-263.0 -248.0 
-260.0 -252.0 
-264.0 -247.0 
-252.0 -260.0 
-251.0 -261.0 
-244.0 -268.0 
-238.0 -273.0 
-260.0 -252.0 
-245.0 -267.0 
-252.0 -260.0 
-240.0 -272.0 
-241.0 -271.0 
-244.0 -268.0 
-241.0 -271.0 
-240.0 -272.0 
-264.0 -247.0 
-263.0 -248.0 
-242.0 -269.0 
-236.0 -274.0 
