-225.0 -286.0 
-297.0 -213.0 
-225.0 -286.0 
-297.0 -213.0 
-284.0 -224.0 
-284.0 -224.0 
-232.0 -280.0 
-279.0 -232.0 
-232.0 -280.0 
-279.0 -232.0 
-277.0 -233.0 
-235.0 -277.0 
-235.0 -277.0 
-276.0 -236.0 
-248.0 -264.0 
-243.0 -268.0 
-250.0 -262.0 
-245.0 -267.0 
-250.0 -262.0 
-242.0 -269.0 
-241.0 -271.0 
-248.0 -264.0 
-276.0 -236.0 
-245.0 -267.0 
-241.0 -271.0 
-273.0 -239.0 
-238.0 -274.0 
-265.0 -247.0 
-252.0 -260.0 
-258.0 -254.0 
-261.0 -251.0 
-272.0 -240.0 
-240.0 -272.0 
-270.0 -242.0 
-247.0 -265.0 
-269.0 -243.0 
-271.0 -241.0 
-256.0 -256.0 
-262.0 -250.0 
-275.0 -237.0 
-259.0 -253.0 
-254.0 -258.0 
-266.0 -246.0 
-264.0 -248.0 
-268.0 -244.0 
-239.0 -273.0 
-246.0 -266.0 
-260.0 -252.0 
-274.0 -238.0 
-253.0 -259.0 
-263.0 -249.0 
-267.0 -245.0 
-236.0 -276.0 
-251.0 -261.0 
-257.0 -255.0 
-255.0 -257.0 
-237.0 -275.0 
-247.0 -265.0 
-265.0 -247.0 
-239.0 -273.0 
-263.0 -249.0 
-273.0 -239.0 
-264.0 -248.0 
-271.0 -241.0 
-236.0 -276.0 
-268.0 -244.0 
-260.0 -252.0 
-251.0 -261.0 
-242.0 -269.0 
-243.0 -268.0 
-246.0 -266.0 
-266.0 -246.0 
-240.0 -272.0 
-270.0 -242.0 
-237.0 -275.0 
-269.0 -243.0 
-254.0 -258.0 
-253.0 -259.0 
-267.0 -245.0 
-238.0 -274.0 
-275.0 -237.0 
-261.0 -251.0 
-257.0 -255.0 
-258.0 -254.0 
-277.0 -233.0 
-255.0 -257.0 
-274.0 -238.0 
-256.0 -256.0 
-252.0 -260.0 
-262.0 -250.0 
-272.0 -240.0 
-259.0 -253.0 
-225.0 -286.0 
-297.0 -213.0 
-284.0 -224.0 
-232.0 -280.0 
-279.0 -232.0 
-235.0 -277.0 
-250.0 -262.0 
-248.0 -264.0 
-276.0 -236.0 
-245.0 -267.0 
-241.0 -271.0 
-275.0 -237.0 
-251.0 -261.0 
-238.0 -274.0 
-267.0 -245.0 
-259.0 -253.0 
-257.0 -255.0 
-246.0 -266.0 
-274.0 -238.0 
-268.0 -244.0 
-237.0 -275.0 
-240.0 -272.0 
-247.0 -265.0 
-263.0 -249.0 
-262.0 -250.0 
-266.0 -246.0 
-271.0 -241.0 
-242.0 -269.0 
-239.0 -273.0 
-272.0 -240.0 
-253.0 -259.0 
-273.0 -239.0 
-243.0 -268.0 
-261.0 -251.0 
-265.0 -247.0 
-252.0 -260.0 
-254.0 -258.0 
-269.0 -243.0 
-255.0 -257.0 
-264.0 -248.0 
-270.0 -242.0 
-258.0 -254.0 
-277.0 -233.0 
-236.0 -276.0 
-260.0 -252.0 
-256.0 -256.0 
-225.0 -286.0 
-297.0 -213.0 
-284.0 -224.0 
-232.0 -280.0 
-279.0 -232.0 
-235.0 -277.0 
-250.0 -262.0 
-248.0 -264.0 
-276.0 -236.0 
-245.0 -267.0 
-241.0 -271.0 
-259.0 -253.0 
-265.0 -247.0 
-239.0 -273.0 
-270.0 -242.0 
-277.0 -233.0 
-273.0 -239.0 
-262.0 -250.0 
-236.0 -276.0 
-268.0 -244.0 
-272.0 -240.0 
-243.0 -268.0 
-269.0 -243.0 
-261.0 -251.0 
-271.0 -241.0 
-242.0 -269.0 
-246.0 -266.0 
-267.0 -245.0 
-257.0 -255.0 
-237.0 -275.0 
-251.0 -261.0 
-274.0 -238.0 
-255.0 -257.0 
-266.0 -246.0 
-253.0 -259.0 
-256.0 -256.0 
-260.0 -252.0 
-264.0 -248.0 
-254.0 -258.0 
-252.0 -260.0 
-238.0 -274.0 
-263.0 -249.0 
-240.0 -272.0 
-247.0 -265.0 
-275.0 -237.0 
-258.0 -254.0 
-297.0 -213.0 
-225.0 -286.0 
-284.0 -224.0 
-232.0 -280.0 
-279.0 -232.0 
-235.0 -277.0 
-250.0 -262.0 
-248.0 -264.0 
-276.0 -236.0 
-245.0 -267.0 
-241.0 -271.0 
-273.0 -239.0 
-256.0 -256.0 
-243.0 -268.0 
-272.0 -240.0 
-239.0 -273.0 
