-201.0 -311.0 
-294.0 -218.0 
-201.0 -311.0 
-294.0 -218.0 
-229.0 -283.0 
-285.0 -227.0 
-276.0 -236.0 
-209.0 -303.0 
-276.0 -236.0 
-285.0 -227.0 
-259.0 -253.0 
-246.0 -266.0 
-216.0 -296.0 
-240.0 -272.0 
-257.0 -255.0 
-231.0 -281.0 
-246.0 -266.0 
-250.0 -262.0 
-250.0 -262.0 
-238.0 -274.0 
-242.0 -270.0 
-206.0 -306.0 
-225.0 -287.0 
-288.0 -224.0 
-212.0 -300.0 
-223.0 -289.0 
-233.0 -279.0 
-292.0 -220.0 
-271.0 -241.0 
-238.0 -274.0 
-242.0 -270.0 
-262.0 -250.0 
-222.0 -290.0 
-292.0 -220.0 
-206.0 -306.0 
-288.0 -224.0 
-271.0 -241.0 
-225.0 -287.0 
-212.0 -300.0 
-275.0 -237.0 
-234.0 -278.0 
-275.0 -237.0 
-234.0 -278.0 
-269.0 -243.0 
-266.0 -246.0 
-253.0 -259.0 
-266.0 -246.0 
-253.0 -259.0 
-269.0 -243.0 
-215.0 -297.0 
