-286.0 -224.0 
-221.0 -291.0 
-286.0 -224.0 
-221.0 -291.0 
-225.0 -285.0 
-229.0 -283.0 
-282.0 -229.0 
-233.0 -279.0 
-233.0 -279.0 
-282.0 -229.0 
-229.0 -283.0 
-222.0 -290.0 
-236.0 -276.0 
-225.0 -285.0 
-236.0 -276.0 
-222.0 -290.0 
-238.0 -274.0 
-238.0 -274.0 
-280.0 -232.0 
-280.0 -232.0 
-245.0 -267.0 
-276.0 -236.0 
-265.0 -247.0 
-271.0 -241.0 
-273.0 -239.0 
-267.0 -245.0 
-247.0 -265.0 
-240.0 -272.0 
-278.0 -234.0 
-240.0 -272.0 
-273.0 -239.0 
-278.0 -234.0 
-267.0 -245.0 
-247.0 -265.0 
-245.0 -267.0 
-276.0 -236.0 
-265.0 -247.0 
-271.0 -241.0 
-241.0 -271.0 
-274.0 -238.0 
-269.0 -243.0 
-251.0 -261.0 
-242.0 -270.0 
-248.0 -264.0 
-258.0 -254.0 
-259.0 -253.0 
-244.0 -268.0 
-275.0 -237.0 
-261.0 -251.0 
-257.0 -255.0 
-254.0 -258.0 
-249.0 -263.0 
-262.0 -250.0 
-270.0 -242.0 
-279.0 -233.0 
-260.0 -252.0 
-263.0 -249.0 
-256.0 -256.0 
-268.0 -244.0 
-255.0 -257.0 
-252.0 -260.0 
-253.0 -259.0 
-264.0 -248.0 
-250.0 -262.0 
-243.0 -269.0 
-274.0 -238.0 
-256.0 -256.0 
-241.0 -271.0 
-268.0 -244.0 
-259.0 -253.0 
-257.0 -255.0 
-262.0 -250.0 
-243.0 -269.0 
-261.0 -251.0 
-248.0 -264.0 
-258.0 -254.0 
-242.0 -270.0 
-269.0 -243.0 
-260.0 -252.0 
-264.0 -248.0 
-263.0 -249.0 
-275.0 -237.0 
-253.0 -259.0 
-251.0 -261.0 
-255.0 -257.0 
-244.0 -268.0 
-270.0 -242.0 
-254.0 -258.0 
-252.0 -260.0 
-279.0 -233.0 
-249.0 -263.0 
-250.0 -262.0 
-221.0 -291.0 
-286.0 -224.0 
-233.0 -279.0 
-282.0 -229.0 
-229.0 -283.0 
-225.0 -285.0 
-236.0 -276.0 
-222.0 -290.0 
-238.0 -274.0 
-280.0 -232.0 
-247.0 -265.0 
-278.0 -234.0 
-267.0 -245.0 
-240.0 -272.0 
-273.0 -239.0 
-265.0 -247.0 
-245.0 -267.0 
-276.0 -236.0 
-271.0 -241.0 
-241.0 -271.0 
-253.0 -259.0 
-259.0 -253.0 
-275.0 -237.0 
-248.0 -264.0 
-249.0 -263.0 
-242.0 -270.0 
-252.0 -260.0 
-251.0 -261.0 
-274.0 -238.0 
-256.0 -256.0 
-243.0 -269.0 
-268.0 -244.0 
-270.0 -242.0 
-244.0 -268.0 
-261.0 -251.0 
-262.0 -250.0 
-258.0 -254.0 
-255.0 -257.0 
-260.0 -252.0 
-279.0 -233.0 
-264.0 -248.0 
-263.0 -249.0 
-269.0 -243.0 
-257.0 -255.0 
-254.0 -258.0 
-250.0 -262.0 
-221.0 -291.0 
-233.0 -279.0 
-282.0 -229.0 
-229.0 -283.0 
-225.0 -285.0 
-236.0 -276.0 
-222.0 -290.0 
-238.0 -274.0 
-280.0 -232.0 
-247.0 -265.0 
-278.0 -234.0 
-267.0 -245.0 
-240.0 -272.0 
-273.0 -239.0 
-265.0 -247.0 
-245.0 -267.0 
-271.0 -241.0 
-276.0 -236.0 
-250.0 -262.0 
-269.0 -243.0 
-260.0 -252.0 
-242.0 -270.0 
-268.0 -244.0 
-254.0 -258.0 
-244.0 -268.0 
-261.0 -251.0 
-243.0 -269.0 
-262.0 -250.0 
-259.0 -253.0 
-257.0 -255.0 
-255.0 -257.0 
-264.0 -248.0 
-249.0 -263.0 
-279.0 -233.0 
-253.0 -259.0 
-263.0 -249.0 
-258.0 -254.0 
-248.0 -264.0 
-251.0 -261.0 
-256.0 -256.0 
-275.0 -237.0 
-274.0 -238.0 
-252.0 -260.0 
-270.0 -242.0 
-221.0 -291.0 
-233.0 -279.0 
-282.0 -229.0 
-229.0 -283.0 
-225.0 -285.0 
-236.0 -276.0 
-222.0 -290.0 
-238.0 -274.0 
-280.0 -232.0 
-240.0 -272.0 
-247.0 -265.0 
-278.0 -234.0 
-267.0 -245.0 
-273.0 -239.0 
-271.0 -241.0 
-276.0 -236.0 
-265.0 -247.0 
-245.0 -267.0 
-274.0 -238.0 
-244.0 -268.0 
-254.0 -258.0 
-243.0 -269.0 
-260.0 -252.0 
-264.0 -248.0 
-250.0 -262.0 
-275.0 -237.0 
-251.0 -261.0 
-263.0 -249.0 
-248.0 -264.0 
-257.0 -255.0 
-270.0 -242.0 
-252.0 -260.0 
-249.0 -263.0 
-268.0 -244.0 
-269.0 -243.0 
-261.0 -251.0 
-258.0 -254.0 
-256.0 -256.0 
-255.0 -257.0 
-242.0 -270.0 
-262.0 -250.0 
-253.0 -259.0 
-259.0 -253.0 
-279.0 -233.0 
-233.0 -279.0 
-282.0 -229.0 
-229.0 -283.0 
-225.0 -285.0 
-236.0 -276.0 
-222.0 -290.0 
-238.0 -274.0 
-280.0 -232.0 
-273.0 -239.0 
-240.0 -272.0 
-247.0 -265.0 
-267.0 -245.0 
-278.0 -234.0 
-271.0 -241.0 
-265.0 -247.0 
-276.0 -236.0 
-245.0 -267.0 
-254.0 -258.0 
-279.0 -233.0 
-250.0 -262.0 
-244.0 -268.0 
-270.0 -242.0 
-249.0 -263.0 
-251.0 -261.0 
