-223.0 -289.0 
-280.0 -231.0 
-223.0 -289.0 
-280.0 -231.0 
-230.0 -282.0 
-230.0 -282.0 
-271.0 -240.0 
-235.0 -277.0 
-276.0 -236.0 
-235.0 -277.0 
-276.0 -236.0 
-271.0 -240.0 
-237.0 -275.0 
-240.0 -272.0 
-240.0 -272.0 
-237.0 -275.0 
-278.0 -234.0 
-278.0 -234.0 
-257.0 -255.0 
-257.0 -255.0 
-269.0 -243.0 
-269.0 -243.0 
-255.0 -257.0 
-244.0 -268.0 
-261.0 -251.0 
-265.0 -247.0 
-246.0 -266.0 
-267.0 -245.0 
-259.0 -253.0 
-263.0 -249.0 
-242.0 -270.0 
-246.0 -266.0 
-259.0 -253.0 
-267.0 -245.0 
-263.0 -249.0 
-242.0 -270.0 
-244.0 -268.0 
-255.0 -257.0 
-265.0 -247.0 
-261.0 -251.0 
-268.0 -244.0 
-252.0 -260.0 
-264.0 -248.0 
-254.0 -258.0 
-243.0 -269.0 
-247.0 -265.0 
-260.0 -252.0 
-253.0 -259.0 
-250.0 -262.0 
-248.0 -264.0 
-251.0 -261.0 
-249.0 -263.0 
-250.0 -262.0 
-264.0 -248.0 
-251.0 -261.0 
-253.0 -259.0 
-247.0 -265.0 
-243.0 -269.0 
-249.0 -263.0 
-260.0 -252.0 
-268.0 -244.0 
-248.0 -264.0 
-252.0 -260.0 
-254.0 -258.0 
-280.0 -231.0 
-223.0 -289.0 
-230.0 -282.0 
-235.0 -277.0 
-276.0 -236.0 
-271.0 -240.0 
-240.0 -272.0 
-237.0 -275.0 
-278.0 -234.0 
-257.0 -255.0 
-269.0 -243.0 
-263.0 -249.0 
-246.0 -266.0 
-242.0 -270.0 
-259.0 -253.0 
-267.0 -245.0 
-255.0 -257.0 
-265.0 -247.0 
-261.0 -251.0 
-244.0 -268.0 
-253.0 -259.0 
-248.0 -264.0 
-264.0 -248.0 
-252.0 -260.0 
-249.0 -263.0 
-260.0 -252.0 
-250.0 -262.0 
-268.0 -244.0 
-243.0 -269.0 
-251.0 -261.0 
-247.0 -265.0 
-254.0 -258.0 
-280.0 -231.0 
-223.0 -289.0 
-230.0 -282.0 
-235.0 -277.0 
