-226.0 -285.0 
-288.0 -224.0 
-288.0 -224.0 
-226.0 -285.0 
-273.0 -237.0 
-280.0 -232.0 
-280.0 -232.0 
-278.0 -234.0 
-285.0 -227.0 
-271.0 -241.0 
-264.0 -247.0 
-286.0 -226.0 
-230.0 -282.0 
-285.0 -227.0 
-278.0 -234.0 
-243.0 -269.0 
-273.0 -237.0 
-262.0 -250.0 
-243.0 -269.0 
-236.0 -275.0 
-267.0 -245.0 
-239.0 -273.0 
-230.0 -282.0 
-246.0 -266.0 
-271.0 -241.0 
-231.0 -280.0 
-262.0 -250.0 
-267.0 -245.0 
-239.0 -273.0 
-260.0 -252.0 
-241.0 -271.0 
-258.0 -254.0 
-234.0 -277.0 
-254.0 -258.0 
-269.0 -243.0 
-252.0 -260.0 
-256.0 -256.0 
-256.0 -256.0 
-249.0 -263.0 
-247.0 -265.0 
-248.0 -264.0 
-241.0 -271.0 
-260.0 -252.0 
-258.0 -254.0 
-254.0 -258.0 
-233.0 -279.0 
-252.0 -260.0 
-264.0 -247.0 
-236.0 -275.0 
-269.0 -243.0 
