-292.0 -220.0 
-229.0 -282.0 
-229.0 -282.0 
-292.0 -220.0 
-283.0 -227.0 
-283.0 -227.0 
-232.0 -280.0 
-235.0 -277.0 
-235.0 -277.0 
-280.0 -232.0 
-280.0 -232.0 
-239.0 -273.0 
-276.0 -236.0 
-276.0 -236.0 
-239.0 -273.0 
-281.0 -230.0 
-281.0 -230.0 
-270.0 -242.0 
-270.0 -242.0 
-272.0 -240.0 
-247.0 -265.0 
-261.0 -251.0 
-233.0 -279.0 
-259.0 -253.0 
-268.0 -244.0 
-245.0 -267.0 
-233.0 -279.0 
-259.0 -253.0 
-245.0 -267.0 
-268.0 -244.0 
-261.0 -251.0 
-272.0 -240.0 
-247.0 -265.0 
-241.0 -271.0 
-242.0 -270.0 
-240.0 -272.0 
-274.0 -238.0 
-275.0 -237.0 
-273.0 -239.0 
-262.0 -250.0 
-264.0 -248.0 
-266.0 -246.0 
-251.0 -261.0 
-257.0 -255.0 
-254.0 -258.0 
-265.0 -247.0 
-267.0 -245.0 
-252.0 -260.0 
-258.0 -254.0 
-243.0 -269.0 
-253.0 -259.0 
-249.0 -263.0 
-256.0 -256.0 
-248.0 -264.0 
-255.0 -257.0 
-244.0 -268.0 
-263.0 -249.0 
-250.0 -262.0 
-257.0 -255.0 
-249.0 -263.0 
-252.0 -260.0 
-275.0 -237.0 
-248.0 -264.0 
-273.0 -239.0 
-253.0 -259.0 
-240.0 -272.0 
-274.0 -238.0 
-258.0 -254.0 
-262.0 -250.0 
-264.0 -248.0 
-265.0 -247.0 
-251.0 -261.0 
-255.0 -257.0 
-256.0 -256.0 
-263.0 -249.0 
-243.0 -269.0 
-242.0 -270.0 
-250.0 -262.0 
-266.0 -246.0 
-244.0 -268.0 
-241.0 -271.0 
-254.0 -258.0 
-267.0 -245.0 
-292.0 -220.0 
-229.0 -282.0 
-283.0 -227.0 
-235.0 -277.0 
-280.0 -232.0 
-233.0 -279.0 
-276.0 -236.0 
-239.0 -273.0 
-281.0 -230.0 
-270.0 -242.0 
-268.0 -244.0 
-259.0 -253.0 
-245.0 -267.0 
-247.0 -265.0 
-261.0 -251.0 
-272.0 -240.0 
-274.0 -238.0 
-264.0 -248.0 
-255.0 -257.0 
-258.0 -254.0 
-243.0 -269.0 
-265.0 -247.0 
-251.0 -261.0 
-254.0 -258.0 
-273.0 -239.0 
-263.0 -249.0 
-262.0 -250.0 
-267.0 -245.0 
-257.0 -255.0 
-240.0 -272.0 
-249.0 -263.0 
-244.0 -268.0 
-275.0 -237.0 
-248.0 -264.0 
-266.0 -246.0 
-256.0 -256.0 
-241.0 -271.0 
-253.0 -259.0 
-252.0 -260.0 
-250.0 -262.0 
-242.0 -270.0 
-229.0 -282.0 
-292.0 -220.0 
-283.0 -227.0 
-235.0 -277.0 
-280.0 -232.0 
-233.0 -279.0 
-276.0 -236.0 
-239.0 -273.0 
-281.0 -230.0 
-270.0 -242.0 
-245.0 -267.0 
-259.0 -253.0 
-268.0 -244.0 
-272.0 -240.0 
-261.0 -251.0 
-247.0 -265.0 
-258.0 -254.0 
-252.0 -260.0 
-243.0 -269.0 
-249.0 -263.0 
-254.0 -258.0 
-244.0 -268.0 
-273.0 -239.0 
-274.0 -238.0 
-255.0 -257.0 
-256.0 -256.0 
