-216.0 -296.0 
-291.0 -221.0 
-216.0 -296.0 
-291.0 -221.0 
-227.0 -285.0 
-227.0 -285.0 
-280.0 -232.0 
-280.0 -232.0 
-231.0 -280.0 
-237.0 -274.0 
-277.0 -235.0 
-231.0 -280.0 
-277.0 -235.0 
-235.0 -277.0 
-235.0 -277.0 
-233.0 -279.0 
-233.0 -279.0 
-262.0 -250.0 
-275.0 -237.0 
-252.0 -260.0 
-254.0 -258.0 
-260.0 -252.0 
-275.0 -237.0 
-252.0 -260.0 
-262.0 -250.0 
-239.0 -273.0 
-237.0 -274.0 
-260.0 -252.0 
-254.0 -258.0 
-239.0 -273.0 
-274.0 -238.0 
-243.0 -269.0 
-263.0 -249.0 
-246.0 -266.0 
-257.0 -255.0 
-247.0 -265.0 
-248.0 -264.0 
-245.0 -267.0 
-244.0 -268.0 
-251.0 -261.0 
-267.0 -245.0 
-265.0 -247.0 
-272.0 -240.0 
-264.0 -248.0 
-270.0 -242.0 
-242.0 -270.0 
-266.0 -246.0 
-249.0 -263.0 
-268.0 -244.0 
-241.0 -271.0 
-271.0 -241.0 
-258.0 -254.0 
-250.0 -262.0 
-255.0 -257.0 
-269.0 -243.0 
-273.0 -239.0 
-259.0 -253.0 
-256.0 -256.0 
-240.0 -272.0 
-244.0 -268.0 
-270.0 -242.0 
-249.0 -263.0 
-268.0 -244.0 
-263.0 -249.0 
-267.0 -245.0 
-272.0 -240.0 
-246.0 -266.0 
-259.0 -253.0 
-248.0 -264.0 
-273.0 -239.0 
-242.0 -270.0 
-241.0 -271.0 
-247.0 -265.0 
-257.0 -255.0 
-243.0 -269.0 
-256.0 -256.0 
-274.0 -238.0 
-245.0 -267.0 
-271.0 -241.0 
-250.0 -262.0 
-258.0 -254.0 
-264.0 -248.0 
-240.0 -272.0 
-255.0 -257.0 
-265.0 -247.0 
-269.0 -243.0 
-251.0 -261.0 
-266.0 -246.0 
-291.0 -221.0 
-216.0 -296.0 
-227.0 -285.0 
-280.0 -232.0 
-231.0 -280.0 
-277.0 -235.0 
-235.0 -277.0 
-233.0 -279.0 
-237.0 -274.0 
-252.0 -260.0 
-275.0 -237.0 
-254.0 -258.0 
-262.0 -250.0 
-260.0 -252.0 
-239.0 -273.0 
-265.0 -247.0 
-263.0 -249.0 
-266.0 -246.0 
-273.0 -239.0 
-259.0 -253.0 
-258.0 -254.0 
-268.0 -244.0 
-256.0 -256.0 
-251.0 -261.0 
-269.0 -243.0 
-249.0 -263.0 
-245.0 -267.0 
-244.0 -268.0 
-274.0 -238.0 
-246.0 -266.0 
-242.0 -270.0 
-250.0 -262.0 
-272.0 -240.0 
-241.0 -271.0 
-248.0 -264.0 
-240.0 -272.0 
-257.0 -255.0 
-264.0 -248.0 
-247.0 -265.0 
-243.0 -269.0 
-270.0 -242.0 
-271.0 -241.0 
-255.0 -257.0 
-267.0 -245.0 
-291.0 -221.0 
-216.0 -296.0 
-227.0 -285.0 
-280.0 -232.0 
-277.0 -235.0 
-231.0 -280.0 
-235.0 -277.0 
-233.0 -279.0 
-275.0 -237.0 
-254.0 -258.0 
-262.0 -250.0 
-260.0 -252.0 
-237.0 -274.0 
-252.0 -260.0 
-239.0 -273.0 
-263.0 -249.0 
-243.0 -269.0 
-240.0 -272.0 
-266.0 -246.0 
-257.0 -255.0 
-273.0 -239.0 
-244.0 -268.0 
-258.0 -254.0 
-241.0 -271.0 
-259.0 -253.0 
-251.0 -261.0 
-264.0 -248.0 
-249.0 -263.0 
-267.0 -245.0 
-255.0 -257.0 
-245.0 -267.0 
-270.0 -242.0 
-272.0 -240.0 
-247.0 -265.0 
-269.0 -243.0 
-242.0 -270.0 
-248.0 -264.0 
-256.0 -256.0 
-274.0 -238.0 
-271.0 -241.0 
-268.0 -244.0 
-246.0 -266.0 
-250.0 -262.0 
-265.0 -247.0 
-291.0 -221.0 
-216.0 -296.0 
-227.0 -285.0 
-280.0 -232.0 
-277.0 -235.0 
-231.0 -280.0 
-235.0 -277.0 
-233.0 -279.0 
-260.0 -252.0 
-275.0 -237.0 
-254.0 -258.0 
-252.0 -260.0 
-262.0 -250.0 
-237.0 -274.0 
-239.0 -273.0 
-259.0 -253.0 
-268.0 -244.0 
-242.0 -270.0 
-263.0 -249.0 
-244.0 -268.0 
-273.0 -239.0 
-271.0 -241.0 
-243.0 -269.0 
-256.0 -256.0 
