-217.0 -295.0 
-280.0 -232.0 
-280.0 -232.0 
-217.0 -295.0 
-223.0 -289.0 
-223.0 -289.0 
-246.0 -266.0 
-269.0 -243.0 
-236.0 -276.0 
-250.0 -262.0 
-238.0 -274.0 
-279.0 -233.0 
-263.0 -249.0 
-255.0 -257.0 
-274.0 -237.0 
-229.0 -283.0 
-265.0 -247.0 
-277.0 -235.0 
-265.0 -247.0 
-229.0 -283.0 
-240.0 -272.0 
-277.0 -235.0 
-260.0 -252.0 
-248.0 -264.0 
-225.0 -287.0 
-271.0 -241.0 
-227.0 -285.0 
-268.0 -244.0 
-260.0 -252.0 
-232.0 -280.0 
-233.0 -279.0 
-251.0 -261.0 
-237.0 -275.0 
-273.0 -239.0 
-240.0 -272.0 
-232.0 -280.0 
-227.0 -285.0 
-225.0 -287.0 
-268.0 -244.0 
-271.0 -241.0 
-248.0 -264.0 
-258.0 -254.0 
-254.0 -258.0 
-242.0 -270.0 
-273.0 -239.0 
-245.0 -267.0 
-234.0 -278.0 
-252.0 -260.0 
-257.0 -255.0 
-262.0 -250.0 
