-213.0 -298.0 
-295.0 -215.0 
-291.0 -220.0 
-221.0 -291.0 
-217.0 -295.0 
-288.0 -224.0 
-218.0 -294.0 
-227.0 -285.0 
-225.0 -287.0 
-285.0 -227.0 
-284.0 -228.0 
-286.0 -226.0 
-230.0 -282.0 
-224.0 -288.0 
-223.0 -289.0 
-229.0 -283.0 
-223.0 -289.0 
-229.0 -283.0 
-281.0 -231.0 
-282.0 -230.0 
-231.0 -281.0 
-280.0 -232.0 
-287.0 -225.0 
-237.0 -275.0 
-283.0 -229.0 
-233.0 -279.0 
-277.0 -235.0 
-232.0 -280.0 
-242.0 -270.0 
-235.0 -277.0 
-236.0 -276.0 
-238.0 -274.0 
-259.0 -253.0 
-267.0 -245.0 
-274.0 -238.0 
-255.0 -257.0 
-264.0 -248.0 
-269.0 -243.0 
-245.0 -267.0 
-262.0 -250.0 
-278.0 -234.0 
-275.0 -237.0 
-279.0 -233.0 
-266.0 -246.0 
-247.0 -265.0 
-257.0 -255.0 
-268.0 -244.0 
-258.0 -254.0 
-244.0 -268.0 
-253.0 -259.0 
-260.0 -252.0 
-248.0 -264.0 
-272.0 -240.0 
-241.0 -271.0 
-252.0 -260.0 
-249.0 -263.0 
-254.0 -258.0 
-250.0 -262.0 
-243.0 -269.0 
-234.0 -278.0 
-265.0 -247.0 
-270.0 -242.0 
-263.0 -249.0 
-273.0 -239.0 
-261.0 -251.0 
-240.0 -272.0 
-256.0 -256.0 
-251.0 -261.0 
-271.0 -241.0 
-276.0 -236.0 
-239.0 -273.0 
-246.0 -266.0 
-232.0 -280.0 
-282.0 -230.0 
-277.0 -235.0 
-240.0 -272.0 
-239.0 -273.0 
-236.0 -276.0 
-279.0 -233.0 
-234.0 -278.0 
-241.0 -271.0 
-260.0 -252.0 
-262.0 -250.0 
-249.0 -263.0 
-273.0 -239.0 
-231.0 -281.0 
-233.0 -279.0 
-250.0 -262.0 
-283.0 -229.0 
-242.0 -270.0 
-235.0 -277.0 
-238.0 -274.0 
-271.0 -241.0 
-276.0 -236.0 
-268.0 -244.0 
-237.0 -275.0 
-251.0 -261.0 
-263.0 -249.0 
-270.0 -242.0 
-253.0 -259.0 
-243.0 -269.0 
-245.0 -267.0 
-278.0 -234.0 
-272.0 -240.0 
-256.0 -256.0 
-259.0 -253.0 
-265.0 -247.0 
-280.0 -232.0 
-246.0 -266.0 
-247.0 -265.0 
-267.0 -245.0 
-248.0 -264.0 
-261.0 -251.0 
-255.0 -257.0 
-252.0 -260.0 
-275.0 -237.0 
-244.0 -268.0 
-281.0 -231.0 
-264.0 -248.0 
-257.0 -255.0 
-287.0 -225.0 
-266.0 -246.0 
-274.0 -238.0 
-269.0 -243.0 
-258.0 -254.0 
-254.0 -258.0 
-280.0 -232.0 
-287.0 -225.0 
-240.0 -272.0 
-278.0 -234.0 
-233.0 -279.0 
-238.0 -274.0 
-283.0 -229.0 
-239.0 -273.0 
-272.0 -240.0 
-249.0 -263.0 
-270.0 -242.0 
-246.0 -266.0 
-243.0 -269.0 
-265.0 -247.0 
-274.0 -238.0 
-266.0 -246.0 
-251.0 -261.0 
-262.0 -250.0 
-237.0 -275.0 
-271.0 -241.0 
-231.0 -281.0 
-263.0 -249.0 
-277.0 -235.0 
-259.0 -253.0 
-264.0 -248.0 
-244.0 -268.0 
-279.0 -233.0 
-269.0 -243.0 
-256.0 -256.0 
-235.0 -277.0 
-260.0 -252.0 
-245.0 -267.0 
-255.0 -257.0 
-257.0 -255.0 
-242.0 -270.0 
-273.0 -239.0 
-268.0 -244.0 
-250.0 -262.0 
-234.0 -278.0 
-253.0 -259.0 
-254.0 -258.0 
-276.0 -236.0 
-248.0 -264.0 
-267.0 -245.0 
-236.0 -276.0 
-258.0 -254.0 
-261.0 -251.0 
-247.0 -265.0 
-241.0 -271.0 
-252.0 -260.0 
-275.0 -237.0 
-235.0 -277.0 
-238.0 -274.0 
-278.0 -234.0 
-239.0 -273.0 
-273.0 -239.0 
-276.0 -236.0 
-258.0 -254.0 
-260.0 -252.0 
-267.0 -245.0 
-274.0 -238.0 
-268.0 -244.0 
-247.0 -265.0 
-251.0 -261.0 
-237.0 -275.0 
-279.0 -233.0 
-241.0 -271.0 
-245.0 -267.0 
-249.0 -263.0 
-234.0 -278.0 
-243.0 -269.0 
-259.0 -253.0 
-244.0 -268.0 
-242.0 -270.0 
-256.0 -256.0 
-255.0 -257.0 
-264.0 -248.0 
-269.0 -243.0 
-248.0 -264.0 
-283.0 -229.0 
-246.0 -266.0 
-236.0 -276.0 
-265.0 -247.0 
-266.0 -246.0 
-250.0 -262.0 
-263.0 -249.0 
-275.0 -237.0 
-233.0 -279.0 
-261.0 -251.0 
-252.0 -260.0 
-270.0 -242.0 
-271.0 -241.0 
-253.0 -259.0 
-262.0 -250.0 
-272.0 -240.0 
-257.0 -255.0 
-254.0 -258.0 
-283.0 -229.0 
-242.0 -270.0 
-273.0 -239.0 
-275.0 -237.0 
-270.0 -242.0 
-234.0 -278.0 
-246.0 -266.0 
-261.0 -251.0 
-248.0 -264.0 
-258.0 -254.0 
-268.0 -244.0 
-243.0 -269.0 
-265.0 -247.0 
-250.0 -262.0 
-272.0 -240.0 
-257.0 -255.0 
-236.0 -276.0 
-260.0 -252.0 
-262.0 -250.0 
-247.0 -265.0 
-251.0 -261.0 
-264.0 -248.0 
-267.0 -245.0 
-241.0 -271.0 
-269.0 -243.0 
-252.0 -260.0 
-254.0 -258.0 
