-327.0 -185.0 
-203.0 -309.0 
-203.0 -309.0 
-207.0 -304.0 
-229.0 -283.0 
-297.0 -215.0 
-320.0 -192.0 
-232.0 -280.0 
-275.0 -237.0 
-320.0 -192.0 
-245.0 -267.0 
-227.0 -285.0 
-220.0 -292.0 
-271.0 -241.0 
-301.0 -211.0 
-301.0 -211.0 
-257.0 -255.0 
-270.0 -242.0 
-210.0 -302.0 
-287.0 -225.0 
-211.0 -301.0 
-256.0 -256.0 
-218.0 -294.0 
-214.0 -298.0 
-252.0 -260.0 
-314.0 -198.0 
-273.0 -239.0 
-234.0 -278.0 
-266.0 -246.0 
-268.0 -244.0 
-293.0 -219.0 
-283.0 -229.0 
-246.0 -266.0 
-286.0 -226.0 
-281.0 -231.0 
-308.0 -204.0 
-290.0 -222.0 
-294.0 -218.0 
-292.0 -220.0 
-254.0 -258.0 
-278.0 -234.0 
-224.0 -288.0 
-264.0 -248.0 
-273.0 -239.0 
-284.0 -228.0 
-223.0 -289.0 
-241.0 -271.0 
-260.0 -252.0 
-239.0 -273.0 
-225.0 -287.0 
-319.0 -193.0 
-222.0 -290.0 
-217.0 -295.0 
-215.0 -297.0 
-243.0 -269.0 
-249.0 -263.0 
-238.0 -274.0 
-247.0 -265.0 
-215.0 -297.0 
-217.0 -295.0 
-277.0 -235.0 
-236.0 -276.0 
-306.0 -206.0 
-304.0 -208.0 
-238.0 -274.0 
-306.0 -206.0 
-317.0 -195.0 
-319.0 -193.0 
-277.0 -235.0 
-317.0 -195.0 
-304.0 -208.0 
-209.0 -303.0 
-247.0 -265.0 
-249.0 -263.0 
-236.0 -276.0 
-243.0 -269.0 
-222.0 -290.0 
-209.0 -303.0 
-316.0 -196.0 
-310.0 -202.0 
-226.0 -286.0 
-255.0 -257.0 
-313.0 -199.0 
-288.0 -224.0 
-312.0 -200.0 
-279.0 -233.0 
-315.0 -197.0 
-212.0 -300.0 
-235.0 -277.0 
-233.0 -279.0 
-302.0 -210.0 
-251.0 -261.0 
-269.0 -243.0 
-259.0 -253.0 
-261.0 -251.0 
-265.0 -247.0 
-240.0 -272.0 
-263.0 -249.0 
-261.0 -251.0 
-285.0 -227.0 
