-219.0 -293.0 
-291.0 -221.0 
-291.0 -221.0 
-219.0 -293.0 
-227.0 -285.0 
-271.0 -241.0 
-279.0 -233.0 
-262.0 -250.0 
-262.0 -250.0 
-228.0 -284.0 
-267.0 -245.0 
-233.0 -279.0 
-228.0 -284.0 
-267.0 -245.0 
-233.0 -279.0 
-286.0 -226.0 
-234.0 -278.0 
-288.0 -224.0 
-289.0 -223.0 
-268.0 -244.0 
-257.0 -255.0 
-222.0 -290.0 
-282.0 -230.0 
-282.0 -230.0 
-224.0 -288.0 
-240.0 -272.0 
-253.0 -259.0 
-224.0 -288.0 
-253.0 -259.0 
-240.0 -272.0 
-222.0 -290.0 
-251.0 -261.0 
-249.0 -263.0 
-238.0 -274.0 
-274.0 -238.0 
-243.0 -269.0 
-236.0 -276.0 
-256.0 -256.0 
-275.0 -237.0 
-285.0 -227.0 
-247.0 -265.0 
-276.0 -236.0 
-243.0 -269.0 
-285.0 -227.0 
-276.0 -236.0 
-251.0 -261.0 
-256.0 -256.0 
-274.0 -238.0 
-247.0 -265.0 
-238.0 -274.0 
