00000110010100000000010100101000000100110010110000000000010101000001010101001000101001111010110010100100101001110111000011100010011101001101110010100001111010110100110010010100010101000111010000101001111100001111000011110000001111001011010001010000001111111000110110001111010110101011000000101000000100111111000001011001001111010101010101101110100001111110000000111100011110110000100010100000011110010011101000100010011111110011000010010101111110010001001011011101000100000000100000110010110011000001101001011001 
01010110001111011010001001101011101100001011110111111100010000010100011010110011011011011101100011110111000110110100100100100111110111110001110101111000010101111011010011011010110111111100000101001001011110011111001001111101110110110111101110111110101101101111101101100011110000110111100110111001101111001000101100011001010110000010010111010010010000110100011101110110100101111011111001001111111111001010000100011110010010101110001111010001110101111010011010011011111110101111110101110000100111011110111111001101 
00000110010100000000010100101000000100110010110000000000010101000001010101001000101001111010110010100100101001110111000011100010011101001101110010100001111010110100110010010100010101000111010000101001111100001111000011110000001111001011010001010000001111111000110110001111010110101011000000101000000100111111000001011001001111010101010101101110100001111110000000111100011110110000100010100000011110010011101000100010011111110011000010010101111110010001001011011101000100000000100000110010110011000001101001011001 
01010110001111011010001001101011101100001011110111111100010000010100011010110011011011011101100011110111000110110100100100100111110111110001110101111000010101111011010011011010110111111100000101001001011110011111001001111101110110110111101110111110101101101111101101100011110000110111100110111001101111001000101100011001010110000010010111010010010000110100011101110110100101111011111001001111111111001010000100011110010010101110001111010001110101111010011010011011111110101111110101110000100111011110111111001101 
11000111100110110000101110100100010111110001111110111000010100111010101011101101010011111000011101001000111011101011101110010110010111000110100100110010110110111010101101111101001111010011000011001000001100010011001111100011001110100010110101010111110011000010011000010011001010110100100000010000111011011011101110110111010111010111110010001011100101001100001011111011110111110010001001010111001101011000101110010010111110100010001111010001110101111010011010011011111110101111110101110000100111011110111111001101 
11011000010101111100111100110101011000010000100010001111011110011111011110000111010111001111001110110100000110110000001000100010011111010111011100000011010010001110100100011010101011110011101110011111011110111100100100110011001001111111111010011101101101011001111101110001101101001100110100011010111111011100101111110101001101100010010111010010010000110100011101110110100101111011111001001111111111001010000100011110010010101110001111010001110101111010011010011011111110101111110101110000100111011110111111001101 
11011000010101111100111100110101011000010000100010001111011110011111011110000111010111001111001110110100000110110000001000100010011111010111011100000011010010001110100100011010101011110011101110011111011110111100100100110011001001111111111010011101101101011001111101110001101101001100110100011010111111011100101111110101001101100010010111010010010000110100011101110110100101111011111001001111111111001010000100011110010010101110001111010001110101111010011010011011111110101111110101110000100111011110111111001101 
11111001111111110100110100000111011001010100001111011110110111010100100110110110001101010111110011001110010000101101001011011101000110111000011010111001111110101111001110111100001101010111100101101110110011111000001111010101101000111110110010101111110011001111101000010011010101010101010110110010111110011000111010111101110110101010101100110011101010000110000100110110000011101110110010010110011101011010101100100001100011100111111110111110111100100010100001000100111110001011101111001110010010101010101110100010 
00000110010100000000010100101000000100110010110000000000010101000001010101001000101001111010110010100100101001110111000011100010010011100100011101110101001000000101000001101001001101111000101010000111100111111001001011010111110010111011100001110111001100100001110101111000100011100100010111011101000110100100011111011100000000011001110011110000111010011110100111000011010100011000100001011011010110100000010100010101000011101110100101101010000000001001110110001101101101111010111100100010000000000001011111001001 
00000110010100000000010100101000000100110010110000000000010101000001010101001000101001111010110010100100101001110111000011100010010011100100011101110101001000000101000001101001001101111000101010000111100111111001001011010111110010111011100001110111001100100001110101111000100011100100010111011101000110100100011111011100000000011001110011110000111010011110100111000011010100011000100001011011010110100000010100010101000011101110100101101010000000001001110110001101101101111010111100100010000000000001011111001001 
11011000010101111100111100110101011000010000100010001111011110011111011110000111010111001111001110110100000110110000001000100010011111010111011100000011010010001110100100011010101011110011101110011111011110111100100100110011001001111111111010011101101101011001111101110001101101001100110100011010111111011100101111110101001101100010010111010010010000110100011101110110100101111011111001001111111111001010000100011110010010101110001111010001110101111010011010011011111110101111110101110000100111011110111111000001 
11011000010101111100111100110101011000010000100010001111011110011111011110000111010111001111001110110100000110110000001000100010011111010111011100000011010010001110100100011010101011110011101110011111011110111100100100110011001001111111111010011101101101011001111101110001101101001100110100011010111111011100101111110101001101100010010111010010010000110100011101110110100101111011111001001111111111001010000100011110010010101110001111010001110101111010011010011011111110101111110101110000100111011110111111000001 
11000100010011101111110001000111010101011000010000010111110000011111010110011000101011100000001010101011011001001100010100010010011101010001000001010100011010011000101010100000010000011110000111001001000101011010000100000110010101010011011000111001101010111100011010111100101101011101101101011010010010001001000110001000110000010111100111000000100001011100111111001000010001001111010110111100101111001111001010010010011000101001000010100101000100000101010111010001001110000001110000111010001001101011000111000110 
11011110101111110100111011011111010110111110101100110100100110011001100110010000001111011010111000110011011100011011111110010100101110011000011010111001111110101111001110111100001101010111100101101110110011111000001111010101101000111110110010101111110011001111101000010011010101010101010110110010111110011000000101110010011010001011011100110011101010000110000100110110000011101110110010010110011101011010101110100110100100000000011111111011101100011001100110100011010101101001110011111010111100101010011011001001 
11111001111111110100110100000111011001010100001111011110110111010100100110110110001101010111110011001110010000101101001011011101000110111000011010111001111110101111001110111100001101010111100101101110110011111000001111010101101000111110110010101111110011001111101000010011010101010101010110110010111110011000111010111101110110101010101100110011101010000110000100110110000011101110110010010110011101011010101100100001100011100111111110111110111100100010100001000100111110001011101111001110010010101010101110100010 
00101001101111110110001110010100110111011101001011010000110000011000100101010101101111110111001101101101000001111110001111110011101110110001110110101100101100110001100000110110111111011111011100111000110101001011110111000100101101001100100111010110110100001100110101001111111110010101010001001110110111000011010100001110010001100010000111101111011111000001110010101010011011100001111111110111001101011000101110010010111110100001001100011110111111110100111110001011111000101111101111000000111011000001111011100101 
01010101001100011100101010110111010110110101100100010111111111101011010000000010000010011100011010110110110011101111111011100101111001011000011010111001111110101111001110111100001101010111100101101110110011111000001111010101101000111110110010101111110011001111101000010011010101010101010110110010111110011000111010111101110110101010101100110011101010000110000100110110000011101110110010010110011101011010101110100110100100000000011111111011101100011001100110100011010101101001110011111010111100101010011011001001 
11011110101111110100111011011001000001001111101111011001111110000100101110111111110101011111000001100101110111011001010101011011001101101000111001010111010011100101110100000001010010011111110010100111101101011000010110111010101011011011001001010010111110011001011000100100100000100001011011000110100000110000010101111011110000110011111110010000010111000001110010101010011011100001111111110111001101011000101110010010111110100001001100011110111111110100111110001011111000101111101111000000111011000001111011100101 
01010101001100011100101010110111010110110101100100010111111111101011010000000010000010011100011010110110110011101111111011100101111001011000011010111001111110101111001110111100001101010111100101101110110011111000001111010101101000111110110010101111110011001111101000010011010101010101010110110010111110011000111010111101110110101010101100110011101010000110000100110110000011101110110010010110011101011010101110100110100100000000011111111011101100011001100110100011010101101001110011111010111100101010011011001001 
11011001000000000000101100101010000001100000000000000110100100111010101110101010111100111101010101100010110000111111101100110010010101110101000000011100001010101110011010110100110100001101001001110000110001001011000010000110010111001110100001101000111000101010011000100100100111100000101110101000101000110110010011001011000011101101010010111000010001000101111101101001000111110110001101111100000100000100100100000101011110011100111000001000011010010100100100101110110001110100010110101111100000100110100111111001 
11011110101111110100111011011001000001001111101111011001111110000100101110111111110101011111000001100101110111011001010101011011001101101000111001010111010011100101110100000001010010011111110010100111101101011000010110111010101011011011001001010010111110011001011000100100100000100001011011000110100000110000010101111011110000110011111110010000010111000001110010101010011011100001111111110111001101011000101110010010111110100001001100011110111111110100111110001011111000101111101111000000111011000001111011100101 
11101001000000000000101100101010000001100000000000000110100100111010101110101010111100111101010101100010110000111111101100110010010101110101000000011100001010101110011010110100110100001101001001110000110001001011000010000110010111001110100001101000111000101010011000100100100111100000101110101000101000110110010011001011000011101101010010111000010001000101111101101001000111110110001101111100000100000100100100000101011110011100111000001000011010010100100100101110110001110100010110101111100000100110100111111001 
11011110101111110100111011011111010110111110101100110100100110011001100110010000001111011010111000110011011100011011111110010100101110011000011010111001111110101111001110111100001101010111100101101110110011111000001111010101101000111110110010101111110011001111101000010011010101010101010110110010111110011000000101110010011010001011011100000000001000111111001001001110101010100101100101000101111001011110001011100000100111101000110111000000111100101011010101001111100000000010000110110010111001110110110100011111 
00000110010100000000010100101000000100110010110000000000010101000001010101001000101001111010110010100100101001110111000011100010011101001101110010100001111010110100110010010100010101000111010000101001111100001111000011110000001111001011010001010000001111111000110110001011110000110001000000010100010001101001100001010011010110011101101111010110101010011011100001110011110110110001110001100110111001010001110101000111011101100110010011010111010111001111100100000100101001000110110101101010110110000110000011001101 
01101111110110111110001100001110110000011011011011100111010001011100010000011000110000000110010000111110110110100010000011101100110111001110100001011101111011110101101000111011001101001101000000101001110101000101100110010011110001101110001101110110110010000011110010100100111001010010001010010111110101011011011011100111110111100111101000111000011001111010101011011101011101110101011101000011100110110011010011111010110111010111110010111000110001011001010010101110011001101101000011111101011011001110011111111001 
00101001101111110110001110010100110111011101001011010000110000011000100101010101101111110111001101101101000001111110001111110011101110110001110110101100101100110001100000110110111111011111011100111000110101001011110111000100101101001100100111010110110100001100110101001111111110010101010001001110110111000011010100001110010001100010000111101111011011110100110010101010111100010001001111100110110100010001000100100011110110101110000000000111101011100001111010000010110100111110111001100111100011110101111110110101 
01100101110100000001001110100110001001011001000110000010110111010111000111010100000010001101100000100001010101111011101001001110100000011100100000101110011011110010011100010111010000101111000000011011110001010011001011101100010010011110111110100010110110110011000100000111110011001001110110110001000011101101000011100000000111100111000000110100111000100101011100101000110010001000000001011001111010101100101101100000111100111101100001010100010101001100101011101110001100000000100100110010000001000111100001011101 
11100000001111010110011111001011001011110000111110000001001101000001100011101100100000011110000100101100110010100010000111000000111101001101110010100001111010110100110010010100010101000111010000110101000001001010001010111001100111010011001101010001111111111001000111000001101100000000110011010000001011100001001110101011010001100001100011000101111100001010010000110011011111101100100001100000001101101000110111100010011100111110011011111010010000001000011011010000001011110101110011010101000100001001001010110011 
11000111100110110000101110100100010111110001111110111000010100111010101011101101010011111000011101001000111011101011101110010110010111000110100100110010110110111010101101111101001111010011000011001000001100010011001111100011001110100010110101010111110011000010011000010011001010110100100000010000111011011011101110110111010111010111110010001011100101001100001011111011110111110010001001010010100101011101001111111110010011100100101100111110101100001001010010110001001111110110011101101111100010011100011010100001 
00110010000101101101011111100001110111010011000101000111001010010000111010011110000000001110000011001011100100001100010100010100110010001100111111010010100110101111001110110011101110110001001000110101000001001010001010111001100111010011001101010001111111111001000111000001101100000000110011010000001011100001001110101011010001100001100011000101111101000011110101000001100001101100010110011100000101111100000100010010111010000100101001111101010010111101010001001001001100100110100011000000111011000001111011100101 
00101000101011100101000001000001101101100010100011101010000101101000011100000111110000001101110111001001000111000101000010010100100000001100010110001010000011110011110100111001001001001001010110110000110111100101111110011001110111010111101110111110101101101111101101100011110000110111100110111001101111001000101100011001010110000010010111010010010000110100011101110110100101111011111001001111111111001010000100011110010010101110001111010001110101111010011010011011111110101111110101110000100111011110111111001101 
10010000101100001011000001010101111101011100000111111001000100111100101110100110010110110101010111110000101101111111010011111101111100011001100010000011101010110111011110000101110001111100001000101011111110010011110101101111100100000101011000011010101100001100101111100010011110100100110111100111100001001011101010000111110100010100010110100100100101011110011001111000111010110001111001100001101101010011100010100100001101011010100101010111101100110001100011110010111001101101100110000101111111011110011001010011 
10010000101100001011000001010101111101011100000111111001000100111100101110100110010110110101010111110000101101111111010011111101111100011001100010000011101010110111011110000101110001111100001000101011111110010011110101101111100100000101011001011101101110000101000110111010011001001010101000000111111101111111111101011110101111110001011001101101101101110000010110011010000100000100010011110011001000101010101110001110100111010010111011011001000101110110010111111110100111100011110010001111000000001101111011000001 
00010001011010010011011100101001000001001111101111011001111110000100101110111111110101011111000001100101110111011001010101011011001101101000111001010111010011100101110100000001010010011111110010100111101101011000010110111010101011011011001001010010111110011001011000100100100000100001011011000110100000110000010101111011110000110011111110010000010111000001110010101010011011100001111111110111001101011000101110010010111110100001001100011110111111110100111110001011111000101111101111000000111011000001111011100101 
01101111000110111011101100010100101011011011101011111101010001100011100101101110001010011001111100110001010100110110100100101011010101111101010010100011001100001110011100011111011110111001001001110000101000000000100010110001010111100111010001100001100110110100011101110101101010111101010011001011001111110100111010001100110111100010010110000110101100011101011000001011001111110010001010101001111001100110101010001010100000000101111011100111010000110001000111111011011011100110100100001010010001000010110001110111 
10001010110101000011110010010011000011001111101000010110111011110000000110110000110111100001110111001010100111100000100110011100100010101101011001111110010111101110110110010110101101010010010110110000111011001100101000111000101000000111100001110000111100110011001111111100110000100010010100100100111000101101110110001011111000100110010011000111000001000010111101011100000010100011111001101111011001011100110101001100000001100100110110001011000110001110000011001000110101110001000100100101010011000111001110110001 
00111101001100010101010100100100100111100101000101000010001010001011011110111111100111001010100100100100010100101010011100001111100111011001111101111110111100110101011111010010010000001111110100100111010100010011010100000001101111000101100001001111100101101011111000110111100101010110011010000001111101100001111111110111010100100000110001010111111111010110011110011000101001010101001011000011100100011111000101100110100001010101100011001111001101000100101101110001001100000111100001011111101101010001010100000001 
00111000111011100000101111101111101011000111001111010010110001110001100100001001010111001101000000000010110111010110110010011100010010000101111111000111101101101000000100111110001100011111001111100010101001010111001000101011001101010001001111010000010111101001000010001111010110101011000000101000000100111111000001011001001111010101010101101110100001111110000000111100011110110000100010100000011110010011101000100010011111110011000010010101111110010001001011011101000100000000100000110010110011000001101001011001 
10001111011011000000101101001111111010000100110111011101101100001101000000000000111001010010110111101101000100111001010111110000010010100010001000011011011011100001101100011011110111001100010101001101101010111101000101010110111000000000001100110100101100110110110100101101011000101010100101011101010001100101101101111001010110010000011111110100100010101000101011100000011110011011101000010110101001000001110000011000010110011011100001000010101001001110010001110011101011001001101110110010000000111000101000000011 
00110010111001001000110011000011100011010101000101111110101101001010001011000111001010011000010101010110100011100000101001101101111111001011111011100100100001011001101001011000010000000001011000010000011110110000001100000001010011010110011000100000101001010000100000010111111011011010011010010011100100001011110110101001011000011111110000101011011100100110100000000100111111100110000010000010011001100101110010111011000110100110110000111010100101001110001001011111110011110110110011000000001110110101100010110101 
11111001111111110100110100000111011001010100001111011110110111010100100110110110001101010111110011001110001010000110000111111111000111001010000000001101000101101111111101100011010001000100000111100010101101010110001010001100111000000101010010001101001001010111100100010110101010110011100100001110011000010110110111000110000001010010000011010100001001000110111011010000011100110111100100001101100001011110110011110000110100110010111111111000000100000101100111100101100101110001011101000101001101111111111101000001 
01111010010111001011000110110000000100000010110100010011001101010011010101111111100111100100101100001110000100111000110111000000111010101110010100001100011011110011001100111100010011100110101011000000001110110110100101000010001111001011010101000000011011011010111011100101100101010010111011110001001100001110111111100100111010010010000010010101011001101000100001010011001101101101010100000011101101111011010001111100111111000101001000101101110010111001000001101111010101110011000101100111110111000101101000001011 
00111100011100010111101101000100000000011110100010011000011001000110110111111001101010000111010110011101110001110011111111101011101010001110111010101000111000110111110101100110001000100000110101001011100111001101101010101101100010110010111001000111100010011011011010000001010100010101001000010100100100101011110001011001101101100110000100111001110001111000111000111100000011100110001001111010111100110110010001101010111100000011000000011010101101101011111000110101100011101111110010000110101011000010010001101011 
11011100101011100011010001110101011111110001110011011010111011111001001000111001100101110101001000111010000111110110101001101110001101101000110001101010000000101110011010110100110100001101001001110000110001001011000010000110010111001110100001101000111000101010011000100100100111100000101110101000101000110110010011001011000011101101010010111000010001000101111101101001000111110110001101111100000100000100100100000101011110011100111000001000011010010100100100101110110001110100010110101111100000100110100111111001 
11111001101101010100010010010111001100010000001001011001111001010000110001000110111010110110011100100010110011110001010001010010000010011011010101000010110011100001100110010101111111111101000111101110110101101010010111011100000010011010001010101100000011000011101101101100110110100110010010010101010000000111010111001010011000000000110011001011110100111011111100100001111100101100111011000100000001111000010011110011110010001011010011011101101111010001100101001000101001000101101010001001010100101000011010101101 
01101010100011111101100101111100100110110010100000001101110101100000100010000111100101100101010101111110110110111000110110111010111001110011001010000001011010001100101110111110010111110110100110110111100110100110011001000000001111010111000111110111101100100101101101100101000011010111110100101100011100100001101101110111100010010000101001110011110011100011011011110110101000000111000110111011110001111010001100110010100100011111010001100001001111101101111010001100100100110010100000010101000001011001010101001111 
11001101000000100101001101011001010001011101110100110001111010100101010110000001011000011101001000000111001000100001100101101110000101010010001001000011000010010111111111000001000010100111101001000101010100110011010100111100011101001111011010101110000001111011111110011011111110100011010010110001010011001001000110011110010101011010010110011011100010110011011111111011100010011001001010111000111001010000000110100110101111111110111000000001110001100001110111101010000100100011001110100110100000001110101101010111 
00100110000000011110101101100111101101111110010001111100111011000000101111101101111011011111110000110000110110101111100111011101110001111110110100001010001010000110011001011001000100011011000010100000011010111111100110111011001001101111100001000011011101001011001010010100110001101000001010111010101101001000010011010110011100001000110010011000111100001110010101110011010101000101100011001101110111001110111000010010101110000110110101010110110010111010101110101100110110101100011000101010100001111100101000100111 
00011000001001001010011000100111001011101000010100001101011110111100110010011110011000001011111111011001001011011001100101101101011000101100110001011011011111000100101100010010101010000011000100101011100000110011101101111111001100011001010101111101100000100000100100001001001010010110010100000110000101000111110110101111010110011111011000011101010100110000100111101001100000111110100010010010001000000101110000000111100001100011101001001100000111011010111111110000101000011110111110110011011010111010000010100001 
11011011000001011001001001110010011100010001000010011111111010010111000110100111100000010110001110010010100111111101011010100000010010000110100111101101100110010101110000100111001011001010011001011111011101101011101100110010101110100000011100001011001001000110010011101011001110100010000001100010010101001100010101011011010000111111110110100100111011100010010111101011010000110110100011111110101100011010011110110000100101101100111010100010011111110011010000111010001010100001101011011011100000011010000010001101 
01001000001101111010100001010111011011101011011011010111001000111010001111001100111001011000000111110100010110001111111110100001001101011010010000101001111010001011111000000000110100001000110100001011010010010100101011010101110001011001011110011011000100010101111000100001110010101011111011011001100111010101000011100000101101110100010001010001100001110100000101101001101010001101110001100101110000001111000111110001001001011010000101000011000001100101100101011111110100000110011110000110010011011100110001100001 
01010101001100011100101010110111010110110101100100010111111111101011010000000010000010011100011010110110110011101111111011100101111001011000101101101010101110101011011101110011111100000000100000101011001000100000100010010111000001111001110110000011001111110101010110000011000110000001000101110110001000010100001110101111110100010000010010011101100111011100111001011100100101110001001011000100111010000110110110100110100100000000011111111011101100011001100110100011010101101001110011111010111100101010011011001001 
00011001010011010110001000001101111100100000110010101011111000111100110001010011111111111001011000101001100001111100110111110111011100001010000010010010011001011111101001000000101100111101001011110011001100100010111010101110011011110110100001101110011101011101000111010001110111110101101001111000101111010111000100100000111110101010000111010000100001011011000000101101101110110111000010010101110111000001001110000001111100110101101001111001111001001111111000011101100110001010110111101100001010010010000001101101 
01101101111011100110101010110101010011010101111001011000001011000100011111101101101010111111110001101101010010000000001011001001111100111000001001001001110111001110000011101100100101000000110111110010001000111101010010010101111100101111100001110101101100100001110101111000100011100100010111011101000110100100011111011100000000011001110011110000111010011110100110110100001110100000100100100001111010111011001100001100000011100010010100011100110111001011010111000111100000010011000110101100101110110111101100110011 
11000111100110110000101110100100010111110001111110111000010100111010101011101101010011111000011101001000111011101011101110010110010111000110100100110010110110111010101101111101001111010011000011001000001100010011001111100011001110100010110101010111110011000010011000010011001010110100100000010000111011011011101110110111010111010111110010001011100101001100001011111011110111110010001001010010100101011101001111111110010011100101011010101011011100101011101101010011101001001010110100000001100000000000001011001011 
01010110001111011010001001101011101100001011110111001111111000001010001000101011010110110000000100001111000101110000001000101010100111110111000111000101111010000011010000100000100010011110010001000000101000011010010110011011101001010101110011001111101010101101111100110011011111100001000000011000011000011010111111000110001111011101111101100010111100000101000101111111101100100110101010101011001100011011001010100100011100110101001101110011101101111110111000001111011100110110101010011011100110110010000100010111 
00100010100010001100100010011000010100011011001101101101110110101101010011001010101101101010110001111111011100010101010000001011011001011010001001011100010111101010011010111110000011010110100110001000010111111111101001111011110101011111110000010110111001001011000111011100011001101010110010011001001010101011100111000001100011001000000010100011101101000011110101000001100001101100010110011100000101111100000100010010111010000100101001111101010010111101010001001001001100100110100011000000111011000001111011100101 
11101011101011011111010101100110001110110100101010000100011011011000111000111101101001010101101101101000010000101101001011011101000110100100110101101111001101010001110010100000000001000101110011101100010011110000100000001001100111100111100011110100011111111101011100001010100110110110110111101100010111011110100101101010001110011111100010001010101100001110100111000011010100011000100001011011010110100000010100010101000011101110100101101010000000001001110110001101101101111010111100100010000000000001011111001001 
00110010000101101101011111100001110111010011000101000111001010010000111010011110000000001110000011001011100100001100010100010100110010001100111111010010100110101111001110110011101110110001001000110101000001001010001010111001100111010011001101010001111111111001000111000001101100000000110011010000001011100001001110101011010001100001100011000101111100001010010000110011011111101100100001100000001101101000110111100010011100111110011011111010010000001000011011010000001011110101110011010101000100001001001010110011 
11101001000000000000101100101010000001100000000000000110100100111010101110101010111100111101010101100010110000111111101100110010010101110101000000011100001010001111011111000011011100111100101111011110001010001100100010100111110111101011111011010111000010011011000010110000100101000111100001101000110001010011111000111101101001011000100100010001000001111111001101000111011001001100010101100111100011011001000001010010101111001001010010000111011000010010001010011000100011010010110101000101101000010110011110100101 
01001001011110111010000001010100111000100110111100010110000111110101100101110010000000010010001001001101110111101101100011111110101111111010001011110100101100101100011011001010011100100100111010010100100001101101011101011010000011010001101101010101010011000001000101001000010111111110011100100110011111011100101010111110011110011111100011101001010001000111010000010110100010001110101110111101100110110010010100101001011001010101101001110001001110011010010111011101011111110111000001011111010010001111111101000111 
11100111000010010101000011101000001010000110001011010110100101110101001101011111101100010100011000111001011011110110100100100001001111111100000111010110100101111101110010011001000110011011110110101110100110000011001111000100001000111001010010110010101011101110010010110011100000111011010000110111100010011000000101110010011010001011011100000000001000111111001001001110101010100101100101000101111001011110001011100000100111101000110111000000111100101011010101001111100000000010000110110010111001110110110100011111 
01110000111010010111110001101100001000000101110111010100101110001011000011001100100100100110111111000010011011110001001101111011101110011011011111110111000101110001100011111101101011010100110100101110011111000110110010000001111111011001110110000011001111110101010110000011000110000001000101110110001000010100001110101111110100010000010010011101100111011100111001011100100101110001001011000100111010000110110110100110100100000000011111111011101100011001100110100011010101101001110011111010111100101010011011001001 
11011100101011100011010001110101011111110001110011011010111011111001001000111001100101110101001000111010000111110110101001101110001101101000110001101010000000101110011010110100110100001101001001110000110001001011000010000110010111001110100001101000111000101010011000100100100111100000101110101000101000110110010011001011000011101101010010111000010001000101111101101001000111110110001101111100000100000100100100000101011110011100111000001000011010010100100100101110110001110100010110101111100000101000101000000011 
01110111111100001001110011010000110001100101010001001011101011110101110101111010111101101101101110010010011000001000110101010100111101101110101001010110000100100111111010110001110101001101111011100001000001101100111010100101001100101001000111001101001010111010010111000011011010110111111000010000010101011111010011001011001011100000110001010111111111010110011110011000101001010101001011000011100100011111000101100110100001010101100011001111001101000100101101110001001100000111100001011111101101010001010100000001 
11000111100110110000101110100100010111110001111110111000010100111010101011101101010011111000011101001000111011101011101110010110010111000110100100110010110110111010101101111101001111010011000011001000001100010011001111100011001110100010110101010111110011000010011000010011001010110100100000010000111011011011101110110111010111010111110010001011100101001100001011111011110111110010001001010010100101011101001111111110010011100101011010101011011100101011101101010011101001001010110100000000001101010101101011100111 
11000111100110110000101110100100010111110001111110111000010100111010101011101101010011111000011101001000111011101011101110010110010111000110100100110010110110111010101101111101001111010011000011001000001100010011001111100011001110100010110101010111110011000010011000010011001010110100100000010000111011011011101110110111010111010111110010001011100101001100001011111011110111110010001001010010100101011101001111111110010011100101011010101111110011011010101010010110011111010000111110001011100010100111101000010101 
00110010000101100000101110100100010111110001111110111000010100111010101011101101010011111000011101001000111011101011101110010110010111000110100100110010110110111010101101111101001111010011000011001000001100010011001111100011001110100010110101010111110011000010011000010011001010110100100000010000111011011011101110110111010111010111110010001011100101001100001011111011110111110010001001010010100101011101001111111110010011100100101100111110101100001001010010110001001111110110011101101111100010011100011010100001 
00010000111001001000110011000011100011010101000101111110101101001010001011000111001010011000010101010110100011100000101001101101111111001011111011100100100001011001101001011000010000000001011000010000011110110000001100000001010011010110011000100000101001010000100000010111111011011010011010010011100100001011110110101001011000011111110000101011011100100110100000000100111111100110000010000010011001100101110010111011000110100110110000111010100101001110001001011111110011110110110011000000001110110101100010110101 
00101000101011100101000001000001101101100010100011101010000101101000011100000111110000001101110111001001000111000101000010010100100000001100010110001010000011110011110100111001001001001001010110110000110111100101111110011001110111010111101110111110101101101111101101100011110000110111100110111001101111001000101100011001010110001100110000001000101011011101010010101100111010101010110011001000001001100011000001000001000100100101001001000100000110010110000010111000111000101100000011001011110010000101000100010001 
01001001011110111010000001010100111000100110111100010110000111110101100101110010000000010010001001001101110111101101100011111110101111111010001011110100101100101100011011001010011100100100111010010100100001101101011101011010000011010001101101010101010011000001000101001000010111111110011100100110011111011100101010111110011110011111100011101001010001000111010000010110100010001110101110111101100110110010010100101001011001010101101001110001001110011010010111011101011111110111000001011111010010001111111101000111 
11101001000000000000101100101010000001100000000000000110100100111010101110101010111100111101010101100010110000111111101100110010010101110101000000011100001010001111011111000011011100111100101111011110001010001100100010100111110111101011111011010111000010011011000010110000100101000111100001101000110001010011111000111101101001011000100100010001000001111111001101000111011001001100010101100111100011011001000001010010101111001001010010000111011000010010001010011000100011010010000011001011110010000101000100010001 
01010110001111011010001001101011101100001011110111001111111000001010001000101011010110110000000100001111000101110000001000101010100111110111000111000101111010000011010000100000100010011110010001000000101000011010010110011011101001010101110011001111101010101101111100110011011111100001000000011000011000011010111111000110001111011101111101100010111100000101000101111111101100100110101010101011001100011011001010100100011100110101001101110011101101111110111000001111011100110110101010011011100110110010000100010111 
00010000111001001000110011000011100011010101000101111110101101001010001011000111001010011000010101010110100011100000101001101101111111001011111011100100100001011001101001011000010000000001011000010000011110110000001100000001010011010110011000100000101001010000100000010111111011011010011010010011100100001011110110101001011000011111110000101011011100100110100000000100111111100110000010000010011001100101110010111011000110100110110000111010100101001110001001011111110011110110110011000000001110110101100010110101 
11011011000001011001001001110010011100010001000010011111111010010111000110100111100000010110001110010010100111111101011010100000010010000110100111101101100110010101110000100111001011001010011001011111011101101011101100110010101110100000011100001011001001000110010011101011001110100010000001100010010101001100010101011011010000111111110110100100111011100010010111101011010000110110100011111110101100011010011110110000100101101100111010100010011111110011010000111010001010100001101011011011100000011010000010001101 
00011001010011010110001010100100010111110001111110111000010100111010101011101101010011111000011101001000111011101011101110010110010111000110100100110010110110111010101101111101001111010011000011001000001100010011001111100011001110100010110101010111110011000010011000010011001010110100100000010000111011011011101110110111010111010111110010001011100101001100001011111011110111110010001001010010100101011101001111111110010011100101011010101111110010111001000001101111010101110011000101100111110111000101101000001011 
11000100010011101111110001000111010101011000010000010111110000011111010110011000101011100000001010101011011001001100010100010010011101010001000001010100011010011000101010100000010000011110000111001001000101011010000100000110010101010011011000111001101010111100011010111100101101011101101101011010010010001001000110001000110000010111100111000000100001011100111111001000010001001111010110111100101111001111001010010010011000101001000010100101000100000101010111010001001110000001110000111010001001101011000111000110 
11000111100110110000101110100100010111110001111110111000010100111010101011101101010011111000011101001000111011101011101110010110010111000110100100110010110110111010101101111101001111010011000011001000001100010011001111100011001110100010110101010111110011000010011000010011001010110100100000010000111011011011101110110111010111010111110010001011100101001100001011111011110111110010001001010010100101011101001111111110010011100101011010101011011100101011101101010011101001001010110100000001100000000000001011001011 
11111001111111110100110100000111011001010100001111011110110111010100100110110110001101010111110011001110010000101101001011011101000110111000011010111001111110101111001110111100001101010111100101101110110011111000001111010101101000111110110010001101001001010111100100010110101010110011100100001110011000010110110111000110000001010010000011010100001001000110111011010000011100110111100100001101100001011110110011110000110100110010111111111000000100000101100111100101100101110001011101000101001101111111111101000001 
11011100101011100011010001110101011111110001110011011010111011111001001000111001100101110101001000111010000111110110101001101110001101101000110001101010000000101110011010110100110100001101001001110000110001001011000010000110010111001110100001101000111000101010011000100100100111100000101110101000101000110110010011001011000011101101010010111000010001000101111101101001000111110110001101111100000100000100100100000101011110011100111000001000011010010100100100101110110001110100010110101111100000100110100111111001 
01101010100011111101100101111100100110110010100000001101110101100000100010000111100101100101010101111110110110111000110110111010111001110011001010000001011010001100101110111110010111110110100110110111100110100110011001000000001111010111000111110111101100100101101101100101000011010111110100101100011100100001101101110111100010010000101001110011110011100011011011110110101000000111000110111011110001111010001100110010100100011111010001100001001111101101101101010011101001001010110100000001100000000000001011001011 
00000110010100000000010100101000000100110010110000000000010101000001010101001000101001111010110010100100101001110111000011100010010011100100011101110101001000000101000001101001001101111000101010000111100111111001001011010111110010111011100001110111001100100001110101111000100011100100010111011101000110100100011111011100000000011001110011110000111010011110100111000011010100011000100001011011010110100000010100010101000011101110100101101010000000001001110110001110110001110100010110101111010010001111111101000111 
11000111100110110000101110100100010111110001111110111001101000111001011110110101000011010000011111010111111001000010000010110010011101001101110010100001111010110100110010010100010101000111010000101001111100001111000011110000001111001011010001010000001111111000110110001111010110101011000000101000000100111111000001011001001111010101010101101110100001111110000000111100011110110000100010100000011110010011101000100010011111110011000010010101111110010001001011011101000100000000100000110010110011000001101001011001 
11011110101111110100111011011111010110111110101100110100100110011001100110010000001111011010111000110011011100011011111110010100101110011000011010111001111110101111001110111100001101010111100101101110110011111000001111010101101000111110110010101111110011001111101000010011010101010101010110110010111110011000000101110010011010001011011100000000001000111111001001001110101010100101100101000101111001011110001011100000100111101000110111000000111100101011010101001111100000000010000110110010111001110110110100011111 
10010000101100001011000001010101111101011100000111111001000100111100101110100110010110110101010111110000101101111111010011111101111100011001100010000011101010110111011110000101110001111100001000101011111110010011110101101111100100000101011001011101010111101001000010001111010110101011000000101000000100111111000001011001001111010101010101101110100001111110000000111100011110110000100010100000011110010011101000100010011111110011000010010101111110010001001011011101000100000000100000110010110011000001101001011001 
01101010100011111101100101111100100110110010100000001101110101100000100010000111100101100101010101111110110110111000110110111010111001110011001010000001011010001100101110111110010111110110100110110111100110100110011001000000001111010111000111110111101100100101101101100101000011010111110100101100011100100001101101110111100010010000101001110011110011100011011011110110101000000111000110111011110001111010001100110010100100011111010001100001001111101101111010001100100100110010100000010101000001011001010101001111 
11000111100110110000101110100100010111110001111110111000010100111010101011101101010011111000011101001000111011101011101110010110010111000110100100110010110110111010101101111101001111010011000011001000001100010011001111100011001110100010110101010111110011000010011000010011001010110100100000010000111011011011101110110111010111010111110010001011100101001100001011111011110111110010001001010010100101011101001111111110010011100101011010101111110011011010101010010110011111010000111110001011100010100111101000010101 
00111000111011100000101111101111101011000111001111010010110001110001100100001001010111001101000000000010110111010110110010011100010010000101111111000111101101101000000100111110001100011111001111100010101001010111001000101011001101010001001111010000010111101001000010001111010110101011000000101000000100111111000001011001001111010101010101101110100001111110000000111100011110110000100010100000011110010011101000100010011111110011000010010101111110010001001011011101000100000000100000110010110011000001101001011001 
00110010000101101101011111100001110111010011000101000111001010010000111010011110000000001110000011001011100100001100010100010100110010001100111111010010100110101111001110110011101110110001001000110101000001001010000010000110010111001110100001101000111000101010011000100100100111100000101110101000101000110110010011001011000011101101010010111000010001000101111101101001000111110110001101111100000100000100100100000101011110011100111000001000011010010100100100101101101101111010111100100010000000000001011111001001 
11000100010011101111110001000111010101011010100011101010000101101000011100000111110000001101110111001001000111000101000010010100100000001100010110001010000011110011110100111001001001001001010110110000110111100101111110011001110111010111101110111110101101101111101101100011110000110111100110111001101111001000101100011001010110000010010111010010010000110100011101110110100101111011111001001111111111001010000100011110010010101110001111010001110101111010011010011011111110101111110101110000100111011110111111001101 
11000100010011101111110001000111010101011000010000010111110000011111010110011000101011100000001010101011011001001100010100010010011101010001000001010100011010011000101010100000010000011110000111001001000101011000001111010101101000111110110010101111110011001111101000010011010101010101010110110010111110011000000101110010011010001011011100000000001000111111001001001110101010100101100101000101111001011110001011100000100111101000110111000000111100101011010101001111100000000010000110110010111001110110110100011111 
00101000101011100101000001000001101101100010100011101010000101101000011100000111110000001101110111001001000111000101000010010100100000001100010110001010000011110011110100111001001001001001010110110000110111100101111110011001110111010111101110111110101101101111101101100011110000110111100110111001101111001000101100011001010110001100110000001000101011011101010010101100111010101010110011001000001001100011000001000001000100100101001001000100000110010110000010111000111000101100000011001011110010000101000100010001 
00011000000100000001001110100110001001011001000110001101110101100000100010000111100101100101010101111110110110111000110110111010111001110011001010000001011010001100101110111110010111110110100110110111100110100110011001000000001111010111000111110111101100100101101101100101000011010111110100101100011100100001101101110111100010010000101001110011110011100011011011110110101000000111000110111011110001111010001100110010100100011111010001100001001111101101111010001100100100110010100000010101000001011001010101001111 
10001111011011000000101101001111111010000100110111011101101100001101000000000000111001010010110111101101000100111001010111110000010010100010001000011011011011100001101100011011110111001100010101001101101010111101000101010110111000000000001100110100101100110110110100101101011000101010100101011101010001100101101101111001010110010000011111110100100010101000101011100000011110011011101000010110101001000001110000011000010110011011100001000010101001001110010001110011101011001001101110110010000000111000101000000011 
11101001000000000000101100101010000001100000000000000110100100111010101110101010111100111101010101100010110000111111101100110010010101110101000000011100001010001111011111000011011100111100100010100111101101011000010110111010101011011011001001010010111110011001011000100100100000100001011011000110100000110000010101111011110000110011111110010000010011110100110010101010111100010001001111100110110100010001000100100011110110101110000000000111101011100001111010000010110100111110111001100111100011110101111110110101 
00010001011010010011011100101001000001001111101111011001111110000100101110111111110101011111000001100101110111011001010101011011001101101000111001010111010011100101110100000001010010011111111111011110001010001100100010100111110111101011111011010111000010011011000010110000100101000111100001101000110001010011111000111101101001011000100100010001000001111111001101000111011001001100010101100111100011011001000001010010101111001001010010000111011000010010001010011000100011010010110101000101101000010110011110100101 
00101000101011100101000001000001101101100010100011101010000101101000011100000111110000001101110111001001000111000101000010010100100000001100010110001010000011110011110100111001001001001001010110110000110111100101111110011001110111010110110000010000111100000100110111001100111101011011100110101100101010011011111011000110101001101100000111000010001111001111110011111000010100100011010110010111010101110001001100101111000101010101111111010001110111101110100111000101100011101110110000001000011110110011000010101111 
10010000101100001011000001010101111101011100000111111001000100111100101110100110010110110101010111110000101101111111010011111101111100011001100010000011101010110111011110000101110001111100001000101011111110010011110101101111100100000101011000011010101100001100101111100010011110100100110111100111100001001011101010000111110100010100010110100100100101011110011001111000111010110001111001100001101101010011100010100100001101011010100101010111101100110001100011110010111001101101100110000101111111011110011001010011 
10001010110101000011110010010011000011001111101000010110111011110000000110110000110111100001110111001010100111100000100110011100100010101101011001111110010111101110110110010110101101010010010110110000111011001100101000111000101000000111100001110000111100110011001111111100110000100010010100100100111000101101110110001011111000100110010011000111000001000010111101011100000010100011111001101111011001011100110101001100000001100100110110001011000110001111111010000010110100111110111001100111100011110101111110110101 
11111001101101010100010010010111001100010000001001011001111001010000110001000110111010110110011100100010110011110001010001010010000010011011010101000010110100110001100000110110111111011111011100111000110101001011110111000100101101001100100111010110110100001100110101001111111110010101010001001110110111000011010100001110010001100010000111101111011011110100110010101010111100010001001111100110110100010001000100100011110110101110000000000111101011100000000011001000110101110001000100100101010011000111001110110001 
00000110010100000000010100101000000100110010110000000000010101000001010101001000101001111010110010100100101001110111000011100010010011100100011101110101001000000101000001101001001101010111100101101110110011111000001111010101101000111110110010101111110011001111101000010011010101010101010110110010111110011000000101110010011010001011011100000000001000111111001001001110101010100101100101000101111001011110001011100000100111101000110111000000111100101011010101001111100000000010000110110010111001110110110100011111 
00010001011010010011011100101111010110111110101100110100100110011001100110010000001111011010111000110011011100011011111110010100101110011000011010111001111110101111001110111100001101010111100101101110110011111000001111010101101000111110110010101111110011001111101000010011010101010101010110110010111110011000111010111101110110101010101100110011101010000110000100110110000011101110110010010110011101000101110000000111100001100011101001001100000111011010111111110000101000011110111110110011011010111010000010100001 
11111001101101010100010010010111001100010000001001011001111001010000110001000110111010110110011100100010110011110001010001010010000010011011010101000010110011100001100110010101111111111101000111101110110101101010010111011100000010011010001010101100000011000011101101101100110110100110010010010101010000000111010111001010011000000000110011001011110100111011111100100001111100101100111011000100000001111000010011110011110010001011010011011101101111010001100101001000101001000101101010001001010100101000011010101101 
11101001000000000000101100101010000001100000000000000110100100111010101110101010111100111101010101100010110000111111101100110010010101110101000000011100001010001111011111000011011100111100101111011110001010001100100010100111110111101011111011010111000010011011000010110000100101000111100001101000110001010011111000111101101001011000100100010001000001111111001101000111011001001100010101100111100011011001000001010010101111001001010010000111011000010010001010011000100011010010110101000101101000010110011110100101 
00010001011010010011011100101001000001001111101111011001111110000100101110111111110101011111000001100101110111011001010101011011001101101000111001010111010011100101110100000001010010011111110010100111101101011000010110111010101011011011001001010010111110011001011000100100100000100001011011000110100000110000010101111011110000110011111110010000010111000001110010101010011011100001111111110010100101011101001111111110010011100101011010101111110011011010101010010110011111010000111110001011100010100111101000010101 
10010000101100001011000001010101111101011100000111111001000100111100101110100110010110110101010111110000101101111111010011111101010101111101010010100011001100001110011100011111011110111001001001110000101000000000100010110001010111100111010001100001100110110100011101110101101010111101010011001011001111110100111010001100110111100010010110000110101100011101011000001011001111110010001010101001111001100110101010001010100000000101111011100111010000110001000111111011011011100110100100001010010001000010110001110111 
00101000101011100101000001000001101101100010100011101010000101101000011100000111110000001101110111001001000111000101000010010100100000001100010110001010000011110011110100111001001001001001010110110000110111100101111110011001110111010111101110111110101101101111101101100011110000110111100110111001101111001000101100011001010110000010010111010010010000110100011101110110100101111011111001001111111111001010000100011110010010101101001100011110111111110100111110001011111000101111101111000000111011000001111011100101 
00110010000101101101011111100001110111010011000101000111001010010000111010011110000000001110000011001011100100001100010100010100110010001100111111010010100110101111001110110011101110110001001000110101000001001010001010111001100111010011001101010001111111111001000111000001101100000000110011010000001011100001001110101011010001100001100011000101111101000011110101000001100001101100010110011100000101111100000100010010111010000100101001111101010010111101010001001001001100100110100011000000111011000001111011100101 
01101111000110111011101100010100101011011011101011111101010001100011100101101110001010011001111100110001010100110110100100101011010101111101010010100011001100001110011100011111011110111001001001110000101000000000100010110001010111100111010001100001100110110100011101110101101010111101010011001011001111110100111010001100110111100010010110000110101100011101011000001011001111110010001010101001111001100110101010001010100000000101111011100111010000110001000111111011011011100110100100001010010001000010110001110111 
01001000001101111010100001010111011011101011011011010111001000111010001111001100111001011000000111110100010110001111111110100001001101011010010000101001111010001011111000000000110100001000110100001011010010010100101011010101110001011001011110011011000100010101111000100001110010101011111011011001100111010101000011100000101101110100010001010001100001110100000101101001101010001101110001100101110000001111000111110001001001011010000101000011000001100101100101011111110100000110011110000110010011011100110001100001 
11001101000000100101001101011001010001011101110100110001111010100101010110000001011000011101001000000111001000100001100101101110000101010010001001000011000010010111111111000001000010100111101001000101010100110011010100111100011101001111011010101110000001111011111110011011111110100011010010110001010011001001000110011110010101011010010110011011100010110011011111111011100010011001001010111000111001010000000110100110101111111110111000000001110001100001110111101010000100100011001110100110100000001110101101010111 
11111001111111110100110100000111011001010100001111011110110111010100100110110110001101010111110011001110001010000110000111111111000111001010000000001101000101101111111101100011010001000100000111100010101101010110001010001100111000000101010010001101001001010111100100010110101010110011100100001110011000010110110111000110000001010010000011010100001001000110111011010000011100110111100100001101100001011110110011110000110100110010111111111000000100000101100111100101100101110001011101000101001101111111111101000001 
00011001010011010110001010100100010111110001111110111000010100111010101011101101010011111000011101001000111011101011101110010110010111000110100100110010110110111010101101111101001111010011000011001000001100010011001111100011001110100010110101010111111100000100110111001100111101011011100110101100101010011011111011000110101001101100000111000010001111001111110011111000010100100011010110010111010101110001001100101111000101010101111111010001110111101110100111000101100011101110110000001000011110110011000010101111 
01101111110110111110001100001110110000011011011011100111010001011100010000011000110000000110010000111110110110100010000011101100110111001110100001011101111011110101101000111011001101001101000000101001110101000101100110010011110001101110001101110110110010000011110010100100111001010010001010010111110101011011011011100111110111100111101000111000011001111010101011011101011101110101011101000011100110110011010011111010110111010111110010111000110001011001010010101110011001101101000011111101011011001110011111111001 
11100111000010010101000011101000001010000110001011010110100101110101001101011111101100010100011000111001011011110110100100100001001111111100000111010110100101111101110010011001000110011011110110101110100110000011001111000100001000111001010010110010101011101110010010110011100000111011010000110111100010011000000101110010011010001011011100000000001000111111001001001110101010100101100101000101111001011110001011100000100111101000110111000000111100101011010101001111100000000010000110110010111001110110110100011111 
11000111100110110000101110100100010111110001111110111000010100111011011110111111100111001010100100100100010100101010011100001111100111011001111101111110111100110101011111010010010000001111110100100111010100010011010100000001101111000101100001001111100101101011111000110111100101010110011010000001111101100001111111110111010100100000110001010111111111010110011110011000101001010101001011000011100100011111000101100110100001010101100011001111001101000100101101110001001100000111100001011111101101010001010100000001 
00111101001100010101010100100100100111100101000101000010001010001010101011101101010011111000011101001000111011101011101110010110010111000110100100110010110110111010101101111101001111010011000011001000001100010011001111100011001110100010110101010111110011000010011000010011001010110100100000010000111011011011101110110111010111010111110010001011100101001100001011111011110111110010001001010010100101011101001111111110010011100101011010101011011100101011101101010011101001001010110100000001100000000000001011001011 
00011001010011010110001000001101111100100000110010101011111000111100110001010011111111111001011000101001100001111100110111110111011100001010000010010010011001011111101001000000101100111101001011110011001100100010111010101110011011110110100001101110011101011101000111010001110111110101101001111000101111010111000100100000111110101010000111010000100001011011000000101101101110110111000010010101110111000001001110000001111100110101101001111001111001001111111000011101100110001010110111101100001010010010000001101101 
00110010000101101101011111100001110111010011000101000111001010010000111010011110000000001110000011001011100100001100010100010100110010001100111111010010100110101111001110110011101110110001001000110101000001001010001010111001100111010011001101010001111111111001000111000001101100000000110011010000001011100001001110101011010001100001100011000101111100001010010000110011011111101100100001100000001101101000110111100010011100111110011011111010010000001000011011010000001011110101110011010101000100001001001010110011 
00000110010100000000010100101000000100110010110000000000010101000001010101001000101001111010110010100100101001110111000011100010011101001101110010100001111010110100110010010100010101000111010000101001111100001111000011110000001111001011010001010000001111111000110110001111010110101011000000101000000100111111000001011001001111010101010101101110100001111110000000111100011110110000100010100000011110010011101000100010011111110011000010010101111110010001001011011101000100000000100000110010110011000001101001011001 
11011000010101111100111100110101011000010000100010001111011110011111011110000111010111001111001110110100000110110000001000100010011111010111011100000011010010001110100100011010101011110011101110011111011110111100100100110011001001111111111010011101101101011001111101110001101101001100110100011010111111011100101111110101001101100010010111010010010000110100011101110110100101111011111001001111111111001010000100011110010010101110001111010001110101111010011010011011111110101111110101110000100111011110111111001101 
00000110010100000000010100101000000100110010110000000000010101000001010101001000101001111010110010100100101001110111000011100010010011100100011101110101001000000101000001101001001101111000101010000111100111111001001011010111110010111011100001110111001100100001110101111000100011100100010111011101000110100100011111011100000000011001110011110000111010011110100111000011010100011000100001011011010110100000010100010101000011101110100101101010000000001001110110001101101101111010111100100010000000000001011111001001 
11011000010101111100111100110101011000010000100010001111011110011111011110000111010111001111001110110100000110110000001000100010011111010111011100000011010010001110100100011010101011110011101110011111011110111100100100110011001001111111111010011101101101011001111101110001101101001100110100011010111111011100101111110101001101100010010111010010010000110100011101110110100101111011111001001111111111001010000100011110010010101110001111010001110101111010011010011011111110101111110101110000100111011110111111000001 
11111001111111110100110100000111011001010100001111011110110111010100100110110110001101010111110011001110010000101101001011011101000110111000011010111001111110101111001110111100001101010111100101101110110011111000001111010101101000111110110010101111110011001111101000010011010101010101010110110010111110011000111010111101110110101010101100110011101010000110000100110110000011101110110010010110011101011010101100100001100011100111111110111110111100100010100001000100111110001011101111001110010010101010101110100010 
01010110001111011010001001101011101100001011110111111100010000010100011010110011011011011101100011110111000110110100100100100111110111110001110101111000010101111011010011011010110111111100000101001001011110011111001001111101110110110110110000010000111100000100110111001100111101011011100110101100101010011011111011000110101001101100000111000010001111001111110011111000010100100011010110010111010101110001001100101111000101010101111111010001110111101110100111000101100011101110110000001000011110110011000010101111 
11101001000000000000101100101010000001100000000000000110100100111010101110101010111100111101010101100010110000111111101100110010010101110101000000011100001010101110011010110100110100001101001001110000110001001011000010000110010111001110100001101000111000101010011000100100100111100000101110101000101000110110010011001011000011101101010010111000010001000101111101101001000111110110001101111100000100000100100100000101011110011100111000001000011010010100100100101110110001110100010110101111100000100110100111111001 
00111000111011100000101111101111101011000111001111010010110001110001100100001001010111001101000000000010110111010110110010011100010010000101111111000111101101101000000100111110001100011111001111100010101001010111001000101011001101010001001111010000010111101001000010001111010110101011000000101000000100111111000001011001001111010101010101101110100001111110000000111100011110110000100010100000011110010011101000100010111010000100101001111101010010111101010001001001001100100110100011000000111011000001111011100101 
11011110101111110100111011011111010110111110101100110100100110011001100110010000001111011010100100100100010100101010011100001111100111011001111101111110111100110101011111010010010000001111110100100111010100010011010100000001101111000101100001001111100101101011111000110111100101010110011010000001111101100001111111110111010100100000110001010111111111010110011110011000101001010101001011000011100100011111000101100110100001010101100011001111001101000100101101110001001100000111100001011111101101010001010100000001 
11011100101011100011010001110101011111110001110011011010111011111001001000111001100101110101001000111010000111110110101001101110001101101000110001101010000000101110011010110100110100001101001001110000110001001011000010000110010111001110100001101000111000101010011000100100100111100000101110101000101000110110010011001011000011101101010010111000010001000101111101101001000111110110001101111100000100000100100100000101011110011100111000001000011010010100100100101110110001110100010110101111100000100110100111111001 
11000111100110110000101110100100010111110001111110111001101000111001011110110101000011010000011111010111111001000010000010110010111101001000111110010010100110101111001110110011101110110001001000110101000001001010001010111001100111010011001101010001111111101001000010001111010110101011000000101000000100111111000001011001001111010101010101101110100001111110000000111100011110110000100010100000011110010011101000100010011111110011000010010101111110010001001011011101000100000000100000110010110011000001101001011001 
10010000101100001011000001010101111101011100000111111001000100111100101110100110010110110101010111110000101101111111010011111101111100011001100010000011101010110111011110000101110001111100001000101011111110010011110101101111100100000101011001011101010111101001000010001111010110101011000000101000000100111111000001011001001111010101010101101110100001111110000000111100011110110000100010100000011110010011101000100010011111110011000010010101111110010001001011011101000100000000100000110010110011000001101001011001 
00111101001100010101010100100100100111100101000101000010001010001011011110111111100111001010100100100100010100101010011100001111100111011001111101111110111100110101011111010010010000001111110100100111010100010011010100000001101111000101100001001111100101101011111000110111100101010110011010000001111101100001111111110111010100100000110001010111111111010110011110011000101001010101001011000011100100011111000101100110100001010101100011001111001101000100101101110001001100000111100001011111101101010001010100000001 
01111010010111001011000110110000000100000010110100010011001101010011010101111111100111100100101100001110000100111000110111000000111010101110010100001100011011110011001100111100010011100110101011000000001110110110100101000010001111001011010101000000011011011001011000100100100000100001011011000110100000110000010101111011110000110011111110010000010111000001110010101010011011100001111111110111001101011000101110010010111110100001001100011110111111110100111110001011111000101111101111000000111011000001111011100101 
11000100010011101111110001000111010101011000010000010111110000011111010110011000101011100000001010101011011001001100010100010010011101010001000001010100011010011000101010100000010000011110000111001001000101011010000100000110010101010011011000111001101010111100011010111100101101011101101101011010010010001001000110001000110000010111100111000000100001011100111111001000010001001111010110111100101111001111001010010010011000101001000010100101000100000101010111010001001110000001110000111010001001101011000111000110 
00101000101011100101000001000001101101100010100011101010000101101000011100000111110000001101110111001001000111000101000010010100100000001100010110001010000011110011110100111001001001001001010110110000110111100101111110011001110111010111101110111110101101101111101101100011110000110111100110111001101111001000101100011001010110000010010111010010010000110100011101110110100101111011111001001111111111001010000100011110010010101101001100011110111111110100111110001011111000101111101111000000111011000001111011100101 
00010001011010010011011100101001000001001111101111011001111110000100101110111111110101011111000001100101110111011001010101011011001101101000111001010111010011100101110100000001010010011111110010100111101101011000010110111010101011011011001001010010111110011001011000100100100000100001011011000110100000110000010101111011110000110011111110010000010111000001110010101010011011100001111111110111001101011000101110010010111110100010001111010001110101111010011010011011111110101111110101110000100111011110111111001101 
01001001011110111010000001010100111000100110111100010110000111110101100101110010000000010010001001001101110111100000101001101101111111001011111011100100100001011001101001011000010000000001011000010000011110110000001100000001010011010110011000100000101001010000100000010111111011011010011010010011100100001011110110101001011000011111110000101011011100100110100000000100111111100110000010000010011001100101110010111011000110100110110000111010100101001110001001011111110011110110110011000000001110110101100010110101 
01100101110100000001001110100110001001011001000110000010110111010111000111010100000010001101100000100001010101111011101001001110100000011100100000101110011011110010011100010111010000101111000000011011110001010011001011101100010010011110111110100010110110110011000100000111110011001001110110110001000011101101000011100000000111100111000000110100111001011011000000101101101110110111000010010101110111000001001110000001111100110101101001111001111001001111111000011101100110001010110111101100001010010010000001101101 
11111001111111110100110100000111011001010100001111011110110111010100100110110110001101010111110011001110010000101101001011011101000110111000011010111001111110101111001110111100001101010111100101101110110011111000001111010101101000111110110010001101001001010111100100010110101010110011100100001110011000010110110111000110000001010010000011010100001001000110111011010000011100110111100100001101100001011110110011110000110100110010111111111000000100000101100111100101100101110001011101000101001101111111111101000001 
01010110001111011010001001101011101100001011110111001111111000001010001000101011010110110000000100001111000101110000001000101010100111110111000111000101111010000011010000100000100010011110010001000000101000011010010110011011101001010101110011001111101010101101111100110011011111100001000000011000011000011010111111000110001111011101111101100010111100000101000101111111101100100110101010101011001100011011001010100100011100110101001101110011101101111110111000001111011100110110101010011011100110110010000100010111 
00101000101011100101000001000001101101100010100011101010000101101000011100000111110000001101110111001001000111000101000010010100100000001100010110001010000011110011110100111001001001001001010110110000110111100101111110011001110111010110110000010000111100000100110111001100111101011011100110101100101010011011111011000110101001101100000111000010001111001111110011111000010100100011010110010111010101110001001100101111000101010101111111010001110111101110100111000101100011101110110000001000011110110011000010101111 
01100101111001001010011000100111001011101000111110000001001101000001100011101100100000011110000100101100110010100010000111000000111101001101110010100001111010110100110010010100010101000111010000110101000001001010001010111001100111010011001101010001111111111001000111000001101100000000110011010000001011100001001110101011010001100001100011000101111100001010010000110011011111101100100001100000001101101000110111100010011100111110011011111010010000001000011011010000001011110101110011010101000100001001001010110011 
00010001011010010011011100101111010110111110101100110100100110011001100110010000001111011010111000110011011100011011111110010100101110011000011010111001111110101111001110111100001101010111100101101110110011111000001111010101101000111110110010101111110011001111101000010011010101010101010110110010111110011000111010111101110110101010101100110011101010000110000100110110000011101110110010010110011101000101110000000111100001100011101001001100000111011010111111110000101000011110111110110011011010111010000010100001 
11111001101101010100010010010111001100010000001001011001111001010000110001000110111010110110011100100010110011110001010001010010000010011011010101000010110100110001100000110110111111011111011100111000110101001011110111000100101101001100100111010110110100001100110101001111111110010101010001001110110111000011010100001110010001100010000111101111011011110100110010101010111100010001001111100110110100010001000100100011110110101110000000000111101011100001111010000010110100111110111001100111100011110101111110110101 
11001101000000100101001101011001010001011101110100110001111010100101010110000001011000011101001000000111001000100001100101101110000101010010001001000011000010010111111111000001000010100111101001000101010100110011010100111100011101001111011010101110000001111011111110011011111110100011010010110001010011001001000110011110010101011010010110011011100010110011011111111011100010011001001010111000111001010000000110100110101111111110111000000001110001100001110111101010000100100011001110100110100000001110101101010111 
11100111000010010101000011101000001010000110001011010110100101110101001101011111101100010100011000111001011011110110100100100001001111111100000111010110100101111101110010011001000110011011110110101110100110000011001111000100001000111001010010110010101011101110010010110011100000111011010000110111100010011000000101110010011010001011011100000000001000111111001001001110101010100101100101000101111001011110001011100000100111101000110111000000111100101011010101001111100000000010000110110010111001110110110100011111 
00111000111011100000101111101111101011000111001111010010110001110001100100001001010111001101000000000010110111010110110010011100010010000101111111000111101101101000000100111110001100011111001111100010101001010111001000101011001101010001001111010000010111101001000010001011110000110001000000010100010001101001100001010011010110011101101111010110101010011011100001110011110110110001110001100110111001010001110101000111011101100110010011010111010111001111100100000100101001000110110101101010110110000110000011001101 
11101001000000000000101100101010000001100000000000000110100100111010101110101010111100111101010101100010110000111111101100110010010101110101000000011100001010001111011111000011011100111100101111011110001010001100100010100111110111101011111011010111000010011011000010110000100101000111100001101000110001010011111000111101101001011000100100010001000001111111001101000111011001001100010101100111100011011001000001010010101111001001010010000111011000010010001010011000100011010010110101000101101000010110011110100101 
11000111100110110000101110100100010111110001111110111000010100111010101011101101010011111000011101001000111011101011101110010110010111000110100100110010110110111010101101111101001111010011000011001000001100010011001111100011001110100010110101010111110011000010011000010011001010110100100000010000111011011011101110110111010111010111110010001011100101001100001011111011110111110010001001010010100101011101001111111110010011100101011010101011011100101011101101010011101001001010110100000001100000000000001011001011 
01101111000110111011101100010100101011011011101011111101010001100011100101101110001010011001111100110001010100110110100100101011010101111101010010100011001100001110011100011111011110111001001001110000101000000000100010110001010111100111010001100001100110110100011101110101101010111101010011001011001111110100111010001100110111100010010110000110101100011101011000001011001111110010001010101001111001100110101010001010100000000101111011100111010000110001000111111011011011100110100100001010010001000010110001110111 
