01011000110011111001000101100110101100100110000000011010001001111100101001110111001111100000010100011100111001000010011010111100000000110111100010111011010011001000111100101100010001101011001100100100000001100001001110000011100010110101111001110001001000010001011000100001011101101111101011011000000100100110001110001100100000100100001100100001010001100101010110000110101001001011100000001000110101000010100100001010100111010000100100001011001111010000010111001100100111010011000010111000110100100001000100101101 
11000111100111011111011111011000101010010111111001010111101011010100100110100001001000011111101011101000101111010101110110011011111010111111110011011100001011110101010101001010111111010001011100001101010010010000000110101011000011100111001001010010101001100001100111111001001101101011110100110010011111100111011000010101111011111110101000010110101110111011000110110011100011111100110111010111010011011110010111110000100111101111111100101101110000101011110111101111010110010110000111010110110100011011101011001000 
01010000000100100011001000010001111000101000100010101001010111010001011001000101101110011110010000001111100000010110100101001100111100100011111011111111101000111001001110100100110110010010000000010100011111110100011101000001100000001110011001000000011111011001100101110010111011001010101010010011101001110010000010000100111001000000011011110010011011010111100001100100010010000001001001000011101100000111010101011011100100101001010001000001001001010111101011000000000001000001100000100010010100110101001000011111 
11110001001100101001100000001001111010100011011010101100011001011101011000111110111000101001110101110001110110010011111101011100101001001101100010110110111100011111001011110101011011101001010110101111111110110000001011001010010111001010101011100011100000010010111111100011101010111100010101101110101011101000000101001010000010011000011011011110111100111010011111111111001011011110111010100100110011111100111110001110100001101010001101000001111101010110101011001101000010011111111101100011101111111111000111110101 
01111001111101000111010101100001011011110110011010011101101011011010110101000101000001001111000010001100101010010110001110010110011000011011111000101110111001000001000010001011010000011101110111010101000001011101110110110010101001111101010111110101101111101011100101001101101100001101110101101111101101111111101111011001010100000011111111111010101101101101100111001111001000101111101001000011110111001110111111110101010111011010111101100111011001101010110111101110001011101110111010001100110001100011110011001010 
01110011111100111111001101001101100000111001111101010100011011000100111001000010110001111111100000010101101011110010011110010011100000101100100100111110001101100001001011110101000111001100111000110011011001010100100010000000011100001101011110100000111111010110111111100011101100010100111000011011001010010000100001101001101011010001001001111010000001110000000001100110101010010010001111010011100110001010001010110010011010001000111010011100000101110011100101000001010100110111100100010000011100100000010110000011 
11110000111001001000100101010101010000010100100011110111001010001001111001111110001111000011111100111010101101001110010100100110101111010001000010001010001101001110111110000000001100100010011000010011101110100000111010101001000010100010111001001001001000010100001010101000101010001000110000111111110010100100110001101001000111010101001111010101011100010100110111110100011110001000011111100100100101100100000011000011000010000000101010000001101010101001100001111011110111100100100011000100001110111110010011111101 
11000110110100100111010110000010000111001000011111000111000110000000110000100000110000110100100001111000110100100000101111011100010110001011010111101000100010011000001110001000111110110001000000000100101010001001101010100110101010000011001110110000111000110000000011111110010101011010110001101000101100110010100101110101010000111000110011001001101010011011000011000001010010010110011000110010000011001100011111110000011001101000010100100001001011010011010001111001110100100101100100001011001100010011011111001010 
11111110100001101110110111000011100101000000000100001110100000101011000110001111001011101011000011100001111001001000001100001101000111110001111110100100101000001000010001001101011011101100000100001101111101110101101010000010001100101010101100110000101011101101111110111010000111101001011000100100010010100101100100111000000100100000001110000001000100000111110100000001100000000111010101001101010000000001100011000000010110011011111001110110010110101011101100110011000010110110110110100110001110010010100000100001 
11111000110101101111101110111100110011110000101101110110010100100100010100010110001111111011010101111001010010100000011110001001111110001111111010000111101011001111110011110111100110101011000100111001010011011000100101100001011000011001000111010110010011000110100111111000011101011111001000100000101001110001101100111100010010111111010001111001011011011000111111011011001101011100001011110111011111110111010010111101110110010011001101010100100110110110100000110111101111011100001101001000110001110101101001010001 
00001111111000010100010001100011100011100010111101110111010011001000010110000101000010001100111111010100011111011101010110100100011000101011011101011001101011000111111100010000010010101011111011101101100000001010001110111110001100000000100110111101000100110110111001111011000101000101010101101010000011100010100110111101001100111010010011010110110011011010101010001011100001111011100100010001011010111110110011011110001001100011000100010111110010000010110000001010010000110000101001011100010100011111011010010011 
00010011000000010101011000111100000011010101010001110100101110000100010100110000010001111110000010010100011001000111111101110111011101000010011010111100111011100101000010001001001010100100000000101110001000011000101010011011110000011000000010011000000000001010111000101000010000101011010011010010001001110111010001011000101001000010111000001001010000000000110110001101110111011011110011110101110110010110100100000001001101111011010110010011100010000010100100111100111000010111011001101000101010101001000011001101 
10101111111110101011000101011111100101011010100010010110010101000111001111010001011011010001010000100111111110110101100100110001000100100110111111100110001010110011110111010110000011001101011000000110101111101010011111001011001001101111001101101100101101100100011110111010110100101011100100111100110100010111001010000001001110010000001111001010011110010110001011011010011110010100011011000101101011100111101111010011001001101100111000101011111001101111001110010010011111000011000010000111001010000010001100100101 
10000110110011001110011010110100101111001000011111110011100001111011110100100000010001000100001010011010000111010101111101010011110110111010001001101111010111111111100110101101100111010101010110000111100111000100100101010101101001011100011001000111111111000111111010010101011010100110011111110011100101000000100111011001111100100111001110101100111101111101001011110101110010010111111111110100011011111011000110010000101111101100100011110111100010011111011011000001001110001111100111110100011010100000101010101101 
10110111110101011011111000111011101100000011100010101111100000110011100100010111001011101000100111110010111101111110111000000000101100011111100010111101111001000001100111111100000000111100100001110001101001100110101111110101100000101011010001100111101011001101000111101001110001010001001110111001001110010101100111111100000101111100101110011000101111001010101110010011101101000011010100110101011110111110101110111110000100100111111111001101100000100101101101111010110110110001110010010101110000010110010101010110 
10111011101100111010111011110010010000000100101010000010001000111001110000111011000001010010101011000010100101001011100111101101001110010010100000101011000000110001000111000001111001100011000101110010111101111000111011100010000110111011101011100001111111100000001110110000101001010101110010110000100011011001111001001001010111110010101000111010001000111010111010001110000101101100000001001100101011110011011001010100001011001110001001011101100100111011111010010011010100000111100000111101010000001100001001101001 
11011101110001011100011100110000001011111100111011011011111011010100000110010101101010011111001110101110010111011000101001101110010001001010100101100111110111110001100110010000010110110001111111111001011000010001001111010000110110010001110110111010101010110000111110001100111001111111010001011000100101100101010011111111101111101010110100111000010101111001000011011110011110010101001111100110100101000000011000010101101111110111001110001000110001010010001010001101011110101001101101011110010001100100100011011011 
01010000101111010000011000100101011001101111011010000001011101011011111010110101101011011010110100100000100001100101111111000011100100010111000010101111110001010001000100110011100010001111010010100011111001111001000010010111100010100100001011101111110001111100011001000111011000000111111110001010010001001001011111110010001010111100100100110101111110011000011101010101011010111110110010011010010010110011111100111111100001010011010111001000011100011000011111011111111100111011001011011111010000011000011010111111 
10111001011000101111001011000101101111011010110010010101011110110111000110101110010111111101011110010111011111001011000011110001010111000110000110001110101100011111001111111101010011000111111000010001011000011011100010011111101000110010110110000101101010010001110010101001000000111001100101111101110001111100110100010011111111101001000101011101100101010110001111111111110000110001111101110011101011111110101110001110011101000101010100110100001111111010100001010100100110001001010001110011010011001111110100010111 
01011001011000011101101000001011110001011011000000110010001101101101111000110110000000100001100000001101000111100000100001111111011000100010001101110011010100111111001100101010000100101101010110101011000110010111000100010110111001011011000101101001110001001011110110010111010100110000110100000000000010010010111110011011011011010100010010001011110010100100010100100010001001001100011000000100001110011110000111110000001001001101001010110010001110111010100100100001111100110011000101010011100110011000000110101011 
11000010100010001000101110111111111111011101100010010001010010000100101100000101110110110100111010001000110100110010000011010011000011100001010110011111001101001001010010111000001001111111101010100000110010101010010100100101110100101011101101110110101011111101010000101011100101100011110010011000101000101100011101111101111000111010101101010010100001100110100010001100100111010001011011101001011101011110001001111000110000110101011011001000110101110010110100110100010100101010000011101001010110101101000011001101 
01000000110110000110101011101001101101110100001101011001111110111110100001000011110101010010110110110101111011110101101011010001010111011100101101000011000110010011110010001101111111111101111101010111010001011100000111000010100110111101010010000011010101101111000110100011011001011101111100111100111101111111010110010000101110110001011010101010000110001000111000010010101100100000100100101101101100100001011010111100110001011111011100111010100111010111011010100110011100001111110100011011000101011101110101001011 
11011001010101000111001010111000001110111100011000101100010111110101010111110010011011110000101000011101001110000011100101101010101110111110110101101110000010001001010110100100010100010110011100010101001001000100001000111001111100011000001101001110100110010100001100011000111001111100000000011100001001000001110001011101110100101101011010001111100100100010111011101101001011111100111011001011101000100010000100011011100001001100111100101010001111101100110011011000110111010001110101101011000000100110100000000111 
10101001110001110001001110010000010011111011011101001110101101000000110110010110010000111000011001000101111100000110110110110100110011101001000010010000001101110100011110100000100000000101011110011011001110001011100111000110000011000001111111110111100010010010111100110000111010001000101101000100001100011101111110000001101110100000110011001001100011011011000101100011011000000100000000101101100000001011010101000010110011000101110000111010100010000011011101110100100000000101110100110100000010110111011101110001 
01000010101000100001000000101111000000101110100011101000101111001001100100101001100001010100110100101000000000111110000111111001010010100000101010000011110101000110001011111010101000000111101111000011010101011001011111011001001111110111000011010111010000010010010110010001000001110010000010010111011001000110101101100100010010111001011011100111000011000010000100100011011001100101101000110100110101001001101001100001010011011011010000111010100011000111111001111111001101010011001010010010010101011011001110010001 
00011010101011110001010100100011100001101000010110011000000100011001010101011111000110110001111101001101010001101101100111110001111011101111010110000101100101011001001010000010011011101001110110001111000110001010001110001101111001100110110000101010110111010000101110101100010000110100011101001011110110101000111011101010111101000011000110100111000110010100100011001001111111100001101110001001011010101100100100000101001101100110101001000010011011101101111101000011111101001101111111001011111011111001110010110001 
11100011000110101000111010001010101010100000110111011111110000011101101100000000100110101110010101011000111111001000111110011101110111010110011000111111010011001110110011101010101111011111111110110011110001010011001110011100111000000011000100000101010100001111111111011000110101000110101001110100010111100111100100001101101011011100010100100001110010011111100110010111100100101101111011010110010101100110000011011010111010000101001110100010011101110110111100010100001010100000101101110000001011111100010010110111 
10000000000110000100000010110000100000000110001001000111100100001011010101111100111000101110001011111010101101001001011100001100100101000110110000100100011101111101010000100011110001001110011001111001111010111111010100101001000010101110111011100000001001101001000010111100100000100101010111001001000011100011110101011011011001000011000000000001100001011000001011100100110001001000000100010101011101100101110010100001101000101011011100110010011000000011101011010000101110111000000101010111110010111101111010110011 
01000001011011001000010010110001000010100101010001100001111010001110011101000010011000000001110001100000101100000000100001110111011010101011011111011010010100001010010101100010001101011000000101010111111010001111111100110000000000000111001100000010111001010011111101000100001000000001110000010010100000111101001111111100110101011001110111100111001100110100001000100001111001100010011110010010110010101001111100001011111010001101100001010100101011010010101101010001100010000110011011010001001011011011010100001101 
00011101110111111111101010101011110010011001110110110100110100000010001001000110001101011111001110001010001101010000001001101101110001110110000111100111010110001011110011111101011011001001001000010101101111100101110100101100011000100110111000101101010101110000101101111111110111001010110010000001111010110101100100100000010110000100110101101000011100111011011101110101101101001100000111001111111011000010101101111001111100001111011001101001110000000010010110110110000110111111010010110111011001111111101010101101 
01101001110001100011010111001010101010110110010110111100110001011111000101101011000001000111111110010000000110010001111100001011100110011011010000011001001001001010001110011100011000110000000100101101011110101001010000111001101011000110100011100001101110101000010011000111100010111001110001111011110101000100000110001001110001000111001101000011000010000010011000101100110000010010001111010011001000001101011010100001111000111001011100001111000101011100010010101111001111000011000110000000011101111000001011000101 
10111111000011010111000000111110000110101111111011100001110111001010011100011110001101110110001011100100000001101111110110100101101111100111010111010011110101010111000110001101011010101001100111111010011001001111010011110111011110100011110111000001010101110001110101101100001001011010011001001011110001000001010101100010000010111000101001001111000111110110111001110011010111110111010100000110010101111011101010010000101001101001111011010100000001000011001011011011101101100000111010000110110001100000110010100111 
01101000111101101110101010011110100111011011000000010001000101000010111110111111100111000011001000000001111111111001000001001100111011110010110000001010000001000001100010010011000111010011010100111000001001110001100010101001001001000111000110001000000001101100100100100111000110000001000110000011110000011001101101111011111001000101000100110001010001001100101001111111110000110101001111111001011010000000100101100010110111100010100100001011111000001110111000000011100000011101110111000101110000100010001101101111 
00010110111101101111110000011011000111010111010010110000101110100010001111011101111100000100100110110000100010110000001100111101010010000000010000100100011000010010110111100000001100010010111111010110110101100100110010101000100100010010111010110110001101110101100100011001001001100001001110011110100101001101101111110010100100000001011101000100110010010100001000000010111111110110111001000000010001110001100101010101100001011100001101100001010101010010000010011110010111101001001101010111101111011110100101101011 
01000010101010000000010100100010011011001100100100011010001011000011110000001111111111010100100111110011110110000100100010110100110001000010101000100001101000010100111111001010011000100101001100011110000011010101011010101010010110101101000101001011010011011000101010010011100001101000000110100101001101000011011101010010110100111000010010110100100000010000100100001011001000000101000100101000111111100110010110000110001010000100110111011001100001011000111000011001011101010101011010111011011111010000010111000001 
01111000001011101100100100110000011000010010001001010110111001001110101110001000101010101011100101010110010000100111000110111000100110010111000000111100110010101000101000011010011011011110010001101111010001101110111110011010011101101010010001100110111100101110100001000010110111111010011110010110011010001010000101101101110010001111110110111100110001111001110110101010100101111000110100000011110101101101100011101100011100101000010101010100110110111101011100000000100100000110111110010011000011111100111100001011 
00001111111000010100111011110110110111010101111001111110111011000110001001100010110101110101111111010100011101011110011000111100001110111100010000111010011111110110100101100011110110001011111101010100111010111010011011101100011111010010000101110000011110000111100010011001101011111001000011100010000011110110111110100110010111001101110100000010010010111011011000101111010100100110010010100010111011111010101001100100111000100011101000001011001101101011101101100111000101000101011010111011100011011000110101101011 
00100101110101000000010001011100011110010011010111110101101011000101110001111001111001000111010011111011100111110001111110001110001000001010011011001110001100101011111000011011110001110101010001110110010000000110000000110010110010111010000111100000101010001010101110110111010100010011101000100010001111000011101110010111000010111110101101111111011111101010011011110011000010100110001101111011010011011100001101011111011101101101111011110010001011111100110110101010000011110010000110000101001001001001010110010011 
11100110001001111100010010110110100010111111100101011100011011111011011010110001010101010111011101011100101011000010101110110001010001101000100010001100010101011101111110101001110110001110110011101001110110010000011000100111110000110011011001010100110001001011101100010000000000001110000011010010001110110110111010111000010010101111000111110010101100011100010101101110010001110011001111101011110000101100111110001001100110101010111110110010100000101110111101011100011001100010001000111101100101101101011010100001 
00011010101001000110010011001000111001100111010001001111100101011000010111101110101101101110000010011100110111011110111100000111010001011101101000101000010010011100101011101000010010111010010111011011011111110010110010110110111011000001000100011001010011001010101111110000110000010110101000111001111100000101011001101001010000001011010111010000111110110110100100001110011111111110010110001110010001010011010100000100111000101001001100111100101101001100100001001100100110110101010000001110111100110001010110011111 
00111100110111111001000000010001000000100011101010101111110010011100101111111000101000101110100100100001000011101010010111101100111100001010011000101110110100011011001011001111000100111111001011110111100110101110110100000101011001101101001011111101000010001010110101100011111100010100101101001111101110100001010110100010101101111011100001111010010110101111111100111010011111101100011111101101100010110100110110100011100111011101101000110011100011101110010010010110011101100011010110110110001011111010110101110101 
00011001101010111110100101111101001111100000011110101110110010001111011001101111101010101110111011111111101111110110010001100101001110010010111010111011010001000011100010111010000010110101111110000100110000110100001110111110110001111011010101001000101001100101100010010110010011011100011111001010111110100101100010011111000111100110110000100011100100111010101101001001010111000101001000101111100000110111101111100110011000101101111110000100110011010001000011000010011110011011000011111011110001000101100100001011 
10101001101001100110110010011001011001111000101001111001110000100011011101010000111101000100101111110000111011000010010111110001111110110001000010000101111010101010011001011011000000000000100101111001000110011111100111111000001101000100001110011101101100101001111000011001101110111011011111100100111110001110011101010110011010110111010111101101110011111110110001010011011010001000000000011101010011111100010100100010100110110110011101101110010011110110010000000011001011010001001010011110001101110000100001011101 
01100000100001000101000100110101101100000100111101011111100000001001111100100100000110011011011101010000111010111010110011001111101001010100100000000111110100000000000111111001011110110101100101100011111101000011110100110011011100010001100001010100100000000001000011000011100110000001101110110111010000100100110110011011000111000101100000001010100010000110010110000010101100001101110011010101101101011000010100011001010001110100110001000010001011011100001010110101000100110110010100101011110010110100010000000001 
01100000011110001100111100110011100010110000010000111110000011100111010100101111100000111010101001111110100100111110110101010111010000111001000011000010011001000001000000110101001001000001110110101011101100011011110011010001101100010001010011011000001100111110111110010101011101011111010010110100011110010110110111101100111100100000111111010010111001101110110011110100011111011000100001100000001011001110101111101110001011000101001010111101000111101110001001110011010010010111010010010011110011011101111010001111 
11100000110010101000110000001101011100111101100100000101101011000111110100001100111000000001110111100011010001000111001110110001010100110011111000000000010001000100111001100011010101010111001110000000101100011000001010111111001000010101110111000011001101110100000111000100101100011010010111100101000001011110111100100000110100111001100110100100110110110101100101010001110111100110010111110000101111100000000010001101010100101100110011111111110111111000110010110100101000110000011000101100001000101101100110111101 
10000100000001001000101000001111110001011011000010010000111000101111000000011110100111000000000001110011010011000110010101110001001111010101001100001111101000010110110101001100011100110000101000100011010111010001001100011110000110011110010011100000100011011101110001010111110111110111001001101000101011011101110000001001010010000111001010000011111101010101101010110000100100011101010100111100100011101101001000111110101110011110011110110111111101101011101101100000011100101100011001101110110100110100010110100101 
11100010010111100000111001010110001111110010101010110111001101100101101101100100011101111001001011101101100111010110010101000111001100010000000111101001010100100100101010000100100001101100010001001011100000000001101011101110001101111111110010001100000000000000111101011100110000000100111000000101100011101001110011011111111110010110101111100100010110110010101101111110111011010100011111010111110001010001101011011101110010001101000011011110111101101110001110000101011101111110100101001010111110000011001100101111 
01000100111000101110011011101110011100110110101111010101010000001101000010010101110110111000110011001011100011110100000011011111000111000000010000001011101101010101110010010001010001111010111100110011011101100111000001101000111110100110000110110100010101101001110001110100110001111111001111101100000010100000001010000111111100111011011001001000000010101101100111001001111001110011100000100010100001100000010010110010010111110001011010111001100101110100101110001101000111000110000011001010000000101001100101001001 
10110010101110010010101101000000111001111110110100010100100010100110001011100001011000101111011011011000101100010100111001010000010011010001110010010110000011111001001011000000111001011111011010110100001011001100001101100110111110101100010100011110011111110001000011000110100001110100111101110111110001001111000110111101010011111111101111101001000100101001101000101100010011010111110101001101110110010000101010100001010000001111010011001001010111010010010010100001001001001111111011111101110011100110110101101001 
