11111001111110111010010111010001111001111010101111001100111111111101111101100011010111011000010010011011111110000011001101011110111111011000000011111111011010011011110110110010101110111101011110011110111110111100101100011000010111010011110010000100110010010011101001110010101101111011010111000111011001100110000111110111010101011101110111111010111111110111101011011111101011100100110100011011101011111001000001100110001111100101000001011010110001110000101010110010001111100011000111100111011100101101111110000111 
10001000000110000101000001111100000110001100110001101000000100110010010001011111010000011000110010010000011110100000000011010011101011000101000011001001010100000000010011001011000011110011000010110001011110101001001111010010010001011101100001001000001001100000010101000110101000001000100001011001101111000001000111000111111010010011100100011001010001100100001010000001010100001010000000101011101110001110010000110111010010000010101111011110010000101001011010000000010100001000001000011001000000101011010000111001 
11100011000001010001101100101101110000110000000000000111101011011110010100110100001000011110001101010100001010100000000011010011101011000101000011001001010100000000010011001011000011110011000010110001011110101001001111010010010001011101100001001000001001100000010101000110101000001000100001011001101111000001000111000111111010010011100100011001010001100100001010000001010100001010000000101011101110001110010000110111010010000010101111011110010000101001011010000000010100001000001000011001000000101011010000111001 
01000000101101011000100010000111001011100110110001101000000100110010010001011111010000011000110010010000011110100111010010110000111011001100011101000000100010011100101100000010000111000001001101000000101000001000011000100101101010100000001000010101110110011001101000010000111011011101000000100100011100001101100101011010000100110000001101111000000000110111001001110100111010001000000000100101011100010001001110000011100011100011001000101001101011001001110110100000111110000111011101010011010101000110000111101001 
11111001111110111010010111011100000110001100111001011111010100010111011111111101001010100000000100111111110100111011100111111110111111011000000011111111011010011011110110110010101110111101011110011110111110111100101100011000010111010011110010000100110010010011101001110010101101111011010111000111011001100110000111110111010101011101110111111010111111110111101011011111101011100100110100011011101011111001000001100110001111100101000001011010110001110000101010110010001111100011000111100111011100101101111110000111 
01000000101101011000100010000111001011100110110001101000000100110010010001011111010000011000110010010000011110100100111010000100000101100101000101010111100011100001110010011100001100110010100111011011101000001000011000100101101010100000001000010101110110011001101000010000111011011101000000100100011100001101100101011011001100111101100001000011110100101001000100110100000011110000000111010110010010110110101001111100010000101000010010010010100001111001101010110010001010010101000101011000101010000000111000000001 
11000010101011000000000011000101111110001010000001110100100100111111001000011111010000011000110010010000011110100100111010000100000101100101000101010111100011100001110010011100001100110010100111011011101000001000011000100101101010100000001000010101110110011001101000010000111011011101000000100100011100001101100101011011001100111101100001000011110100101001000100110100000011110000000111010110010010110110101001100000000011000101111010100010010110111110110100011100000010010101000101011000101010000000111000000001 
01000000101101011000100010000111001011100110110001101000000100110010010001011111010000011000110010010000011110100100111010000100000101100101000101010111100011100001110010011100001100110010100111011011101000001000011000100101101010100000001000010101110110011001101000010000111011011101000000100100011100001101100101011011001100111101100001000011110100101001000100110100000011110000000111010110010010110110101001100000000011000101111010100010010110111110110100011100000010010101000101011000101010000000111000000001 
10001000000110000101000001111100000110001100111001011111010100010111011111111101001010100000000100111111110100111011100111111101011001110110111110001101010001110010001110101101001101011001111011100011010011110001110110000110111101100000100111100111110111101000011101100111100010101100111010010010101110110111001001101100011111010110000001110111101111110000101001010110111001011110101111111000111111101010100011011110011011011100111001001111011001111010011011111111110000101000001011101000010100000111111010001101 
11111001111110111010010111010001111001111010101111001100111111111101111101100011010111011000010010011011111110101011101001000011110001100111100100101101000101110100011011111111000010110111101000101011110101000111100010000100101100110101000111011101101000101100011010010010101111100101001110111011100001100111001001101100011111010110000001110111101111110000101001010110111001011110101111111000111111101010100011011110011011011100111001001111011001111010011011111111110000101000001011101000010100000111111010001101 
11111000110101110100111001011111111101110101010010010001110111011010001001101010010110010111001101100110101111010110001001110111001000110111111111001001111001011000010001011101001010011010111001111011111101011101001101101011000000101101001111001010101001000110110001001111111001101010000101111111011110001001100111011101000110111010111001010011110010101110110111111001111101100100011010110001000001111101010110010111111011111001111010010111111010110111101000011111100101100111110100010011000110111100111010110001 
11111001111110111010010111010001111001111010101111001100111111111101111101100011010111011000010010011011111110101011101001000011110001100111100100101101000101110100011011111111000010110111101000101011110101000111100010000100101100110101000111011101101000101100011010010010101111100101001110111011100001100110000111110111011011101001001101011101111110001111001000111011010011110110100000100111000011010010010001010101110110001101001110111110010000011110101101010101110110101010111111000101010011110111110101110101 
10110101100010110110001111001100000010111111100110110000010100100000011100000100010001000001110111011000100110011010100111011000000100111011001101100010100001101101110000011010110010111010001000011001110000111101111110101011000010111011101000110110000100111010001100000001001001101001110100010101101000010010001101111010011010000001100010001101111010010000011011101111000110100100111000101010100011001110100001011101101000101111110001110111101000101001100011111011101100010011100000001010000111010100011101000111 
11111001111110111010010111010001111001111010101111001100111111111101111101100011010111011000010010011011111110101011101001000011110001100111100100101101000101110100011011111111000010110111101000101011110101000111100010000100101100110101000111011101101000101100011010010010101111100101001110111011100001100110000111110111011011101001001101011101111110001000101001100011011110000101010001110011101100100001100111011110101101100010010101110010100000101001000111000010101111001111011001000111001110100001011111001101 
10100000101110010001011101011000101111011111000001100101100010101000000100011001100110111111010111101011001101010011101110010001001101101010110011011110010010110011011010101010011011000100101010010011100111101110000111111110001111000101110101000011111100100000001101010000011001101000000101001111001001111110100110010111011010011001011100010111100000111110011100011011001100110100111000001000111110101100111101011001110110100111010111110000100110110000111011100011010101011101110101010111001101110000111010110111 
01100010101111001111111000101110101110111110100101110110101111111101111101100011010111011000010010011011111110000011001101011110111111011000000011111111011010011011110110110010101110111101011110011110111110111100101100011000010111010011110010000100110010010011101001110010101101111011010111000111011001100110000111110111010101011101110111111010111111110111101011011111101011100100110100011011101011111001000001100110001111100101000001011010110001110000101010110010001111100011000111100111011100101101111110000111 
11111001111110111010010111011100000110001100111001011111010100010111011111111101001010100000000100111111110100111011100111111101011001110110111110001101010001110010001110101101001101011001111001010001010100100110100011101111110010101110100111111110001111111011000100101100100111101111101101111111110000111010010110111000110001101001010101011110100110011101100001011011101101001011100110001000111110101100111101011001110110100111010111110000100110110000111011100011010101011101110101010111001101110000111010110111 
11111001111110111010010111010001111001111010101111001100111111111101111101100011010111011000010010011011111110000011001101011110111111011000000011111111011010011011110110110010101110111101011110011110111110111100101100011000010111010011110010000100110010010011101001110010101101111011010111000111011110101100101001010000111110111111011000111111010101010100111110001001000100100100010110111111101110111011110110001011000001100100101011000010101010010101110001011001101111110011001001100011111111001011110010111101 
01100010101111001111111000101110101110111110100101110110101010101100011001001010011110110111011011111100101111101110011010111110111111011000000011111111011010011011110110110010101110111101011110011110111110111100101100011000010111010011110010000100110010010011101001110010101101111011010111000111011110101100101001010000111110111111011000111111010101010100111110001001000100100100010110111111101110111011110110001011000001100100101011000010101010010101110001011001101111110011001001100011111111001011110010111101 
11111001111110111010010111010001111001111010101111001100111111111101111101100011010111011000010010011011111110000011001101011110111111011000000011111111011010011011110110110010101110111101011110011110111110111100101100011000010111010011110010000100110010010011101001110010101101111011010111000111011110101100101001010000111110111110001011100110110100010111111101101111010010000110010010000110101100011100011111011110011011011100111001001111011001111010011011111111110000101000001011101000010100000111111010001101 
11111001111110111010010111010001111001111010101111001100111111111101111101100011010111011000010010011011111110000011001101011110111111011000000011001000100110000110111110100110111010011011110101010001010100100110100011101111110010101110100111111110001111111011000100101100100111101111101101111111110000111010010110110111010011011100001111011011111011101000101101111010101101001011100110001000111110101101100111011110101101100010010101110010100000101001000111000010101111001111011001000111001110100001011111001101 
11111001111110111010010111010001111001111010101111001100111111111101111101100011010111011000010010011011111110000011001101011110111111011000000011111111011010011011110011111111000010110111101000101011110101000111100010000100100000101101001111001010101001000110110001001111111001101010000101111111011110001001100111011101000110111010111001010011110010101110110111111001111101100100011010110001000001111101010110010111111011111001111010010111111010110111101000011111100101100111110100010011000110111100111010110001 
11111001111110111010010111010001111001111010101111001100111111111101111101100011010111011000010010011011111110000011001101011110111111011000000011001000100110000110111110100110111010011011110101010001010100100110100011101111110010101110100111111110001111111011000100101100100111101111101101111111110000111010010110110111010011011100001111011011111011101000101101111010101101001011100110001000111110101100111101011001110110100111010111110000100110110000111011100011010101011101110101010111001101110000111010110111 
11100011000001010001101100101101110000110000000000000111101011011110010100110100001000011110001101010100001010100000000011010011101011000101000011001001010100000000010011001011000011110011000010110001011110101001001111010010010001011101100001001000001001100000010101000110101000001000100001011001101111000001000111000111111010010011100100011001010001100100001010000001010100001010000000101011101110001110010000110111010010000010101001110000010100000000111101101110101111111001101101111010101100110111011000000001 
10101101001111100111101110001001000101111111110001101000000001101101001000111110001111001110100100111100010010011100101001000101011101111101100100101010110101011101100110001000101001110110011101000111100000110110100011110110100101011001001100001111000101110100111011101001011110011101111010110010011100011101001110111010010001010111100111010000010111101111011010011101001011001111011101101110100100111100110101001010000011000101011010100111111110111100000101001110100001101101101011000001110100111111001111011001 
01000000101101011000100010000111001011100110110001101000000100110010010001011111010000011000110010010000011110100111010010110000111011001100011101000000100010011100101100000010000111000001001101000000101000001000011000100101101010100000001000010101110110011001101000010000111010011101110010110101000000100110000101000010100011110111001110000001011101001011110010001100011100110010010110100000010000100100000011110010000101010111000101001110001001100010111001100111100110110010000111100011101100101101000000010011 
01100110101001110011110011110000110111100100011110111011011000111011001001111001000100001000101010110000010111001111101010001111110111110111010111001100110000001100001101011011010101111110011100001000010000010100001010011101010111010000100010001010100000000001001010001001101001111100001010101001001111100100110101010011100111100110100110101100001110001000101000100001011110110001000000100000010000011110011101011100010000101000010010010010100001111001000000010000100101110001000010111110110010010110111001011101 
00110111101101110100000101011110011000010101111100110000001010111011000000111000111101110111001101100110101111010110001001110111001000110111111111001001111001011000010001011101001010011010111001111011111101011101001101101011000000101101001111001010101001000110110001001111111001101010000101111111011110001001100111011101000110111010111001010011110010101110110111111001111101100100011010110001000001111101010110010111111011111001111010010111111010110111101000011111100101100111110100010011000110111100111010110001 
11000100111110100010000000010110001010100100100000110100001100011110111110110101111000000111100100110111100010110010111000110101100011101001100101101110000111111010100010101110101011101000000010010111101110110000100111001110111000111101010111011010100001000100100001001010000101010110001111101101000011000100000000010100101011010100100101100110110100100011110110101101010100111010111010000110100111100001110100101111000011000101111010100010010110111110110100011100000010010101000101011000101010000000111000000001 
11011000111110111010000001100110111101010111011100101011110111100010100100101100010011110001010111100001011111010101111000100001110010111100111110110001001001010101000100101011100001100111011010100001111001011000010011011111100110010000000111111111111110111110001001101010100100000110001101001101101111100001001010011110111011111101001100001000101101011001100010111110000111100011101010110011000001100100110110011000110100011011001101111111000111100100000011001101011100110001000110111101001111011111111100010011 
10011111001001000001111000111010000111010100001011000110000001000110110001101111111011000000110000011111010110000011001101011110111111011000000011111111011010111000101001100100111011111011100010101110111100101001001111010010010001011101100001001000001001100000010101000110101000001000100001011001101111000001000111000111111010010011100100011001010001100100001010000001010100001010000000101011101110001110010000110111010010000010101001110000010100000000111101101110101111111001101101111010101100110111011000000001 
01000000101101011000100010000111001011100110110001101000000100110010010001011111010000011000110010010000011110100100111010000100000101100101000101010111100011100001110010011100001100110010100111011011101000001000011000100101101010100000001000010101110110011001101000010000111011011101000000100100011100001000101110001110011000101110010010001101001100011001111110100010000000000010000011100010111110011011100000110001100111010100010010001001000001000111111001100010101111001111011001000111001110100001011111001101 
11111001111110111010010111010001111001111010101111001100111111111101111101100011010111011000010010011011111110101011101001000011110001100111100100101101000101110100011011111111000010110111101000101011100111101110000111111110001111000101110101000011111100100000001101010000011001101000000101001111001001111110100110010111011010011001011100010111100000111110011100011011001100110100111000001000111110101100111101011001110110100111010111110000100110110000111011100011010101011101110101010111001101110000111010110111 
01100010101111001111111000101110101110111110100101110110101010101100011001001010011110110111011011111100101111101110011010100011010000100101100001101101101101100110011001110100011001110110111001111011111101011101001101101011000000101101001111001010101001000110110001001111111001101010000101111111011110001001100111011101000110111010111001010011110010101110110111111001111101100100011010110001000001111101010110010111111011111001111010010111111010110111101000011111100101100111110100010011000110111100111010110001 
01000000101101011000100010000111001011100110110001101000000100110010010001011111010000011000110010010000011110100100111010000100000101100101000101010111100011100001110010011100001100110010100111011011101000001000011000100101101010100000001000010101110110011001101000010000111010011101110010110101000000100110000101000010100011110111001110000001011101001011110010001100011100110010010110100000010000100100000011110010000101010111000101001110001001100010111001100111100110110010000111100011101100101101000000010011 
01100110101001110011110011110001001100011101101001011101011110001101000001101101001011110010011100101100100001001111110000101011100001110111111000011100111101101001110110110010101110111101011110011110111110111100101100011000010111010011110010000100110010010011101001110010101101111011010111000111011110101100101001010000111110111111011000111111010101010100111110001001000100100100010110111111101110111011110110001011011011111001111010010111111010110111101000011111100101100111110100010011000110111100111010110001 
11111001111110111010010111010001111001111010101111001100111111111101111101100011010111011000010010011011111110101011101001000011110001100111100100101101000101110100011011111111000101111010001010110110001100101100010001000000110111100001111111100011110110110100110011011010010011011100100100011101000001111011010000110001100000111111101110100001110011011111010010111001001011101101111001101010011010110110011000110100001110101111000101011010101111110110101101110011111000001000101100010010101110011100110111010101 
11111001111110111010010111011100000110001100111001011111010100010111011111111101001010100000000100111111110100111011100111111101011001110110111110001101010001110010001110101101001101011001111001010001010100100110100011101111110010101110100111111110001111111011000100101100100111101111101101111111110000111010010110111000110001101001010101011110100110011101100001011011101101001011100110011011010011100011100000000101011111000111111001011110000111110000110100111100011111101101110001100110001110111001110011010001 
10101011111110111000111101101001111001001110100110100111000101111101110100011000001001010010111011110010100011101010111111101110011001101100010001001000100110000110111110100110111010011011110101010001010100100110100011101111110010101110100111111110001111111011000100101100100111101111101101111111110000111010010110111000110001101001010101011110100110011101100001011011101101001011100110011011010011100011100000000101011111000111111001011110000111110000110100111100011111101101110001100110001110111001110011010001 
11000100111110100010000000010110001010100100110001101000000100110010010001011111010000011000110010010000011110100100111010000100000101100101000101010111100011100001110010011100001100110010100111011011101000001000011000100101101010100000001000010101110110011001101000010000111011011101000000100100011100001101100101011011001100111101100001000011110100100000111101101110111000110100001111000100110011110110111010100100100101111011001111011110010000101001011010000000010100001000001000011001000000101001101100100111 
00000101100010010100110110100001001001011111011001100100000001001010011100010101110011011100100000110011110001111001111001010011000110001000100001000010110101100000000100100100110000100100111010010001001110000111001100111100011100100101111000000111100110100001101100101101000111111001110010000010000011110111101001000011000001011101001000100001000111000011000010010011011000101100110110010101000010101011001011000001101011001000011100010000000010101000111011100011100101101111111001111001010111100010101000011111 
01100010101111001111111000101110101110111110100101110110101010101100011001001010011110110111011011111100101111101110011010100011010000100101100001101101101101100110011001110100011001110110110110001100000101011000111110101000101010111101011111101001101010001010111001100011011111011000011110011000110111010011110011110010011011101001010101011110100110011101100001011011101101001011100110011011010011100011100000000101011111000111111001011110000111110000110100111100011111101101110001100110001110111001110011010001 
01111101111101011001000101101101111101011111001111110110110001101011101110010000011010000110001101010100001010100000000011010011101011000101000011001001010100000000010011001011000011110011000010110001011110101001001111010010010001011101100001001000001001100000010101000110101000001000100001011001101111000001000111000111111010010011100100011001010001100100001010000001010100001010000000101011101110001110010000110111010010000010101001110000010100000000111101101110101111111001101101111010101100110111011000000001 
00110111101101110100000101011110011000010101111100111010110011001011011010000010110100111001101111111000100111001010000111000001100101011010100100001100110000001100001101011011010101111110011100001000010000010100001010011101010111010000100010001010100000000001001010001001101001111100001010101001001111100100110101010011100111100110100110101100001110001000101000100001011110110001000000101011111010011100110111111000010100010101000011011001001000001011011010011001110101000010010111101110101100001001001100110001 
10101011111110111000111101101001111001001110100110100111000101111101110100011000001001010010111011110010100011101010111111101110011001101100010001001000100110000110111110100110111010011011110101010001010100100110100011101111110010101110100111111110001111111011000100101100100111101111101101111111110000111010010110110111010011011100001111011011111011101000101101111010101000010001011100111110111100001000011011010100001111010001100000111010100001010011000101111001101101011111101110100101100001101001000010001011 
10000101100010010100110110100001001001011111011001100100000001001010011100010101110011011100100000110011110001111001111001010011000110001000100001000010110101100000000100100100110000100100111010010001001110000111001100111100011100100101111000000111100110100001101100101101000111111001110010000010000011110111101001000011000001011101001000100001000111000011000010010011011000101100110110010101000010101011001011000001101011001000011100010000000010101000111011100011100101101111111001111001010111100010101000011111 
01101001011011100101100000111000100011110000000100011110000100110010010001011111010000011000110010010000011110100100111010000100000101100101000101010111100011100001110010011100001100110010100111011011101000001000011000100101101010100000001000010101110110011001101000010000111011011101000000100100011100001101100101011011001100111101100001000011110100100000111101101110111000110100001111000100110011110110111010100100100101111011001111011110010000101001011010000000010100001000001000011001000000101001101100100111 
01000000101101011000100010000111001011100110110001101000000100110010010001011111010000011000110010010000011110100100111010000100000101100101000101010111100011100001110010011100001100110010100111011011101000001000011000100101101010100000001000010101110110011001101000010000111011011101000000100100011100001101100101011011001100111101100001000011110100101001000100110100000011110000000111010110010010110110101001100000001011100110110111001011101111001001011010011000000000011110101110001001000011101101101011011001 
00000010101001111001010110100111000110011011001110001110101000100000000001101010001101011110110000101110100010010010111010011000111001011000110000110101110101111100100100001001001010101100010010110101011010010000101001111110110110101101111010001101110110111101010001100100111100001011111111001000001011101000001000001010000100110000001101111000000000110111001001110100111010001000000000100101011100010001001110000011100011100011001000101001101011001001110110100000111110000111011101010011010101000110000111101001 
01100001000100000100100100010100101010001101111111100000001010111011000000111000111101110111001101100110101111010110001001110111001000110111111111001001111001011000010001011101001010011010111001111011111101011101001101101011000000101101001111001010101001000110110001001111111001101010000101111111011110001001100111011101000110111010111001010011110010101110110111111001111101100100011010110001000001111101010110010111111011111001111010010111111010110111101000011111100101100111110100010011000110111100111010110001 
10010000010010000111010011100001001100011100010100000000001100011101111000000010011000110100100110001100100110101011000010110011000110010000000101010011011000000011111001110010110110011010011011100011100101000110110011100010000101100010010111100011010111001010101010100011100011100101100110111000000110010100110001001011011110000110001001011010110101101010101001010011011000101100110110010101000010101011001011000001101011001000011100010000000010101000111011100011100101101111111001111001010111100010101000011111 
01100001000100000100100100010100101010001101111111100000001010111011000000111000111101110111001101100110101111010110001001110111001000110111111111001001110101001111001111100111011010011110100001011110101001110111000001110111010000110111001110111010110010011111100010000101111111011111001010110110010111011000100110010111011010011001011100010111100000111110011100011011001100110100111000001000111110101100111101011001110110100111010111110000100110110000111011100011010101011101110011001110100100011000101101110011 
01100110101001110011110011110001001100011100010100000000001100011101111000000010011000110100100110001100100110101011000010110011000110010000000101010011011000000011111001110010110110011010011011100011100101000110110011100010000101100010010111100011010111001010101010100011100011100101100110111000000110010100110001001011011110000110001001011010110101101010101001010011011000101100110110010101000010101011001011000001101011001000011100010000000010101000111011100011100101101111111001111001010111100010101000011111 
01100010101111001111111000101110101110111110100101110110101010101100011001001010011110110111011011111100101111101110011010100011010000100101100001101101101101100110011001110100011001110110110110001100000101011000111110101000101010111101011111101001101010001010111001100011011111011000011110011000110111010011110011110010011011100000111010000000001100000111110100100100101000001101110011100100111100111001011111100001001110000011010110111110010000011110101101010101110110101010111111000101010011110111110101110101 
10111101011101001101100011100000100011101111011011110110100011001110101110010111110010100010001000010001001100010111000011101101001101111111100111001011000101111110111010001100101111000110100100100010101010010011110110110011111010111000100011100001101110110000100000101111110000011101110010110101000000100110000101000010100011110111001110000001011101001011110010001100011100110010010110100000010000100100000011110010000101010111000101001110001001100010111001100111100110110010000111100011101100101101000000100011 
01010101010011111000101011100000110001010100111000000110111011000010010001011011111001000101111111000111100011111011011110100011101010000111110010111101101101100011111010110110100100100011101111010100101101010111010101011010011000011010110000101110111110101011010001110010011100101000010000000101000101011011000011110010001111110011010000110111001010001001000010010001101010010000001101000001010111111010011111100000001010100010011101110010111101100001000011101111111010001100001011011010110011101110100011011011 
01010110001000101000101110100010110011010110000101000100010111001001001110110100111001000111010011110111011101100000110011001110010011100110100101100100100101000110100001100010100000100010000111111111101001110000111100001000101010101010111101101110010011001110010101000101001100011010000001111100001000110100111011101011101100101001100011100000100110000111010010011100011101111010101000101101001111001110111010100011101110111111011100100001010111111100111110010001011001010100010111110000010011000110111000001011 
11111000110101110100111001011111111101110101010010010001110111011010001001101010010110010010001101011001100010010010110101100101000000101011001010111001110011001010110110010000001000101111101000101011110101000111100010000100101100110101000111011101101000101100011010010010101111100101001110111011100001100110000111110111011011101001001101011101111110001111001000111011010011110110100000100111000011010010010001010101110110001101001110111001111100001101100101001111011010011011001001110110000011010110100101001001 
00000000100111011011100011010010001001011101110011011010100011100101101100011111000110101101010000111001111111110010011001100010100010101111010101111110100111101000111110101011111100001100000010000110001000010010100111110010000100000000101101110011001100101010100010110101001111010000011110110110101011110011101100101000111100101010011100110001011100010100100001110110101110000000000010000100101010101111111001001101110111001010011111011010100100000110011111101100010100001000001000011001000000101001101100100111 
01001011001000000010001111010111111110110110101110011100101101010101101100111011001110001101000110100101110010101101001101000111110100000110100001110001010111011110000101110010010101111010001010110110001100101100010001000000110111100001111111100011110110110100110011011010010011011100100100011101000001111011010000110001100000111111101110100001110011011111010010111001001011101101111001101010011010110110011000110100001110101111000101011010101111110110101101110011111000001000101100010010101110011100110111010101 
00011001000111100111110101001001110100101001001110101001101100111010010101101010010010100111110101011001110111000000011100010011110110000100010110110010001100001010011100001111111101100101100111111111111100001100001010000110001100100000100011011000001101001101010110001100111101010000010110111101000100111000010101111110111010010010001011100100000011011010111110110101010100101110101001110100110000100111101101101111011111010110010011011111100001010001100101011001011010001101111110101101000111011010111011101101 
01101010110000101000001111110100010010100000110001010100100101110111001000010001000000110100011110111001111110100001101101110000001110011111001000110011011010011011110110110010101110111101011110011110111110111100101100011000010111010011110010000100110010010011101001110010101101111011010111000111011110101100101001010000111110111111011000111111010101010100111110001001000100100100010110111111101110111011110110001011000001100100101011000010101010010101110001011001101111110011001001100011111111001011110010111101 
00101110111001110001001011011000010000101010111110100110110101110110000011111011110001111010011010110100110011000000111101110100011100010111011110110001101010000100000010011000011011000111110101111001011101000000010011100001111000111111010110000110011101101111001000111001111001010111011011100111010110111111000011000001000110101110000101001100101001011000111000110011110111010110100100100111001011110011011110101110110000010000110000111000000000001011101011000110001001001100111100100101010111101110101001111011 
11101110110010110011010110000001010010001100111111010000101100000010101000010111010010100110001111100000110010110110101100111100001001011010100010111110010101111101111101001010000011000111011001010000111101011000010000011110001001010011111001101000111011110111011111011001001110111101010100100011001100010110111011010000110101011100001111011011111011101000101101111010101000010001011100111110111100001000011011010100001111010001100000111010100001010011000101111001101101011111101110100101100001101001000010001011 
11111001111110111010010111010001111001111010101111001100111111111101111101100011010111011000010010011011111110101011101001000011110001100111100100101101000101110100011011111111000010110010000001011111100100101001110101000101010010001001111101110110101010001101111100100100100101110101000000100101101011000011000111110001010011100110100001111001001110110011010000101100011101101000011100010001101111111101110011010011110111001100010100101000010001111000110000101100000011011001110000101001100111000101100111111001 
11111110001011101001001001000011000110011000011101010011011101011001011011000001010001101110100001011010000101101010000111011100101110110010011101100101010000010111011101111100100001011111000100100010110011011100010111110101101101010100111101101010010000101101100111110000001111101110100001100010001100110100010001010111101111100010100010100110001001110001000011110101010001001111001111011011111010011100110111111000010100010101000011011001001000001011011010011001110101000010010111101110101100001001001100110001 
11011001000000000011101110010001001010001011111111101101010101011111001110110101101110011001110110001010111011011101010101000001010110010011010010011111000111110101101011101110001110110111111100011100111110110110011001010110100001001100100001100010010100101011100000011011101000101110100110101000100100101101000001001100101001101011111010110111101010000100100110001110101100011100101011011100101101001111100000100111101111100001101100111101000011111011100010101001000001101101111011110001110001010010110101011001 
11100011000001010001101100101101110000110000000000000111101011011110010100110100001000011000011110101011000000011101111100101000000101000010111101000010101001100010010101100111111010100001110011101100111100100111111111110111100000010000011000001100100101010100110101111100110000101000101110111111011101100000010000000011110110111010001011100110110100010111111101101111010010000110010010000110101100011100011111110000001001001000011010000011111001101011000111101010000110010111000011001110100100011000101101110011 
10011010001001110011000100000011111110110101100110100000100000000001111001111111001110010010000101101110101100010110101101011100001101010111011000111110100011010101100110111001100111101000101101000110001010010001011011110110001100001011110101000100010001001111110110111111100001000101001100100110011001011000010110010111100100011010001001000101001000011011010001111111011001011111100110100111000011111101000101010100111010000111111000100001101010101001100110101110010110110001111001001010011001111111111000001001 
10100101110000100000101000010110110101000111100100100110010110110100011011010001010011110110001101111001110011011010101101101101100110100111010001010011101010111000100100000011111000111101100001111001001100001011011000001111111101010011010011000100110010001110000110101101111100001101010000000101110001010101001011101001000101011101110111111010111111110111101011011111101011100100110100011011101011111001000001100110001111100101000001011010110001110000101010110010001111100011000111100111011100101101111110000111 
10011100010101100011111001111110101011000101010011010000011111110110011000000010110000111010011111101111000010010100100100000011111011011000101110000001100011100101100101010100001011010111110110010111000011011101110000001010101100100111000110000011011110001011011110010110011101000100001110010110100011011000101100010011010111111010110110000101100100100011101110000000100001010110111101011111010101110001101011001111001110100001011010010110110100101101010100111000000001000011011010110111111011011010110011000111 
11000100111110100010000000010110001010100100100000110100001100011110111110110101111000000111100100110111100010110010111000110101100011101001100101101110000111111010100010101110101011101000000010010111101110110000100111001110111000111101010111011010100001000100100001001010000101010110001111101101000011000100000000010100101011010100100101100110110100100011110110101101011101111001111001001110001101101101011001011000100111100000001100110000100000000100010010110100010110000100010000011100001100101010111111111111 
10001000110011110010011110111010000011010110111111000001001001000011000010110111101111001101000111101101100101000111001110001001010011100000001011110110000100001001001000100001000001001110100000000000001111011010000011101000001111011111100001101001100010100000110010111100111111001010010110010110000010101110110000101101101110100111010100010000100101110101011110111000110111111110100110001100110101100100010111110101111111110001010001100011100100010000001001010101101010000001111000010010001101111011101101101101 
10001000000110000101000001111100000110001100111001011111010100010111011111111101001010100000000100111111110100111011100111111101011001110110111110001101010001110010001110101101001101011001111011100011010011110001110110000110111101100000100111100111110100100110000000101001110011001111100011010010110011000001110010110010000111011111101000111011010010101011000010011010001001001000000000100001011101000010101000011110011010011100001001101000110000100001011110001010010110100111011001100111000011111010100000100111 
10110101100010110110001111001100000010111111100110110000010100100000011100000100010001000001110111011000100110011010100111011000000100111011001101100010100001101101110000011010110010111010001000011001110000111101111110101011000010111011101000110110000100111010001100000001001001101001110100010101101000010010001101111010011010000001100010001101111010010000011011101111000110100100111000101010100011001110100001011101101000101111110001110111101010011100100010001010101000011001011111100010111011010011110001010001 
01100000010010111010111111101011010100101101110010011110111111100001101001101010110100101000101110001010101001011111100100011110010000011101011110111010011101000101110010010001101011111100101110000100110111011101001001101101110110001111011010001000011010111111110000101010101000110000000100101101001000111011100100000110101111001010001010010000100001111000000101001110001110001010101011110100011010011001001101010001000010100111011101110101010100000001011000100111101110111010100101011110010111100101100001111111 
10010000010010000111010011100000110111100100011110111011011000111011001001111001000100001000101010110000010111001111101010001111110111110111010111001100110000001100001101011011010101111110011100001000010000010100001010011101010111010000100010001010100000000001001010001001101001111100001010101001001111100100110101010011100111100110100110101100001110001000101000100001011110110001000000100000010000011110011101011100010000101000010010010010100001111001000000010000100101110001000010111110110010010110111001011101 
11000100000110110101111011011110011110110001111101000111101100111101000010010000001001001101000110111001000010101000000110110111100011110101100110011101111111010001110000001011000111111110110001100010011110110110100100100001000110000111001110111010110010011111100010000101111111011111001010110110010111011000100110010111011010011001011100010111100000111110011100011011001100110100111000001000111110101100111101011001110110100111010111110000100110110000111011100011010101011101110101010111001101110000111010110111 
10011001101100010100100110101101100001010011110110111011100110011110010101010001101111000110001110100110100010011110010101110100111010111000001010101010011000110000110100101100000000000100100010110101100011101000101111101101010110011000011110101100111000000010001011000001010110010111000111000110110100010011110000010000110110100100011011000000001110000011001011010111101100111111010010011001100100000111111101100010111010110000010000010001101010001101011011010110110000010011101000111101110010011100101000011111 
00101011100101000000101100101011110001010111110100001101100000101011001101110001001001111000101101001101000001101011011011110010000000010111101001011110000110011110001010111001100110110010101101011101101111110000010111110001001110000111010010010001000000011110111110110001111000101000101010000111000111111011011000101101001010100110001111111001111100000000000010000100101001110010001101010100111011110001000101010010111100110101100100110101001101101001001111011010001000010011110101001010011110111010011101101101 
10000101100010010100110110100001001001011111011001100100000001001010011100010101110011011100100000110011110001111001111001010011000110001000100001000010110101100000000100100100110000100100111010010001001110000111001100111100011100100101111000000111100110100001101100101101000111111001110010000010000011110111101001000011000001011101001000100001000111000011000010100000100001110111010111111110110000010111101001000010101100111100100000110111001100111001100101000000111010001101110101110000011011101100000101110011 
10011111100101000001110100101101011110100000010011100001001111011001001000011111101001110101001100111101011101001101010101001110110110110110011010100000000011111010001010000010110011000001011011010000100011011000110110100110000001110001000010001010001011101000011101100111100010101100111010010010101110110111001001101100011111010110000001110111101111110000101001010110111001011110101111111000111111101010100011011110011011011100111001001111011001111010011011111111110000101000001011101000010100000111111010001101 
01111110001011101101011100101110100110101100101110011100011111101101110100001100110101000001000000100111000001111100101101010001100111110001111010000110011010110010010101000010000101000010001000001000001011011110110001101011001101100111001111111111111101001100000101111000011011101111001110100011101101111011001100010100001100011000000000101000101001101100001011000010010011110000101011011000010010101010010110110101001000011010100111000111010101110100010001001110100000111011101000010111111111001100010000111001 
10100100011100110001110010100000011101001001000010010110101000000010010110010110110000011010001000001010010101000100100101100111111101110101000101111101100111101100100100001001001010101100010010110101011010010000101001111110110110101101111010001101110110111101010001100100111100001011111111001000001011101000001000001010000100110000001101111000000000110111001001110100111010001000000000100101011100010001001110000011100011100011001000101001101011001001110110100000111110000111011101010011010101000110000111101001 
11100011000001010001101100101101110000110000000000000111101011011110010100110100001000011000011110101011000000011101111100101000000101000010111101000010101001100010010101100111111010100001110011101100111100100111111111110111100000010000011000001100100101010100110101111100110000101000101110111111011101100000010000000011110110111010001011100110110100010111111101101111010010000110010010000110101100011100011111110000001001001000011010000011111001101011000111101010000110010111000101010111001101110000111010110111 
11000100000110110101111011011110011110110001111101000111101100111101000010010000001001001101000110111001000010101000000110110111100011110101100110011101111111010001110000001011000111111110110001100010011110110110100100100001000110000111001110111010110010011111100010000101111111011111001010110110010111011000100110010111011010011001011100010111100000111110011100011011001100110100111000001000111110101100111101011001110110100111010111110000100110110000111011100011010101011101110011001110100100011000101101110011 
00100110110100100010011011101101111110110100000101110001111011000001011111101000000001010110100101110010100110000101000101001101100001101011010111011100111011101110011110010101001010000110011011001000001101001101010111001111110110000101101001110000100011111010110100101100101111011011010101100110111111111011101000101101001010100110001111111001111100000000000010000100101001110010001101010100111011110001000101010010111100110101100100110101001101101001001111011010001000010011110101001010011110111010011101101101 
01000000101101011000100010000111001011100110110001101000000100110010010001011111010000011000110010010000011110100100111010000100000101100101000101010111100011100001110010011100001100110010100111011011101000001000011000100101101010100000001000010101110110011001101000010000111011011101000000100100011100001101100101011011001100111101100001000011110100100000111101101110111000110100001111000100110011110110111010100100100101111011001111011110010000101001011010000000010100001000001000011001000000101001101100100111 
11000010101011000000000011000101111110001010000001110100100100111111001000010010111100101101101001111110000100111111000110101011001111101110001011100110000001011001010111110100100100000101000011011011110001100000010111110001010111110000101101000011001111001111111110101101010000010111111000100001000000100110000100001010000110010011011101111011101010101111110010010000101011000010111010001111011101010010011111011001111010110011001100101111100110011100100010001010101000011001011111100010111011010011110001010001 
01000000101101011000100010000111001011100110110001101000000100110010010001011111010000011000110010010000011110100111010010110000111011001100011101000000100010011100101100000010000111000001001101000000001101111111100110011010110111101111110110000000001101000101011010000111010101000001010000110001001010001110100001100111100110000111111010000100101011001010101111011111101101100010000001111000010110101010101011101101000001001011111010110100001010100011110000011001010001101001101000111101110010011100101000011111 
01000100011100100110010111000100010000011110101001001011101100000111001001000111001011101010010110100011101001011110101111010000000010110101011011001111000110010000111010111001000101111010010001001101011111111000001001101001011100100100110100000101100111110010001010100100111111101000110010100101110101001011100111110111010011011100001111011011111011101000101101111010101000010001011100111110111100001000011011010100001111010001100000111010100001010011000101111001101101011111101110100101100001101001000010001011 
10100101100010110010101110110100110000101110010101000000010011000110001100010001101010001101111110010010001101010110001001110111001000110111111111001001111001011000010001011101001010011010111001111011111101011101001101101011000000101101001111001010101001000110110001001111111001101010000101111111011110001001100111011101000110111010111001010011110010101110110111111001111101100100011010110001000001111101010110010111111011111001111010010111111010110111101000011111100101100111110100010011000110111100111010110001 
10011100011010101010011101001100001111100011011101100001001001100001011101111010011011011100011110001010111011011101010101000001010110010011010010011111000111110101101011101110001110110111111100011100111110110110011001010110100001001100100001100010010100101011100000011011100111101111101101111111110000111010010110111000110001101001010101011110100110011101100001011011101101001011100110011011010011100011100000000101011111000111111001011110000111110000110100111100011111101101110001100110001110111001110011010001 
01000000101101011000100010000111001011100110110001101000000100110010010001011111010000011000110010010000011110100111010010110000111011001100011101000000100010011100101100000010000111000001001101000000101000001000011000100101101010100000001000010101110110011001101000010000111011011101000000100100011100001101100101011011001100111101100001000011110100100000111101101110111000001010000000101011101110001110010000110111010010000010101001110000010100000000111101101110101111111001101101111010101100110111011000000001 
10001000000110000101000001111100000110001100110001101000000100110010010001011111010000011000110010010000011110100100111010000100000101100101000101010111100011100001110010011100001100110010100111011011101000001000011000100101101010100000001000010101110110011001101000010000111011011101000000100100011100001101100101011011001100111101100001000011110100100000111101101110111000110100001111000100110011110110111010100100100101111011001111011110010000101001011010000000010100001000001000011001000011001100010000111001 
11111001111110111010010111010001111001111010101111001100111111111101111101100011010111011000010010011011111110000011001101011110111111011000000011111111011010011011110110110010101110111101011110011110111110111100101100011000010111010011110010000100110010010001010110001100111101010000010110111101000100111000010101111110111010010010001011100100000011011010111110110101010100101110101001110100110000100111101101101111011111010110010011011111100001010001100101011001011010001101111110101101000111011010111011101101 
10110100101011000000000011000101111110001010000001110100100100111111001000011111010000011000110010010000011110100100111010000100000101100101000101010111100011100001110010011100001100110010100111011011101000001000011000100101101010100000001000010101110110011001101000010000111011011101000000100100011100001101100101011011001100111101100001000011110100101001000100110100000011110000000111010110010010110110101001100000000011000101111010100010010110111110110100011100000010010101000101011000101010000000111000000001 
11111001111110111010010111010001111001111010101111001100111111111101111101100011010111011000010010011011110110000011001101011110111111011000000011111111011010111000101001100100111011111011100010101110111100101001001111010010010001011101110010000100110010010011101001110010101101111011010111000111011110101100101001010000111110111111011000111111010101010100111110001001000100100100010110111111101110111011110110001011000001100100101011000010101010010101110001011001101111110011001001100011111111001011110010111101 
01100110101001110011110011110001001100011101101001011101011110001101000001101101001011110010011100101100100001001111110000101011100001110111111000011100111101101001110110110010101110111101011110011110111110111100101100011000010111010011110010000100110010010011101001110010101101111011010111000111011110101100101001010000111110111111011000111111010101010100111110001001000100100100010110111111101110111011110110001011011011111001111010010111111010110111101000011111100101100111110100010011000110111100111010110001 
01000000101101011000100010000111001011100110110001101000000100110010010001011111010000011000110010010000011110100100111010000100000101100101000101010111100011100001110010011100001100110010100111011011101000001000011000100101101010100000001000010101110110011001101000010000111011011101000000100100011100001101100101011011001100111101100001000011110100100000111101101110111000110100001111000100110011110110111010100100100101111011001111011110010000101001011010000000010100001000001000011001000000101001101100100111 
11100011000001010001101100101101110000110000000000000111101011011110010100110100001000011000011110101011000000011101111100101000000101100101000101010111100011100001110010011100001100110010100111011011101000001000011000100101101010100000001000010101110110011001101000010000111011011101000000100100011100001101100101011011001100111101100001000011110100100000111101101110111000110100001111000100110011110110111010100100100101111011001111011110010000101001011010000000010100001000001000011001000000101001101100100111 
11011000111110111010000001100110111101010111011100101011110111100010100100101100010011110001010111100001011111010101111000100001110010111100111110110001001001010101000100101011100001100111011010100001111001011000010011011111100110010000000111111111110111101000011101100111100010101100111010010010101110110111001001101100011111010110000001110111101111110000101001010110111001011110101111111000111111101010100011011110011011011100111001001111011001111010011011111111110000101000001011101000010100000111111010001101 
10110100101011000000000011000101111110001010000001110100100100111111001000011111010000011000110010010000011110100100111010000100000101100101000101010111100011100001110010011100001100110010100111101100111100100111111111110111100000010000011000001100100101010100110101111100110000101000101110111111011101100000010000000011110110111010001011100110110100010111111101101111010010000110010010000110101100011100011111110000001001001000011010000011111001101011000111101010000110010111000011001110100100011000101101110011 
10010000010010000111010011100001001100011100010100000000001100011101111000000010011000110100100110001100100110101011000010110011000110010000000101010011011000000011111001110010110110011010011011100011100101000110110011100010000101100010010111100011010111001010101010100011100011100101100110111000000110010100110001001011011110000110001001011010110101101010101001010011011000101100110110010101000010101011001011000001100110100111010111110000100110110000111011100011010101011101110101010111001101110000111010110111 
01100110101001110011110011110001001100011100010100000000001100011101111000000010011000110100100110001100100110101011000010110011000110010000000101010011011000000001110010011100001100110010100010000110001000010010100111110010000100000000101101110011001100101010100010110101001111010000011110110110101011110011101100101000111100101010011100110001011100010100100001110110101110000000000010100000010000100100000011110010000101010111000101001110001001100010111001100111100110110010000111100011101100101101000000010011 
10011101000001010001101100101101110000110000000000000111101011011110010100110100001000011000011110101011000000011101111100101000000101000010111101000010101001100010010101100111111010100001110011101100111100100111111111110111100000010000011000001100100101010100110101111100110000101000101110111111011101100000010000000011110110111010001011100110110100010111111101101111010010000110010010000110101100011100011111110000001001001000011010000011111001101011000111101010000110010111000101010111001101110000111010110111 
01000000101101011000100010000111001011100110110001101000000100110010010001011111010000011000110010010000011110100100111010000100000101100101000101010111100011100001110010011100001100110010100111011011101000001000011000100101101010100000001000010101110110011001101000010000111011011101000000100100011100001101100101011011001100111101100001000011110100101001000100110100000011110000000111010110010010110110101001111100010000101000010010010010100001111001000000010000100101110001000010111110110010010110111001011101 
10110101100010110110001111001100000010111111100110110000010100100000011100000100010001000001110111011000100110011010100111011000000100111011001101100010100001101101110000011010110010111010001000011001110000111101111110101011000010111011101000110110000100111010001100000001001001101001110100010101101000010010001101111010011010000001100010001101111010010000011011101111000110100100111000101010100011001110100001011101101000101111110001110111101010011100100010001010101000011001011111100011000110111100111010110001 
00000101100010010100110110100001001001011111011001100100000001001010011100010101110011011100100000110011110001111001111001010011000110001000100001000010110101100000000100100100110000100100111010010001001110000111001100111100011100100101111000000111100110100001101100101101000111111001110010000010000011110111101001000011000001011101001000100001000111000011000010010010101001110010001101010100111011110001000101010010111100110101100100110101001101101001001111011010001000010011110101001010011110111010011101101101 
11000010101011000000000011000101111110001010000001110100100100111111001000010010111100101101101001111110000100111111000110101011001111101110001011100110000001011001010111110100100100011010011011100011100101000110110011100010000101100010010111100011010111001010101010100011100011100101100110111000000110010100110001001011011110000110001001011010110101101010101001010011011000101100110110010101000010101011001011000001101011001000011100010000000010101000111011100011100101101111111001111001010111100010101000011111 
01101001011011100101100000111000100011110000000100011110000100110010010001011111010000011000110010010000011110100100111010000100000101100101000101010111100011100001110010011100001100110010100111011011101000001000011000100101101010100000001000010101110110011001101000010000111011011101000000100100011100001101100101011011001100111101100001000011110100100000111101101110111000110100001111000100110011110110111010100100100101111011001111011110010000101001011010000000010100001000001000011001000000101001101100100111 
01000000101101011000100010000111001011100110110001101000000100110010010001011111010000011000110010010000011110100100111010000100000101100101000101010111100011100001110010011100001100110010100111011011101000001000011000100101101010100000001000010101110110011001101000010000111011011101000000100100011100001000101110001110011000101110010010001101001100011001111110100010000000000010000011100010111110011011100000110001100111010100010010001001000001000111111001100010101111001111011001000111001110100001011111001101 
11111001111110111010010111010001111001111010101111001100111111111101111101100011010111011000010010011011111110000011001101011110111111011000000011001000100110000110111110100110111010011011110101010001010100100110100011101111110010101110100111111110001111111011000100101100100111101111101101111111110000111010010110110111010011011100001111011011111011101000101101111010101101001011100110001000111110101100111101011001110110100111010111110000100110110000111011100011010101011101110101010111001101110000111010110111 
01010110001000101000101110100010110011010110000101000100010111001001001110110100111001000111010011110111011101100000110011001110010011100110100101100100100101000110100001100010100000100010000111111111101001110000111100000101101010100000001000010101110110011001101000010000111010011101110010110101000000100110000101000010100011110111001110000001011101001011110010001100011100110010010110100000010000100100000011110010000101010111000101001110001001100010111001100111100110110010000111100011101100101101000000010011 
11111000110101110100111001011111111101110101010010010001110111011010001001101010010110010111001101100110101111010110001001110111001000110111111111001001111001011000010001011101001010011010111001111011111101011101001101101011000000101101001111001010101001000110110001001111111001101010000111001000001011101000001000001010000100110000001101111000000000110111001001110100111010001000000000100101011100010001001110000011100011100011001000101001101011001001110110100000111110000111011101010011010101000110000111101001 
01100110101001110011110011110001001100011100010100000000001100011101111000000010011000110100100110001100100110101011000010110011000110010111100111001011000101111110111010001100101111000110100100100010101010010011110110110011111010111000100011100001101110110000100000101111110000011101110010110101000000100110000101000010100011110111001110000001011101001011110010001100011100110010010110100000010000100100000011110010000101010111000101001110001001100010111001100111100110110010000111100011101100101101000000100011 
10011100010101100011111001111110101011000101010011010000011111110110011000000010110000111010011111101000011110100111010010110000111011001100011101000000100010011100101100000010000111000001001101000000101000001000011000100101101010100000001000010101110110011001101000010000111010011101110010110101000000100110000101000010100011110111001110000001011101001011110010001100011100110010010110100000010000100100000011110010000101010111000101001110001001100010111001100111100110110010000111100011101100101101000000010011 
10100000101110010001011101011000101111011111000001100101100010101000000100011001100110111111010111101011001101011000000110110111100011110101100110011101111111010001110000001011000111111110110001100010011110110110100100100001000110000111001110111010110010011111100010000101111111011111001010110110010111011000100110010111011010011001011100010111100000111110011100010100000011110000000111010110010010110110101001111100010000101000010010010010100001111001101010110010001010010101000101011000101010000000111000000001 
01111101111101011001000101101101111101011111001111110110110001101011101110010000011010000110001101010100001010100000000011010011101011000101000011001001010100000000010011001011000011110011000010110001011110101001001111010010010001011101100001001000001001100000010101000110101000001000100001011001101111000001000111000111111010010011100100011001010001100100001010000001010100001010000000101011101110001110010000110111010010000010101001110000010100000000111101101110101111111001101101111010101111011111111100010011 
11111001111110111010010111010001111001111010101111001100111111111101111101100011010111011000010010011011111110000011001101011110111111011000000011111111011010011011110011111111000010110111101000101011110101000111100010000100101100110101000111011101101000101100011010010010101111100101001110111011100001100110000111110111011011101001001101011101111110001000101001100011011110000101010001110011101100100001100111011110101101100010010101110010100000101001000111000010101111001111011001000111001110100010101000011111 
01000000101101011000100010000111001011100110110001101000000100110010010001011111010000011000110010010111011101100000110011001110010011100110100101100100100101000110100001100010100000100010000111111111101001110000111100001000101010101010111101101110010011001110010101000101001100011010000001111100001000110100111011101011101100101001100011100000100110000111010010011100011101111010101000101101001111001110111010100011101110111111011100100001010111111100111110010001011001010100010111110000010011000110111000001011 
11000100000110110101111011011110011110110001111101000111101100111101000010010000001001001101000110111001000010101000000110110111100011110101100110011101111111010001110000001011000111111110110001100010011110110101001101101011000000101101001111001010101001000110110001001111111001101010000101111111011110001001100111011101000110111010111001010011110010101110110111111001111101100100011010110001000001111101010110010111111011111001111010010111111010110111101000011111100101100111110100010011000110111100111010110001 
11111001111110111010010111010001111001111010101111001100111111111101111101100011010111011000010010011011111110101011101001000011110001100111100100101101000101110100011011111111000010110111101000101011110101000111100010000100101100110101001110111010110010011111100010000101111111011111001010110110010111011000100110010111011010011001011100010111100000111110011100011011001100110100111000001000111110101100111101011001110110100111010111110000100110110000111011100011010101011101110011001110100100011000101101110011 
01000000101101011000100010000111001011100110110001101000000100110010010001011111010000011000110010010000011110100100111010110000111011001100011101000000100010011100101100000010000111000001001101000000001101111111100110011010110111101111110110000000001100101011100000011011100111101111101101111111110000111010010110111000110001101001010101011110100110011101101000100001011110110001000000101011111010011100110111111000010100010101000011011001001000001011011010011001110101000010010111101110101100001001001100110001 
01000000101101011000100010000111001011100110110001101000000100110010010001011111010000011000110010010000011110100111010010000100000101100111100100101101000101110100011011111111000010110111101000101011110101000111100010000100101100110101000111011101101000101100011010010010101111100101001110111011100001100111001001101100011111010110000001110111101111110000101001010110111001011110101111111000111111101010100011011110011011011100111001001111011001111010011011111111110000101000001011101000010100000111111010001101 
10001000000110000101000001111100000110001100110001101000000100110010010001011111010000011000110010010000011110100100111010000100000101100101000101010111100011100001110010011100001100110010100111011011101000001000011000100101101010100000001000010101110110011001101000010000111011011101000000100100011100001101100101011011001100111101100001000011110100100000111100110100000011110000000111010110010010110110101001100000000011000101111010100010010110111110110100011100000010010101000101011000101010000000111000000001 
00110111101101110100000101011110011000010101111100110000001010111011000000111000111101110111001101100100101111101110011010100011010000100101100001101101101101100110011001110100011001110110111001111011111101011101001101101011000000101101001111001010101001000110110001001111111001101010000101111111011110001001100111011101000110111010111001010010110100010111111101101111010010000110010010000110101100011100011111110000001001001000011010000011111001101011000111101010000110010111000101010111001101110000111010110111 
01000000101101011000100010000111001011100110110001101000000100110010010001011111010000011000110010010000011110100111010010110000111011001100011101000000100010011100101100000010000111000001001101000000101000001000011000100101101010100000001000010101110110011001101000010000111010011101110010110101000000100110000101000010100011110111001110000001011101001011110010001100011100110010010110100000010000100100000011110010000101010111000101001110001001100010111001100111100110110010000111100011101110100001011111001101 
10100000101110010001011101011000101111011111000001100101100010101000000100011001100110111111010111101011001101010011101110010001001101101010110011011110010010110011011010101010011011000100101010010011100111101110000111111110001111000101110101000011111100111111100010000101111111011111001010110110010111011000100110010111011010011001011100010111100000111110011100011011001100110100111000001000111110101100111101011001110110100111010111110000100110110000111011100011010101011101110011001110100100011000101101110011 
00000010101001111001010110100111000110011011001110001110101000100000000001101010001101011110110000101110100010010010111010011000111001011001001000110011011010011011110110110010101110111101011110011110111110001000011000100101101010100000001000010101110110011001101000010000111010011101110010110101000000100110000101000010100011110111001110000001011101001011110010001100011100110010010110100000010000100100000011110010000101010111000101001110001001100010111001100111100110110010000111100011101100101101000000010011 
11111001111110111010010111010001111001111010101111001100111111111101111101100011010111011000010010011011111110000011001101011110111111011000000011001000100110000110111110100110111010011011110101010001010100100110100011101111110010101110100111111110001111111011000100101100100111101111101101111111110000111010010110110111010011011100001111011011101010101111110010010000101011000010111010001111011101010010011111011001111010110011001100101111100110011100100010001010101000011001011111100010111011010011110001010001 
10011100011010101010011101001100001111100011011101100001001001100001011101111010011011011100011110001010111011011101010101000001010110010011010010011111000111110101101011101110001110110111111100011100111110110110011001010110100001001100100001100010010100101011100000011011100111101111101101111111110000111010010110111000110001101001010101000011110100100000111101101110111000001010000000101011101110001110010000110111010010000010101001110000010100000000111101101110101111111001101101111010101100110111011000000001 
10101101001111100111101110001001000101111111110001101000000001101101001000111110001111001110100100111100010010011100101001000101011101111101100100101010110101011101100110001000101001110111111100011100111110110110011001010110100001001100100001100010010100101011100000011011100111101111101101111111110000111010010110111000110001101001010101011110100110011101100001011011101101001011100110011011010011100011100000000101011111000111111001011110000111110000110100111100011111101101110001100110001110111001110011010001 
10011111001001000001111000111010000111010100001011000110000001000110110001101111111011000000110000011111010110000011001101011110111111011000000011111111011010111000101001100100111011111011100010101110111100101001001111010010010001011101100001001000001001100000010101000110101000001000100001011001101111000001000111000111111010010011011101111011101010101111110010010000101011000010111010001111011101010010011111011001111010110011001100101111100110011100100010001010101000011001011111100010111011010011110001010001 
11111110001011101001001001000011000110011000011101010011011101011001011011000001010001101110100001011010000101101010000111011100101110110010011101100101010000010111011101111100100001011111000100100010110011011100010111110101101101010100111101101010010000101101100111110000001111101110100001100010001100110100010001010111101111100010100010100110001001110001000011110101010001001111001111011011111010011100110111111000010100010101000011011001001000001011011010011001110101000010010111101110101100001001001100110001 
01100001000100000100100100010100101010001101111111100000001010111011000000111000111101110111001101100110101111010110001001110111001000110111111111001001110101001111001111100111011010011110100001011110101001110111000001110111010000110111001110111010110010011111100010000101111111011111001010110110010111011000100110010111011010011001011100010111100000111110011100011011001100110100111000001000111110101100111101011001110110100111010111110000100110110000111011100011010101011101110011001110100100011000101000000001 
01000000101101011000100010000111001011100110110001101000000100110001110100011000001001010010111011110010100011101010111111101111110001100111100100101101000101110100011011111111000010110111101000101011110101000111100010000100101100110101000111011101101000101100011010010010101111100101001110111011100001100110000111110111011011101001001101011101111110001111001000111011010011110110100000100111000011010010010001010101110110001101001110111110010000011110101101010101110110101010111111000101010011110111110101110101 
01000000101101011000100010000111001011100110110001101000000100110010010001011111010000011000110010010000011110100111010010110000111011001100011101000000100010011100101100000010000111000001001101000000101000001000011000100101101010100000001000010101110110011001101000010000111010011101110010110101000000100110000101000010100011110111001110000001011101001011110010001100011100110010010110100000010000100100000011010100001111010001100000111010100001010011000101111001101101011111101110100101100001101001000010001011 
11101110110010110011010110000001010010001100111111010000101100000010101000010111010010100110001111100000110010110110101100111100001001011010100010111110010101111101111101001010000011000111011001010000111101011000010000011110001001010011111001101000111011110111011111011001001110111101010100100011001100010110111011010000110101011100001111011011111011101000101101111010101000010001011100111110111100001000011011110010000101010111000101001110001001100010111001100111100110110010000111100011101100101101000000010011 
11111001111110111010010111010001111001111010101111001100111111111101111101100011010111011000010010011011111110101011101001000011110001100111100100101101000101110100011011111111000101111010001010110110001100101100010011100001111000111111010110000110011101101111001000111001111001010111011011100111010110111111000011000001000110101110000101001100101001001010101111011111101101100010000001111000010110101010101011101101000001001011111010110100001010100011110000011001010001101001101000111101110010011100101000011111 
11111001111110111010010111010001111001111010101111001100111111111101111101100011010111011000010010011011111110101011101001000011110001100111100100101101000101110100011011111111000010110111101000101011110101000111100010000100101100110101000111011101101000101100011010010010101111100101001110111011100001100110000111110111011011101001001101011101111110001000101001100011011110000101010001110011101100100001100111011110101101100010010101110010100000110000001001010101101010000001111000010010001101111011101101101101 
01101001011011100101100000111000100011110000000100011110000100110010010001011111010000011000110010010000011110100100111010000100000101100101000101010111100011100001110010011100001100110010100111011011101000001000011000100101101010100000001000010101110110011001101000010000111011011101000000100100011100001101100101011011001100111101100001000011110100100000111101101110111000110100001111000100110011110110111010100111000001100100101011000010101010010101110001011001101111110011001001100011111111001011110010111101 
00000010101001111001010110100111000110011011001110001110101000100000000001101010001101011110110000101110100010010010111010011000111001011001001000110011011010011011110110110010101110111101011110011110111110111100101100011000010111010011110010000100110010010011101001110010101101111011010111000111011110101100101001010000111110111111011000111111010101010100111110001001000100100100010110111111101110111011110110001000100101111011001111011110010000101001011010000000010100001000001000011001000000101001101100100111 
10011010001001110011000100000011111110110101100110100000100000000001111001111111001110010010000101101110101100010110101101011100001101010111011000111110100011010101100110111001100111101000101101000110001010010001011011110110001100001011110101000100010001001111110110111111100001000101001100100110011001011000010110010111100100011010001001000101001000011011010001111111011000101100110110010101000010101011001011000001101011001000011100010000000010101000111011100011100101101111111001111001010111100010101000011111 
01100110101001110011110011110001001100011100010100000000001100011101111000000010011000110100100110001100100110101011000010110011000110010000000101010011011000000011111001110010110110011010011011100011100101000110110011100010000101100010010111100011010111001010101010100011100011100101100110111000000110010100110001001011011110000110001001011010110101101010101001010011011001011111100110100111000011111101000101010100111010000111111000100001101010101001100110101110010110110001111001001010011001111111111000001001 
11111001111110111010010111010001111001111010101111001100111111111101111101100011010111011000010010011011111110101011101001000011110001100111100100101101000101110100011011111111000010110111101000101011110101000111100010000100101100110101000111011101101000101100011010010010101111100101001110111011100001100110000111110111011011101001001101011101111110001000101001100011011110000101010001110011101100100000111101011001110110100111010111110000100110110000111011100011010101011101110101010111001101110000111010110111 
10011111001001000001111000111010000111010100001011000110000001000110110001101111111011000000110000011111010110000011001101011110111111011000000011111111011010111000101001100100111011111011100010101110111100101001001111010010010001011101100001001000001001100000010101000110101000001000100001011001101111000001000111000111111000101001100011100000100110000111010010011100011101111010101000101101001111001110111010100011101110111111011100100001010111111100111110010001011001010100010111110000010011000110111000001011 
01000000101101011000100010000111001011100110110001101000000100110010010001011111010000011000110010010000011110100100111010000100000101100101000101010111100011100001110010011100001100110010100111011011101000001000011000100101101010100000001000010101110110011001101000010000111011011101000000100100011100001101100101011011001100111101100001000011110100100000111101101110111000110100001111000100110011110110111010100100100101111011001111011110010000101001011010000000010100001000001000011001000011001100010000111001 
01000000101101011000100010000111101010001101111111100000001010111011000000111000111101110111001101100110101111010110001001110111001000110111111111001001110101001111001111100111011010011110100001011110101001110111000001110111010000110111001110111010110010011111100010000101111111011111001010110110010111011000100110010111011010011001011100010111100010010000011011101111000110100100111000101010100011001110100001011101101000101111110001110111101010011100100010001010101000011001011111100011000110111100111010110001 
11000010101011000000000011000101111110001010000001110100100100111111001000011111010000011000110010010000011110100100111010000100000101100101000101010111100011100001110010011100000000000100100010110101100011101000101111101101010110011000011110101100111000000010001011000001010110010111000111000110110100010011110000010000110110100100011011000000001110000011001011010111101100111111010010011001100100000111111101100010111010110000010000010001101010001101011011010110110000010011101000111101110010011100101000011111 
