00010000111100000101011011000000100101000010110000001100111011101001111111111101011010111110100111011001010000001010010100110101101100101000000000011101010111110101101000001100111000011011110100001000100000000101101101000101010010010111001000011110000000010010011111101100110000000011101001101010101101010001100100010001001011110100001000000110110000000111110100111110100000100010101100000000100101111011011000000101001110000101100111000011010010100101101011110000011100000100110100110001111111000011110101010100 
10001111001101101111011110110010100011010100001110110111011010010111111000011011100111001100110011100101001111011001011011101101100110111101010011000010101001101101101001010001111101110111111100011101111100100100011100110101101010111111011101101011001100010110000101111001100010011001001001101000010101111101011010000101000010110100101111010010101110011011000100101101010101101100010101111001000111011010011110100110111010000011110011010011101111011101111011100010110110011110101000010000110011001110100011100111 
00010000111100000101011011000000100101000010110000001100111011101001111111111101011010111110100111011001010000001010010100110101101100101000000000011101010111110101101000001100111000011011110100001000100000000101101101000101010010010111001000011110000000010010011111101100110000000011101001101010101101010001100100010001001011110100001000000110110000000111110100111110100000100010101100000000100101111011011000000101001110000101100111000011010010100101101011110000011100000100110100110001111111000011110101010100 
10001111001101101111011110110010100011010100001110110111011010010111111000011011100111001100110011100101001111011001011011101101100110111101010011000010101001101101101001010001111101110111111100011101111100100100011100110101101010111111011101101011001100010110000101111001100010011001001001101000010101111101011010000101000010110100101111010010101110011011000100101101010101101100010101111001000111011010011110100110111010000011110011010011101111011101111011100010110110011110101000010000110011001110100011100111 
11100010100110001111111110101000110101111010010001011011001110011111011011100111001101000100111111100111010100011100001101001010110101011101101111101011011000000111011110111101110111110010100100100110110001101110000110011111010010101110001011011011111110111100100111111101111100001010100001011010111100101010010001100100011111110011101100011011010010010101111001000010000010011000010010000010000110011010101110010101000010110110111010000111111001101111010110001010110010111100101001110100100000100001001111101110 
01100011001000010010100111011000101011000011001000010001001000101111101100000101001010010001010110100000100100100111000000100010111110101110000010101101011101100111001001011101001110010001001101010000100000101001110101001011111101001000110001000010111001010100011000110001101000001111001110111111110000111010010101001101000101011011010100001001000010111010000100000010000000100001101111011111111001111000110000010011000011001100010010010111001110010000110111101110100011011101000001011000110111010011110001110101 
11100010100110001111111110101000110101111010010001011011001110011111011011100111001101000100111111100111010100011100001101001010110101011101101111101011011000000111011110111101110111110010100100100110110001101110000110011111010010101110001011011011111110111100100111111101111100001010100001011010111100101010010001100100011111110011101100011011010010010101111001000010000010011000010010000010000110011010101110010101000010110110111010000111111001101111010110001010110010111100101001110100100000100001001111101110 
10100010010101000011110100010001111110110110111010111101110110000010000101100110001010011110111011111111100110110011011111111100101011110001101100010011100001110000110110011000011000101001010100000010000000101101011111001110010100110110110011010011001111100110110110001001111000001001011111000001101101010111111111110101111101110101011111000111101010100111101111101001110100111001011101010101110100011001111000011101001111001110001100011111101001111001010100110110111100010000111010101011011110101000001001010011 
10100010010101000011110100010001111110110110111010111101110110000010000101100110001010011110111011111111100110110011011111111100101011110001101100010011100001110000110110011000011000101001010100000010000000101101011111001110010100110110110011010011001111100110110110001001111000001001011111000001101101010111111111110101111101110101011111000111101010100111101111101001110100111001011101010101110100011001111000011101001111001110001100011111101001111001010100110110111100010000111010101011011110101000001001010011 
11101011111110010000110110011111000110101010100100110000001001001110111110110111100111111001110111000010000100111111100011011001111100011001001011001101010000111010111001111001011010101001111101100001001110100001010010010011110011110000000110000000000100101100000010100011111111001001110101111000110011110000110000010111011010100100110111010110110001110011110110011110011111111010111110111100010011010101100111001101101100010011010111010111110110000000001111101010001111110100101001100011110101101001101010011100 
00011011101111110101100111000100100101010110100111111011011101101010001001101110010110101100110111111000110010001101101010011101010001001011010011111100000110010011010100001011010101011000001110001101001010010100100101001110010101010010000010101101011000010111111011010110111000010001011100110111000110110111111100011011110000011110011010111011101101100001110101110111000111011100100101100101011101111001001000111110111110101000011011111011000101100100101100110011110001100111000000000000110110111001111010111001 
01110011011000101001001101001000100111111110101101100001010110011110010000110011001100110010011110100110000001000000101010001000110001100101010001100001100110101010000011011111000110100100110100001011011001011010110000101001110011111010000101110111101110110011101011100000011011100010100000000001101110010011111000100000111110011011111111000000011011010010010000010101110110111100100100001101001000000101000011010000010010011111010011110100011010001011110100010110100001101100100001100010011111100110101100011111 
11000001101011011000100111000001100110110001110000000100000110110010100001101101100001110011110110110110001001101100111110110000000100101000001111000101110000101101000100111001010001111000010110000101001010010000100001000101100101011100110001001011001101000000101010101101011100011010111011011101101000101010000111110100001010110110011010000001110101000110000110011111000001100110101001010001111010111010011001111011000010101111101000111011010101101001110001011000001010000101100100000000010011111011000110101010 
01101100110001001010011111110011000100100110010001110010101100100000001010110101011010101111111100101110001110000100000000100110011101100000001010000110101110010101100010011111111110100010001101100001000001011100110110000101111011111000001111100101001111111110001110111100101101010111100010011111001110000110000000110001100000000110101101011101110001001110000100100000000000010101000011001110011000011011000101000010100001000100111111100001011100010101100000110010111000100011000110100001110011101111000011110001 
01100011001000010010100111011000101011000011001000010001001000101111101100000101001010010001010110100000100100100111000000100010111110101110000010101101011101100111001001011101001110010001001101010000100000101001110101001011111101001000110001000010111001010100011000110001101000001111001110111111110000111010010101001101000101011011010100001001000010111010000100000010000000100001101111011111111001111000110000010011000011001100010010010111001110010000110111101110100011011101000001011000110111010011110001110101 
01001111001010110110100101111100100001111011101001001110011001101011110110111101000000000000000010001111111001001001001101101101100100101000111011000110110101001010110001000001100010010000000000011011111110000000101110110010110000101011010010111011111010011011000000111000101111110000100001001110010101111010100110001001110000010001110110100100100100110100111101001101010010110000001101101101011000011100101011000001010011011100100110010100110100110000100100101001100101011111010101010101010001001101010011111111 
01001111001010110110100101111100100001111011101001001110011001101011110110111101000000000000000010001111111001001001001101101101100100101000111011000110110101001010110001000001100010010000000000011011111110000000101110110010110000101011010010111011111010011011000000111000101111110000100001001110010101111010100110001001110000010001110110100100100100110100111101001101010010110000001101101101011000011100101011000001010011011100100110010100110100110000100100101001100101011111010101010101010001001101010011111111 
01101100110001001010011111110011000100100110010001110010101100100000001010110101011010101111111100101110001110000100000000100110011101100000001010000110101110010101100010011111111110100010001101100001000001011100110110000101111011111000001111100101001111111110001110111100101101010111100010011111001110000110000000110001100000000110101101011101110001001110000100100000000000010101000011001110011000011011000101000010100001000100111111100001011100010101100000110010111000100011000110100001110011101111000011110001 
01110011011000101001001101001000100111111110101101100001010110011110010000110011001100110010011110100110000001000000101010001000110001100101010001100001100110101010000011011111000110100100110100001011011001011010110000101001110011111010000101110111101110110011101011100000011011100010100000000001101110010011111000100000111110011011111111000000011011010010010000010101110110111100100100001101001000000101000011010000010010011111010011110100011010001011110100010110100001101100100001100010011111100110101100011111 
00011011101111110101100111000100100101010110100111111011011101101010001001101110010110101100110111111000110010001101101010011101010001001011010011111100000110010011010100001011010101011000001110001101001010010100100101001110010101010010000010101101011000010111111011010110111000010001011100110111000110110111111100011011110000011110011010111011101101100001110101110111000111011100100101100101011101111001001000111110111110101000011011111011000101100100101100110011110001100111000000000000110110111001111010111001 
00011100000100110110001111011100001010110111101101010001111101110101010111111000100000110011000011100111100011100100010001101010110000001011101001010011010001011000010011110110001000011010111111110111001001010011011100011110111011110110110111001101000010001000100100010111001000111111010001111111101101100101110001110101111010000010001100111001010111101011100101010111101010011101001110100100101101111000111010010000001110100111011101110110100101110010000101001010111101100000110000011011000101101101111100111011 
10110101100000011100001001110100011101100000000011011101110111101110100000011000110010001110111101100101110110010111011000111011000000001001011111010001111011111011101101001001001011110100100100000011110100101011001000111010001011111011011010000000011101110100011000101000101010011110011101011100000010110111010110010100111100001001110000010000110111101100100101001011100100010111100000010001010000110110110011011100101010110111010101101001100101000011010011101000000100000011100010101010100011110011001010100101 
10100010101100110010001001011010100011111011110110111010000011110001111011100001101110011011100100101000010001000011011010000100101000101011000110011111100001101101010110101011000111000101000001100011100100001100100010100100000011100010101011110110000110001000010010100011100100101100101100011001001001111010010100010111101110011011111011101011100110111011011011001011000011001010001011000010101011000111111110110010100101100001001010100111111100010011110001011000011110001011101100011110100101110010010100011101 
00011001111000000101110001010011011101111001010010010001101100111010111110011010101110011010010100110100001101111110111011010111011011001100001111100111001011010111100100010001101110011110010010111111110001010011110011101001100100110010011110101100000001011011000100101010111011110111001010101101101010000101001010001101001110101010011101001011010101001001111000101100100110001100000000110001100001001110110100101000000111101011100100100010001111111000111111010001011011001011010100001010001111001111101011001111 
01101110011000101110010001000111000000110000110001111100000111111000000001011101101010010011001000000111000010110001011010010001100011000111001100100100001101010100010011110110111010011111110111110001101100011111111100101111010111100100100100000001101010000101001101111111101001010001010100100101011010011100111000001100011100110110110010010001111001101110110001010001111100011110011001101111010001000100011011000101010100100111000011010011001000001000001010101011011100000111101010010101010001010010001000101001 
11101011111110010000110110011111000110101010100100110000001001001110111110110111100111111001110111000010000100111111100011011001111100011001001011001101010000111010111001111001011010101001111101100001001110100001010010010011110011110000000110000000000100101100000010100011111111001001110101111000110011110000110000010111011010100100110111010110110001110011110110011110011111111010111110111100010011010101100111001101101100010011010111010111110110000000001111101010001111110100101001100011110101101001101010011100 
10000111100010110001111000110110111000011000001110100011100110000010011101000101111111100010101000000000001111100011101101010101101001100011110001100100101111111110110101110010100100011100011001001011001000000000111110001111010110110011110001001101110101001110011101100011001101110011010011111001101101101011011101110000111110000000000111111100110111100011100000000110000111101001001100101001001011001010111101101100011011011111011010111100110111011100010111000011101011111111100001011101100001001010011101111101 
10000000100011101101111110011100001100111011111101001111010001100011110010001101100101100101001101001110100100011001011111110100001011010011111110000010101111000111100011000110111000111000001001100111111011001100100001110111100110011111011111100101101001000010001000001011101101110111001110101000101011010110111101011100000101011010010001000010111010111100100001101110101101110111100110100010000001010111101101101000110011000100011101000101001001011100101110001111100111000101100001111001101111000011101000001111 
01010010100011110010100001000100101111101100010110101000110011000001001011100001011110100000000100010010001101110110001001001011100000100101000011011001011000001111000001101011000011000011110001101101100100001011111111111010110010111100100110000110101000010101000001011111101111100010001010011101001111111101111111011010010110111111110110011010110101000000111000001000011011000100101110101000001000111010110010010000101010110001100100111110000111010010001101101011001100110101000111110101111101010101011000110001 
10110001101001110100111011000100110010111001111011110011111101100101001110101110010101010000001111011000111010001101000100101100101001110110100010100011001110001101011011011111000101111011000011101110011010011111010111101010111010101010000111101000101001000010111011100111000111011100111100001100110001110001011110110110111101000001101011000111110001110101000111110000010101001000000111111101110010001011101011010010101000000111110101100011100101100110001011001001010001000001001011000101100010100100000110111001 
10000000100011101101111110011100001100111011111101001111010001100011110010001101100101100101001101001110100100011001011111110100001011010011111110000010101111000111100011000110111000111000001001100111111011001100100001110111100110011111011111100101101001000010001000001011101101110111001110101000101011010110111101011100000101011010010001000010111010111100100001101110101101110111100110100010000001010111101101101000110011000100011101000101001001011100101110001111100111000101100001111001101111000011101000001111 
10110001101001110100111011000100110010111001111011110011111101100101001110101110010101010000001111011000111010001101000100101100101001110110100010100011001110001101011011011111000101111011000011101110011010011111010111101010111010101010000111101000101001000010111011100111000111011100111100001100110001110001011110110110111101000001101011000111110001110101000111110000010101001000000111111101110010001011101011010010101000000111110101100011100101100110001011001001010001000001001011000101100010100100000110111001 
10000111100010110001111000110110111000011000001110100011100110000010011101000101111111100010101000000000001111100011101101010101101001100011110001100100101111111110110101110010100100011100011001001011001000000000111110001111010110110011110001001101110101001110011101100011001101110011010011111001101101101011011101110000111110000000000111111100110111100011100000000110000111101001001100101001001011001010111101101100011011011111011010111100110111011100010111000011101011111111100001011101100001001010011101111101 
01101110011000101110010001000111000000110000110001111100000111111000000001011101101010010011001000000111000010110001011010010001100011000111001100100100001101010100010011110110111010011111110111110001101100011111111100101111010111100100100100000001101010000101001101111111101001010001010100100101011010011100111000001100011100110110110010010001111001101110110001010001111100011110011001101111010001000100011011000101010100100111000011010011001000001000001010101011011100000111101010010101010001010010001000101001 
01010010100011110010100001000100101111101100010110101000110011000001001011100001011110100000000100010010001101110110001001001011100000100101000011011001011000001111000001101011000011000011110001101101100100001011111111111010110010111100100110000110101000010101000001011111101111100010001010011101001111111101111111011010010110111111110110011010110101000000111000001000011011000100101110101000001000111010110010010000101010110001100100111110000111010010001101101011001100110101000111110101111101010101011000110001 
00111101110100010001010100101010011101000110111100101111010000101010101011000010100001010001101001110101110110010010001000101000101010010011101000110010011000000001000101111110001010011101100011000001001100101111001000110000011011100101001001011010101100111011001011000100011001001010000001110010000111111011101001101010000110011111010010001001011110010000111011010111001101111111001010100111100000000111011000001010100000111101001001101001111101010101010100000000000001001001001010010011101111101000100101110010 
00011100000100110110001111011100001010110111101101010001111101110101010111111000100000110011000011100111100011100100010001101010110000001011101001010011010001011000010011110110001000011010111111110111001001010011011100011110111011110110110111001101000010001000100100010111001000111111010001111111101101100101110001110101111010000010001100111001010111101011100101010111101010011101001110100100101101111000111010010000001110100111011101110110100101110010000101001010111101100000110000011011000101101101111100111011 
00011001111000000101110001010011011101111001010010010001101100111010111110011010101110011010010100110100001101111110111011010111011011001100001111100111001011010111100100010001101110011110010010111111110001010011110011101001100100110010011110101100000001011011000100101010111011110111001010101101101010000101001010001101001110101010011101001011010101001001111000101100100110001100000000110001100001001110110100101000000111101011100100100010001111111000111111010001011011001011010100001010001111001111101011001111 
00110110100011001000111001100001111100101100101011101101110011011100000011000011101011111011100111100110111101010010000110101001010001010100010110010100001111111101000010001000010101011001000000011000110010111100001011010100001110001111010010001111001000011001101110100011101011010000010001100001010010110001000010000000000000011011010111101011011101011011101101111000010010011101111001000000100000001010110011100101100111010010001111001110011001010010101001000010110110010110100011000111010010000010110110000111 
00101110001111001111100100101000111000100011011000111000111110111000100001110011010100011010101010110001011001101000010011111010001000101011000011111011111010100100000011000001101110000100111010001000101100101110101101001100111001110011011111010110100111010110110001111101101010111101010000011111000111000110010001010000101100000111111010011111010000010111100111011010011100000011001001001000110100110100100110101011111111111110110101000101001000010011101101100010100010000001010110001000001000110000100010110011 
11000001101011011000100111000001100110110001110000000100000110110010100001101101100001110011110110110110001001101100111110110000000100101000001111000101110000101101000100111001010001111000010110000101001010010000100001000101100101011100110001001011001101000000101010101101011100011010111011011101101000101010000111110100001010110110011010000001110101000110000110011111000001100110101001010001111010111010011001111011000010101111101000111011010101101001110001011000001010000101100100000000010011111011000110101010 
10110101100000011100001001110100011101100000000011011101110111101110100000011000110010001110111101100101110110010111011000111011000000001001011111010001111011111011101101001001001011110100100100000011110100101011001000111010001011111011011010000000011101110100011000101000101010011110011101011100000010110111010110010100111100001001110000010000110111101100100101001011100100010111100000010001010000110110110011011100101010110111010101101001100101000011010011101000000100000011100010101010100011110011001010100101 
00110110100011001000111001100001111100101100101011101101110011011100000011000011101011111011100111100110111101010010000110101001010001010100010110010100001111111101000010001000010101011001000000011000110010111100001011010100001110001111010010001111001000011001101110100011101011010000010001100001010010110001000010000000000000011011010111101011011101011011101101111000010010011101111001000000100000001010110011100101100111010010001111001110011001010010101001000010110110010110100011000111010010000010110110000111 
11111011101001001110111111001100101101000101011101110011001011000101001000110111010111111111100000010001110001111001010010101010010010111100101010011111110010001111010101010110110000110100000000111001100001111010010101010001101011011101001001001101001100010101101100110100110110000100010111111011111100000101101100110100000100011000110100011010001110010001001100110100011110111000111000010100001000000110011110010111100111001001000001001100101001011010011100010011110010101000111111110000011001001110101110100101 
10010001100101000111100100001001111011100100000011000101010111111111111101001001101101101100111000011100000111111110101000111000110001011110010000101000011101101100110001010011100111111001011010010001110001100101111000100100001001100010010110010001011110001010111110101000000001010001111000100110101010001000110111101000011110010001111110000011111010110010110101110110001101010010010100011000001000111111011101011011000111100111110100111000101011110111011010000001010101011100000110111010001100101000110110101111 
11100111111000000000000000101000010011001111000110010111001000100100010111100001101100101001110001011011110111110001101001110011000001001011101010110010110110001010100110000110001011001011111010001000011110111000100000010001011010100110111000011100110001001110011110010000010010001110101100100110100111000010010110110111111001100011001111010011010111110011010110000000011111110011111110100010011110101011111000110110100110000110100111100011110010101101101100111000001111111000011000110101110110100110111101110101 
00101100011110011101010010111010111100111101011001010111011001100010100110001000001111101111110011000110001011010100110101111111101011000011011100110100010100100110010010010010101100001111101001001001011001011011111110011110011100000001101000000010101011111011000000110110011100011110101001011110111010010100111010111110001010110001011001001011001010100110100100011100001100101001100001011101100010010100100101100010000111001110100100101000111110011010011110010011110111001000100100101110101100011001110010101111 
10100111101000110010111111101111001100001000011001010011010011101101110001001100110001011000111111000110010111101010100101010000111110100010000011101011101101000110101101000100000100110000100010000110100110010111010011010000100100111111011100011110011100001110111011101100010100011101101000111000001110011110111101101010001100010010011100100011101111100100011111000110001010011110101111101001111000110100000000101100011100011000101010110100010111000101110111000101101111111100001101011110001100111101000010101111 
00100010001101111111101110110101001110101011011100100110110011001100010010010001011101110010111001001111111001001100000011110101101101101011110111100001011100001001010100111010101110011001110011001000111011010001000100011001000011000111011110001011101100011110101110010001111100010010010000001001101010001101100001101011100010101001110001101101001010010001010011101111100111001100001001010110111011000001100101011001110001001000011100001111110011010000011011011101001000001111111001100010101000010101111000000101 
01101010000101101010111010101101000100110110111011000011110100011000111000001000111011011001101000000011011010010111011001100100101101010111000000100101010101101101010100000101011110010010011111011011101001101000111110110000000101000000001110001100000101000101010101001010010011010100100111111111100100001111011101011110010010011101100101010000010011011101100111111111010000110110011111110101100001110010010100111000011110101011101111100001111111000101011101010100011011100000111010100010010101001001011111100111 
00010001001111010010001100011100000110101111011100001111000100110111011000010100111111111100010010100010111111011110010011101110000111001001000111100110000110101001110111111000110010011010101011010110111111110101010010001000010010000010101100111101000101011110000110110101010100001100010000000000111111111100000010110010111100000110100000111101101011010101010101101011101100011000011111101010101001110100001101010110110111001101111111000100010000001100011011110001000001000100100111101010000011100101000000100101 
01110011010101010101110101010010110100100011010101111000101100001001010110010000110100011010011010000001001110100100111011101011011011110001010010011000011110111010010001001100001011111011101101100011100011101011100000111100100110110001001011011010110111101110001110001010000010100000001111010100011000001110111000110010110011101001100110011110000100001101110101000000100010011111010001001110111011011000011001001111011010001111010011000110010110001011100000101111000101110010100100010100100000100001101111001101 
11110011000100100000001010110110000000001011111100101110011100101011011000011100100011001101100100011001010000011101000100100000111101011100001011101101001101111000110000110010101101010000000111010101111100100100011100111011100100110100000011001101001111100110010001000100001010001000010101110110111001010011010110100110100100000010011100001111111100101110111110011110110111001100001111110100001111111101110110110110001101111111111100111111011100111011111001100011011001111111111010101000111010010110000100101001 
01010110110011000100111010100001101000110110011011111011000011000010101101001001010011110000010010001010010101011011001101001111110111010011110001011001011010000011101110000111001111110110000001000111010110100000001100100001001011011010110101001011010001110010111000011101100011110000000110000100001100100110111101011101100101010011000100010100001000001101101101001110111010101000101101110110000110011101000101101101111111011100000001011001101101001100110010101100001011010111001101011110110010011111110000010111 
11010111110011110110111100000001010000111010101110011001110000100010011111000111011000101000100110101111000000001111110010010000111000001111010010011111000010000101111100000010101011010110010100011101111001011111000110010100101001100010110001000011011011111100010011100011011110001100101011101011011101000000110011000011000101010001101010000101110101010100111110101110010001110110000011011001110011100000101010110011110100100011011001101001011011110001100010111101111010010100110010000100100010111110110001110001 
01011000010101010010010101110110001001010001111101101101011000010000100011111100011011010000100101110010111010001101111010111001101010011001011000111111110001101011111110010110101001001101000000011010000101011011001100010111101011111011011111011001101011100100100011101011110101101101111100110000110100111010011001000001010100111010101000000101101011100011001010111001011110010101100101001010010010110001011100001100000110011111001000011000010110001010101101011011010010001010011001110000100011110001101100000111 
01011000010101010010010101110110001001010001111101101101011000010000100011111100011011010000100101110010111010001101111010111001101010011001011000111111110001101011111110010110101001001101000000011010000101011011001100010111101011111011011111011001101011100100100011101011110101101101111100110000110100111010011001000001010100111010101000000101101011100011001010111001011110010101100101001010010010110001011100001100000110011111001000011000010110001010101101011011010010001010011001110000100011110001101100000111 
00111101110100010001010100101010011101000110111100101111010000101010101011000010100001010001101001110101110110010010001000101000101010010011101000110010011000000001000101111110001010011101100011000001001100101111001000110000011011100101001001011010101100111011001011000100011001001010000001110010000111111011101001101010000110011111010010001001011110010000111011010111001101111111001010100111100000000111011000001010100000111101001001101001111101010101010100000000000001001001001010010011101111101000100101110010 
00010001001111010010001100011100000110101111011100001111000100110111011000010100111111111100010010100010111111011110010011101110000111001001000111100110000110101001110111111000110010011010101011010110111111110101010010001000010010000010101100111101000101011110000110110101010100001100010000000000111111111100000010110010111100000110100000111101101011010101010101101011101100011000011111101010101001110100001101010110110111001101111111000100010000001100011011110001000001000100100111101010000011100101000000100101 
11010111110011110110111100000001010000111010101110011001110000100010011111000111011000101000100110101111000000001111110010010000111000001111010010011111000010000101111100000010101011010110010100011101111001011111000110010100101001100010110001000011011011111100010011100011011110001100101011101011011101000000110011000011000101010001101010000101110101010100111110101110010001110110000011011001110011100000101010110011110100100011011001101001011011110001100010111101111010010100110010000100100010111110110001110001 
01101010000101101010111010101101000100110110111011000011110100011000111000001000111011011001101000000011011010010111011001100100101101010111000000100101010101101101010100000101011110010010011111011011101001101000111110110000000101000000001110001100000101000101010101001010010011010100100111111111100100001111011101011110010010011101100101010000010011011101100111111111010000110110011111110101100001110010010100111000011110101011101111100001111111000101011101010100011011100000111010100010010101001001011111100111 
10100111101000110010111111101111001100001000011001010011010011101101110001001100110001011000111111000110010111101010100101010000111110100010000011101011101101000110101101000100000100110000100010000110100110010111010011010000100100111111011100011110011100001110111011101100010100011101101000111000001110011110111101101010001100010010011100100011101111100100011111000110001010011110101111101001111000110100000000101100011100011000101010110100010111000101110111000101101111111100001101011110001100111101000010101111 
00100010001101111111101110110101001110101011011100100110110011001100010010010001011101110010111001001111111001001100000011110101101101101011110111100001011100001001010100111010101110011001110011001000111011010001000100011001000011000111011110001011101100011110101110010001111100010010010000001001101010001101100001101011100010101001110001101101001010010001010011101111100111001100001001010110111011000001100101011001110001001000011100001111110011010000011011011101001000001111111001100010101000010101111000000101 
11111011101001001110111111001100101101000101011101110011001011000101001000110111010111111111100000010001110001111001010010101010010010111100101010011111110010001111010101010110110000110100000000111001100001111010010101010001101011011101001001001101001100010101101100110100110110000100010111111011111100000101101100110100000100011000110100011010001110010001001100110100011110111000111000010100001000000110011110010111100111001001000001001100101001011010011100010011110010101000111111110000011001001110101110100101 
01010110110011000100111010100001101000110110011011111011000011000010101101001001010011110000010010001010010101011011001101001111110111010011110001011001011010000011101110000111001111110110000001000111010110100000001100100001001011011010110101001011010001110010111000011101100011110000000110000100001100100110111101011101100101010011000100010100001000001101101101001110111010101000101101110110000110011101000101101101111111011100000001011001101101001100110010101100001011010111001101011110110010011111110000010111 
11110011000100100000001010110110000000001011111100101110011100101011011000011100100011001101100100011001010000011101000100100000111101011100001011101101001101111000110000110010101101010000000111010101111100100100011100111011100100110100000011001101001111100110010001000100001010001000010101110110111001010011010110100110100100000010011100001111111100101110111110011110110111001100001111110100001111111101110110110110001101111111111100111111011100111011111001100011011001111111111010101000111010010110000100101001 
00101100011110011101010010111010111100111101011001010111011001100010100110001000001111101111110011000110001011010100110101111111101011000011011100110100010100100110010010010010101100001111101001001001011001011011111110011110011100000001101000000010101011111011000000110110011100011110101001011110111010010100111010111110001010110001011001001011001010100110100100011100001100101001100001011101100010010100100101100010000111001110100100101000111110011010011110010011110111001000100100101110101100011001110010101111 
11100111111000000000000000101000010011001111000110010111001000100100010111100001101100101001110001011011110111110001101001110011000001001011101010110010110110001010100110000110001011001011111010001000011110111000100000010001011010100110111000011100110001001110011110010000010010001110101100100110100111000010010110110111111001100011001111010011010111110011010110000000011111110011111110100010011110101011111000110110100110000110100111100011110010101101101100111000001111111000011000110101110110100110111101110101 
01110011010101010101110101010010110100100011010101111000101100001001010110010000110100011010011010000001001110100100111011101011011011110001010010011000011110111010010001001100001011111011101101100011100011101011100000111100100110110001001011011010110111101110001110001010000010100000001111010100011000001110111000110010110011101001100110011110000100001101110101000000100010011111010001001110111011011000011001001111011010001111010011000110010110001011100000101111000101110010100100010100100000100001101111001101 
11110000011000001111101100101011001111011111010010111001111011111111111101101100011000011000000111011000010110010100101011000010000001000010110110110010111000111100000110001010101100011001010010110111011011101010100110100001000011001101000110100111100011101111100111011000100111111001001010111000101111101110110000000101000000101100010101101101000100001111010110010100100011101110101110100110001011011010111110101000001110111001101110111001001000010000010000110011100011101001100110101001110010001011000011001111 
10001111001101101111011110110010100011010100001110110111011010010111111000011011100111001100110011100101001111011001011011101101100110111101010011000010101001101101101001010001111101110111111100011101111100100100011100110101101010111111011101101011001100010110000101111001100010011001001001101000010101111101011010000101000010110100101111010010101110011011000100101101010101101100010101111001000111011010011110100110111010000011110011010011101111011101111011100010110110011110101000010000110011001110100011100111 
00010000111100000101011011000000100101000010110000001100111011101001111111111101011010111110100111011001010000001010010100110101101100101000000000011101010111110101101000001100111000011011110100001000100000000101101101000101010010010111001000011110000000010010011111101100110000000011101001101010101101010001100100010001001011110100001000000110110000000111110100111110100000100010101100000000100101111011011000000101001110000101100111000011010010100101101011110000011100000100110100110001111111000011110101010100 
11100010100110001111111110101000110101111010010001011011001110011111011011100111001101000100111111100111010100011100001101001010110101011101101111101011011000000111011110111101110111110010100100100110110001101110000110011111010010101110001011011011111110111100100111111101111100001010100001011010111100101010010001100100011111110011101100011011010010010101111001000010000010011000010010000010000110011010101110010101000010110110111010000111111001101111010110001010110010111100101001110100100000100001001111101110 
10100010010101000011110100010001111110110110111010111101110110000010000101100110001010011110111011111111100110110011011111111100101011110001101100010011100001110000110110011000011000101001010100000010000000101101011111001110010100110110110011010011001111100110110110001001111000001001011111000001101101010111111111110101111101110101011111000111101010100111101111101001110100111001011101010101110100011001111000011101001111001110001100011111101001111001010100110110111100010000111010101011011110101000001001010011 
01100011001000010010100111011000101011000011001000010001001000101111101100000101001010010001010110100000100100100111000000100010111110101110000010101101011101100111001001011101001110010001001101010000100000101001110101001011111101001000110001000010111001010100011000110001101000001111001110111111110000111010010101001101000101011011010100001001000010111010000100000010000000100001101111011111111001111000110000010011000011001100010010010111001110010000110111101110100011011101000001011000110111010011110001110101 
01001111001010110110100101111100100001111011101001001110011001101011110110111101000000000000000010001111111001001001001101101101100100101000111011000110110101001010110001000001100010010000000000011011111110000000101110110010110000101011010010111011111010011011000000111000101111110000100001001110010101111010100110001001110000010001110110100100100100110100111101001101010010110000001101101101011000011100101011000001010011011100100110010100110100110000100100101001100101011111010101010101010001001101010011111111 
01101100110001001010011111110011000100100110010001110010101100100000001010110101011010101111111100101110001110000100000000100110011101100000001010000110101110010101100010011111111110100010001101100001000001011100110110000101111011111000001111100101001111111110001110111100101101010111100010011111001110000110000000110001100000000110101101011101110001001110000100100000000000010101000011001110011000011011000101000010100001000100111111100001011100010101100000110010111000100011000110100001110011101111000011110001 
01110011011000101001001101001000100111111110101101100001010110011110010000110011001100110010011110100110000001000000101010001000110001100101010001100001100110101010000011011111000110100100110100001011011001011010110000101001110011111010000101110111101110110011101011100000011011100010100000000001101110010011111000100000111110011011111111000000011011010010010000010101110110111100100100001101001000000101000011010000010010011111010011110100011010001011110100010110100001101100100001100010011111100110101100011111 
00011011101111110101100111000100100101010110100111111011011101101010001001101110010110101100110111111000110010001101101010011101010001001011010011111100000110010011010100001011010101011000001110001101001010010100100101001110010101010010000010101101011000010111111011010110111000010001011100110111000110110111111100011011110000011110011010111011101101100001110101110111000111011100100101100101011101111001001000111110111110101000011011111011000101100100101100110011110001100111000000000000110110111001111010111001 
11101011111110010000110110011111000110101010100100110000001001001110111110110111100111111001110111000010000100111111100011011001111100011001001011001101010000111010111001111001011010101001111101100001001110100001010010010011110011110000000110000000000100101100000010100011111111001001110101111000110011110000110000010111011010100100110111010110110001110011110110011110011111111010111110111100010011010101100111001101101100010011010111010111110110000000001111101010001111110100101001100011110101101001101010011100 
01010010100011110010100001000100101111101100010110101000110011000001001011100001011110100000000100010010001101110110001001001011100000100101000011011001011000001111000001101011000011000011110001101101100100001011111111111010110010111100100110000110101000010101000001011111101111100010001010011101001111111101111111011010010110111111110110011010110101000000111000001000011011000100101110101000001000111010110010010000101010110001100100111110000111010010001101101011001100110101000111110101111101010101011000110001 
10000111100010110001111000110110111000011000001110100011100110000010011101000101111111100010101000000000001111100011101101010101101001100011110001100100101111111110110101110010100100011100011001001011001000000000111110001111010110110011110001001101110101001110011101100011001101110011010011111001101101101011011101110000111110000000000111111100110111100011100000000110000111101001001100101001001011001010111101101100011011011111011010111100110111011100010111000011101011111111100001011101100001001010011101111101 
10110001101001110100111011000100110010111001111011110011111101100101001110101110010101010000001111011000111010001101000100101100101001110110100010100011001110001101011011011111000101111011000011101110011010011111010111101010111010101010000111101000101001000010111011100111000111011100111100001100110001110001011110110110111101000001101011000111110001110101000111110000010101001000000111111101110010001011101011010010101000000111110101100011100101100110001011001001010001000001001011000101100010100100000110111001 
10000000100011101101111110011100001100111011111101001111010001100011110010001101100101100101001101001110100100011001011111110100001011010011111110000010101111000111100011000110111000111000001001100111111011001100100001110111100110011111011111100101101001000010001000001011101101110111001110101000101011010110111101011100000101011010010001000010111010111100100001101110101101110111100110100010000001010111101101101000110011000100011101000101001001011100101110001111100111000101100001111001101111000011101000001111 
01101110011000101110010001000111000000110000110001111100000111111000000001011101101010010011001000000111000010110001011010010001100011000111001100100100001101010100010011110110111010011111110111110001101100011111111100101111010111100100100100000001101010000101001101111111101001010001010100100101011010011100111000001100011100110110110010010001111001101110110001010001111100011110011001101111010001000100011011000101010100100111000011010011001000001000001010101011011100000111101010010101010001010010001000101001 
00011100000100110110001111011100001010110111101101010001111101110101010111111000100000110011000011100111100011100100010001101010110000001011101001010011010001011000010011110110001000011010111111110111001001010011011100011110111011110110110111001101000010001000100100010111001000111111010001111111101101100101110001110101111010000010001100111001010111101011100101010111101010011101001110100100101101111000111010010000001110100111011101110110100101110010000101001010111101100000110000011011000101101101111100111011 
00011001111000000101110001010011011101111001010010010001101100111010111110011010101110011010010100110100001101111110111011010111011011001100001111100111001011010111100100010001101110011110010010111111110001010011110011101001100100110010011110101100000001011011000100101010111011110111001010101101101010000101001010001101001110101010011101001011010101001001111000101100100110001100000000110001100001001110110100101000000111101011100100100010001111111000111111010001011011001011010100001010001111001111101011001111 
00101110001111001111100100101000111000100011011000111000111110111000100001110011010100011010101010110001011001101000010011111010001000101011000011111011111010100100000011000001101110000100111010001000101100101110101101001100111001110011011111010110100111010110110001111101101010111101010000011111000111000110010001010000101100000111111010011111010000010111100111011010011100000011001001001000110100110100100110101011111111111110110101000101001000010011101101100010100010000001010110001000001000110000100010110011 
10110101100000011100001001110100011101100000000011011101110111101110100000011000110010001110111101100101110110010111011000111011000000001001011111010001111011111011101101001001001011110100100100000011110100101011001000111010001011111011011010000000011101110100011000101000101010011110011101011100000010110111010110010100111100001001110000010000110111101100100101001011100100010111100000010001010000110110110011011100101010110111010101101001100101000011010011101000000100000011100010101010100011110011001010100101 
11000001101011011000100111000001100110110001110000000100000110110010100001101101100001110011110110110110001001101100111110110000000100101000001111000101110000101101000100111001010001111000010110000101001010010000100001000101100101011100110001001011001101000000101010101101011100011010111011011101101000101010000111110100001010110110011010000001110101000110000110011111000001100110101001010001111010111010011001111011000010101111101000111011010101101001110001011000001010000101100100000000010011111011000110101010 
00110110100011001000111001100001111100101100101011101101110011011100000011000011101011111011100111100110111101010010000110101001010001010100010110010100001111111101000010001000010101011001000000011000110010111100001011010100001110001111010010001111001000011001101110100011101011010000010001100001010010110001000010000000000000011011010111101011011101011011101101111000010010011101111001000000100000001010110011100101100111010010001111001110011001010010101001000010110110010110100011000111010010000010110110000111 
00100010001101111111101110110101001110101011011100100110110011001100010010010001011101110010111001001111111001001100000011110101101101101011110111100001011100001001010100111010101110011001110011001000111011010001000100011001000011000111011110001011101100011110101110010001111100010010010000001001101010001101100001101011100010101001110001101101001010010001010011101111100111001100001001010110111011000001100101011001110001001000011100001111110011010000011011011101001000001111111001100010101000010101111000000101 
10010001100101000111100100001001111011100100000011000101010111111111111101001001101101101100111000011100000111111110101000111000110001011110010000101000011101101100110001010011100111111001011010010001110001100101111000100100001001100010010110010001011110001010111110101000000001010001111000100110101010001000110111101000011110010001111110000011111010110010110101110110001101010010010100011000001000111111011101011011000111100111110100111000101011110111011010000001010101011100000110111010001100101000110110101111 
11010111110011110110111100000001010000111010101110011001110000100010011111000111011000101000100110101111000000001111110010010000111000001111010010011111000010000101111100000010101011010110010100011101111001011111000110010100101001100010110001000011011011111100010011100011011110001100101011101011011101000000110011000011000101010001101010000101110101010100111110101110010001110110000011011001110011100000101010110011110100100011011001101001011011110001100010111101111010010100110010000100100010111110110001110001 
00010001001111010010001100011100000110101111011100001111000100110111011000010100111111111100010010100010111111011110010011101110000111001001000111100110000110101001110111111000110010011010101011010110111111110101010010001000010010000010101100111101000101011110000110110101010100001100010000000000111111111100000010110010111100000110100000111101101011010101010101101011101100011000011111101010101001110100001101010110110111001101111111000100010000001100011011110001000001000100100111101010000011100101000000100101 
01011000010101010010010101110110001001010001111101101101011000010000100011111100011011010000100101110010111010001101111010111001101010011001011000111111110001101011111110010110101001001101000000011010000101011011001100010111101011111011011111011001101011100100100011101011110101101101111100110000110100111010011001000001010100111010101000000101101011100011001010111001011110010101100101001010010010110001011100001100000110011111001000011000010110001010101101011011010010001010011001110000100011110001101100000111 
10100111101000110010111111101111001100001000011001010011010011101101110001001100110001011000111111000110010111101010100101010000111110100010000011101011101101000110101101000100000100110000100010000110100110010111010011010000100100111111011100011110011100001110111011101100010100011101101000111000001110011110111101101010001100010010011100100011101111100100011111000110001010011110101111101001111000110100000000101100011100011000101010110100010111000101110111000101101111111100001101011110001100111101000010101111 
01011101011111101100001101100001111111111001110100011100111101100000100001010010101000100011010001000011001001100110111111101000110000010111011010101001010010000100001011011001000011110111110001001000000001011011000101100001110101000111111010100001100101100011011101010001001110011100001110000010101100100001110001101010100000100110000100101000011011010010101001100110110001010010101010111110111111001101110110100011101110001110100100110000010110111111100111001000110100010101011011110101101000011000111110111011 
00111101110100010001010100101010011101000110111100101111010000101010101011000010100001010001101001110101110110010010001000101000101010010011101000110010011000000001000101111110001010011101100011000001001100101111001000110000011011100101001001011010101100111011001011000100011001001010000001110010000111111011101001101010000110011111010010001001011110010000111011010111001101111111001010100111100000000111011000001010100000111101001001101001111101010101010100000000000001001001001010010011101111101000100101110010 
01101010000101101010111010101101000100110110111011000011110100011000111000001000111011011001101000000011011010010111011001100100101101010111000000100101010101101101010100000101011110010010011111011011101001101000111110110000000101000000001110001100000101000101010101001010010011010100100111111111100100001111011101011110010010011101100101010000010011011101100111111111010000110110011111110101100001110010010100111000011110101011101111100001111111000101011101010100011011100000111010100010010101001001011111100111 
00101100011110011101010010111010111100111101011001010111011001100010100110001000001111101111110011000110001011010100110101111111101011000011011100110100010100100110010010010010101100001111101001001001011001011011111110011110011100000001101000000010101011111011000000110110011100011110101001011110111010010100111010111110001010110001011001001011001010100110100100011100001100101001100001011101100010010100100101100010000111001110100100101000111110011010011110010011110111001000100100101110101100011001110010101111 
11111011101001001110111111001100101101000101011101110011001011000101001000110111010111111111100000010001110001111001010010101010010010111100101010011111110010001111010101010110110000110100000000111001100001111010010101010001101011011101001001001101001100010101101100110100110110000100010111111011111100000101101100110100000100011000110100011010001110010001001100110100011110111000111000010100001000000110011110010111100111001001000001001100101001011010011100010011110010101000111111110000011001001110101110100101 
11100111111000000000000000101000010011001111000110010111001000100100010111100001101100101001110001011011110111110001101001110011000001001011101010110010110110001010100110000110001011001011111010001000011110111000100000010001011010100110111000011100110001001110011110010000010010001110101100100110100111000010010110110111111001100011001111010011010111110011010110000000011111110011111110100010011110101011111000110110100110000110100111100011110010101101101100111000001111111000011000110101110110100110111101110101 
01110011010101010101110101010010110100100011010101111000101100001001010110010000110100011010011010000001001110100100111011101011011011110001010010011000011110111010010001001100001011111011101101100011100011101011100000111100100110110001001011011010110111101110001110001010000010100000001111010100011000001110111000110010110011101001100110011110000100001101110101000000100010011111010001001110111011011000011001001111011010001111010011000110010110001011100000101111000101110010100100010100100000100001101111001101 
11110011000100100000001010110110000000001011111100101110011100101011011000011100100011001101100100011001010000011101000100100000111101011100001011101101001101111000110000110010101101010000000111010101111100100100011100111011100100110100000011001101001111100110010001000100001010001000010101110110111001010011010110100110100100000010011100001111111100101110111110011110110111001100001111110100001111111101110110110110001101111111111100111111011100111011111001100011011001111111111010101000111010010110000100101001 
10001111001101101111011110110010100011010100001110110111011010010111111000011011100111001100110011100101001111011001011011101101100110111101010011000010101001101101101001010001111101110111111100011101111100100100011100110101101010111111011101101011001100010110000101111001100010011001001001101000010101111101011010000101000010110100101111010010101110011011000100101101010101101100010101111001000111011010011110100110111010000011110011010011101111011101111011100010110110011110101000010000110011001110100011100111 
00010000111100000101011011000000100101000010110000001100111011101001111111111101011010111110100111011001010000001010010100110101101100101000000000011101010111110101101000001100111000011011110100001000100000000101101101000101010010010111001000011110000000010010011111101100110000000011101001101010101101010001100100010001001011110100001000000110110000000111110100111110100000100010101100000000100101111011011000000101001110000101100111000011010010100101101011110000011100000100110100110001111111000011110101010100 
11100010100110001111111110101000110101111010010001011011001110011111011011100111001101000100111111100111010100011100001101001010110101011101101111101011011000000111011110111101110111110010100100100110110001101110000110011111010010101110001011011011111110111100100111111101111100001010100001011010111100101010010001100100011111110011101100011011010010010101111001000010000010011000010010000010000110011010101110010101000010110110111010000111111001101111010110001010110010111100101001110100100000100001001111101110 
10100010010101000011110100010001111110110110111010111101110110000010000101100110001010011110111011111111100110110011011111111100101011110001101100010011100001110000110110011000011000101001010100000010000000101101011111001110010100110110110011010011001111100110110110001001111000001001011111000001101101010111111111110101111101110101011111000111101010100111101111101001110100111001011101010101110100011001111000011101001111001110001100011111101001111001010100110110111100010000111010101011011110101000001001010011 
01100011001000010010100111011000101011000011001000010001001000101111101100000101001010010001010110100000100100100111000000100010111110101110000010101101011101100111001001011101001110010001001101010000100000101001110101001011111101001000110001000010111001010100011000110001101000001111001110111111110000111010010101001101000101011011010100001001000010111010000100000010000000100001101111011111111001111000110000010011000011001100010010010111001110010000110111101110100011011101000001011000110111010011110001110101 
00000001101010010000001010111111010001100101010111100101010001101000101001100111111011000011100111010000000010011101011000100000101010110111101101110000100010010001111010000100000000011011011000000000001111010101101010101111001011001011001001100100110110110011100100110000101101111011110100110001000011010100010010101110010011100111010111001011011000100001010100010001111000000110101111011010001101011000111010110101001011000100111001101000011110100101101010001001011011111111000000111010111011011101101001000111 
01101100110001001010011111110011000100100110010001110010101100100000001010110101011010101111111100101110001110000100000000100110011101100000001010000110101110010101100010011111111110100010001101100001000001011100110110000101111011111000001111100101001111111110001110111100101101010111100010011111001110000110000000110001100000000110101101011101110001001110000100100000000000010101000011001110011000011011000101000010100001000100111111100001011100010101100000110010111000100011000110100001110011101111000011110001 
01110011011000101001001101001000100111111110101101100001010110011110010000110011001100110010011110100110000001000000101010001000110001100101010001100001100110101010000011011111000110100100110100001011011001011010110000101001110011111010000101110111101110110011101011100000011011100010100000000001101110010011111000100000111110011011111111000000011011010010010000010101110110111100100100001101001000000101000011010000010010011111010011110100011010001011110100010110100001101100100001100010011111100110101100011111 
00011011101111110101100111000100100101010110100111111011011101101010001001101110010110101100110111111000110010001101101010011101010001001011010011111100000110010011010100001011010101011000001110001101001010010100100101001110010101010010000010101101011000010111111011010110111000010001011100110111000110110111111100011011110000011110011010111011101101100001110101110111000111011100100101100101011101111001001000111110111110101000011011111011000101100100101100110011110001100111000000000000110110111001111010111001 
11101011111110010000110110011111000110101010100100110000001001001110111110110111100111111001110111000010000100111111100011011001111100011001001011001101010000111010111001111001011010101001111101100001001110100001010010010011110011110000000110000000000100101100000010100011111111001001110101111000110011110000110000010111011010100100110111010110110001110011110110011110011111111010111110111100010011010101100111001101101100010011010111010111110110000000001111101010001111110100101001100011110101101001101010011100 
01010010100011110010100001000100101111101100010110101000110011000001001011100001011110100000000100010010001101110110001001001011100000100101000011011001011000001111000001101011000011000011110001101101100100001011111111111010110010111100100110000110101000010101000001011111101111100010001010011101001111111101111111011010010110111111110110011010110101000000111000001000011011000100101110101000001000111010110010010000101010110001100100111110000111010010001101101011001100110101000111110101111101010101011000110001 
10000111100010110001111000110110111000011000001110100011100110000010011101000101111111100010101000000000001111100011101101010101101001100011110001100100101111111110110101110010100100011100011001001011001000000000111110001111010110110011110001001101110101001110011101100011001101110011010011111001101101101011011101110000111110000000000111111100110111100011100000000110000111101001001100101001001011001010111101101100011011011111011010111100110111011100010111000011101011111111100001011101100001001010011101111101 
01101110011000101110010001000111000000110000110001111100000111111000000001011101101010010011001000000111000010110001011010010001100011000111001100100100001101010100010011110110111010011111110111110001101100011111111100101111010111100100100100000001101010000101001101111111101001010001010100100101011010011100111000001100011100110110110010010001111001101110110001010001111100011110011001101111010001000100011011000101010100100111000011010011001000001000001010101011011100000111101010010101010001010010001000101001 
10000000100011101101111110011100001100111011111101001111010001100011110010001101100101100101001101001110100100011001011111110100001011010011111110000010101111000111100011000110111000111000001001100111111011001100100001110111100110011111011111100101101001000010001000001011101101110111001110101000101011010110111101011100000101011010010001000010111010111100100001101110101101110111100110100010000001010111101101101000110011000100011101000101001001011100101110001111100111000101100001111001101111000011101000001111 
10110001101001110100111011000100110010111001111011110011111101100101001110101110010101010000001111011000111010001101000100101100101001110110100010100011001110001101011011011111000101111011000011101110011010011111010111101010111010101010000111101000101001000010111011100111000111011100111100001100110001110001011110110110111101000001101011000111110001110101000111110000010101001000000111111101110010001011101011010010101000000111110101100011100101100110001011001001010001000001001011000101100010100100000110111001 
10110101100000011100001001110100011101100000000011011101110111101110100000011000110010001110111101100101110110010111011000111011000000001001011111010001111011111011101101001001001011110100100100000011110100101011001000111010001011111011011010000000011101110100011000101000101010011110011101011100000010110111010110010100111100001001110000010000110111101100100101001011100100010111100000010001010000110110110011011100101010110111010101101001100101000011010011101000000100000011100010101010100011110011001010100101 
11000001101011011000100111000001100110110001110000000100000110110010100001101101100001110011110110110110001001101100111110110000000100101000001111000101110000101101000100111001010001111000010110000101001010010000100001000101100101011100110001001011001101000000101010101101011100011010111011011101101000101010000111110100001010110110011010000001110101000110000110011111000001100110101001010001111010111010011001111011000010101111101000111011010101101001110001011000001010000101100100000000010011111011000110101010 
00011001111000000101110001010011011101111001010010010001101100111010111110011010101110011010010100110100001101111110111011010111011011001100001111100111001011010111100100010001101110011110010010111111110001010011110011101001100100110010011110101100000001011011000100101010111011110111001010101101101010000101001010001101001110101010011101001011010101001001111000101100100110001100000000110001100001001110110100101000000111101011100100100010001111111000111111010001011011001011010100001010001111001111101011001111 
00011100000100110110001111011100001010110111101101010001111101110101010111111000100000110011000011100111100011100100010001101010110000001011101001010011010001011000010011110110001000011010111111110111001001010011011100011110111011110110110111001101000010001000100100010111001000111111010001111111101101100101110001110101111010000010001100111001010111101011100101010111101010011101001110100100101101111000111010010000001110100111011101110110100101110010000101001010111101100000110000011011000101101101111100111011 
10100010101100110010001001011010100011111011110110111010000011110001111011100001101110011011100100101000010001000011011010000100101000101011000110011111100001101101010110101011000111000101000001100011100100001100100010100100000011100010101011110110000110001000010010100011100100101100101100011001001001111010010100010111101110011011111011101011100110111011011011001011000011001010001011000010101011000111111110110010100101100001001010100111111100010011110001011000011110001011101100011110100101110010010100011101 
00110110100011001000111001100001111100101100101011101101110011011100000011000011101011111011100111100110111101010010000110101001010001010100010110010100001111111101000010001000010101011001000000011000110010111100001011010100001110001111010010001111001000011001101110100011101011010000010001100001010010110001000010000000000000011011010111101011011101011011101101111000010010011101111001000000100000001010110011100101100111010010001111001110011001010010101001000010110110010110100011000111010010000010110110000111 
11010111110011110110111100000001010000111010101110011001110000100010011111000111011000101000100110101111000000001111110010010000111000001111010010011111000010000101111100000010101011010110010100011101111001011111000110010100101001100010110001000011011011111100010011100011011110001100101011101011011101000000110011000011000101010001101010000101110101010100111110101110010001110110000011011001110011100000101010110011110100100011011001101001011011110001100010111101111010010100110010000100100010111110110001110001 
10100111101000110010111111101111001100001000011001010011010011101101110001001100110001011000111111000110010111101010100101010000111110100010000011101011101101000110101101000100000100110000100010000110100110010111010011010000100100111111011100011110011100001110111011101100010100011101101000111000001110011110111101101010001100010010011100100011101111100100011111000110001010011110101111101001111000110100000000101100011100011000101010110100010111000101110111000101101111111100001101011110001100111101000010101111 
11100111111000000000000000101000010011001111000110010111001000100100010111100001101100101001110001011011110111110001101001110011000001001011101010110010110110001010100110000110001011001011111010001000011110111000100000010001011010100110111000011100110001001110011110010000010010001110101100100110100111000010010110110111111001100011001111010011010111110011010110000000011111110011111110100010011110101011111000110110100110000110100111100011110010101101101100111000001111111000011000110101110110100110111101110101 
11110011000100100000001010110110000000001011111100101110011100101011011000011100100011001101100100011001010000011101000100100000111101011100001011101101001101111000110000110010101101010000000111010101111100100100011100111011100100110100000011001101001111100110010001000100001010001000010101110110111001010011010110100110100100000010011100001111111100101110111110011110110111001100001111110100001111111101110110110110001101111111111100111111011100111011111001100011011001111111111010101000111010010110000100101001 
01101010000101101010111010101101000100110110111011000011110100011000111000001000111011011001101000000011011010010111011001100100101101010111000000100101010101101101010100000101011110010010011111011011101001101000111110110000000101000000001110001100000101000101010101001010010011010100100111111111100100001111011101011110010010011101100101010000010011011101100111111111010000110110011111110101100001110010010100111000011110101011101111100001111111000101011101010100011011100000111010100010010101001001011111100111 
11111011101001001110111111001100101101000101011101110011001011000101001000110111010111111111100000010001110001111001010010101010010010111100101010011111110010001111010101010110110000110100000000111001100001111010010101010001101011011101001001001101001100010101101100110100110110000100010111111011111100000101101100110100000100011000110100011010001110010001001100110100011110111000111000010100001000000110011110010111100111001001000001001100101001011010011100010011110010101000111111110000011001001110101110100101 
11110000011000001111101100101011001111011111010010111001111011111111111101101100011000011000000111011000010110010100101011000010000001000010110110110010111000111100000110001010101100011001010010110111011011101010100110100001000011001101000110100111100011101111100111011000100111111001001010111000101111101110110000000101000000101100010101101101000100001111010110010100100011101110101110100110001011011010111110101000001110111001101110111001001000010000010000110011100011101001100110101001110010001011000011001111 
01011000010101010010010101110110001001010001111101101101011000010000100011111100011011010000100101110010111010001101111010111001101010011001011000111111110001101011111110010110101001001101000000011010000101011011001100010111101011111011011111011001101011100100100011101011110101101101111100110000110100111010011001000001010100111010101000000101101011100011001010111001011110010101100101001010010010110001011100001100000110011111001000011000010110001010101101011011010010001010011001110000100011110001101100000111 
00010001001111010010001100011100000110101111011100001111000100110111011000010100111111111100010010100010111111011110010011101110000111001001000111100110000110101001110111111000110010011010101011010110111111110101010010001000010010000010101100111101000101011110000110110101010100001100010000000000111111111100000010110010111100000110100000111101101011010101010101101011101100011000011111101010101001110100001101010110110111001101111111000100010000001100011011110001000001000100100111101010000011100101000000100101 
00100010001101111111101110110101001110101011011100100110110011001100010010010001011101110010111001001111111001001100000011110101101101101011110111100001011100001001010100111010101110011001110011001000111011010001000100011001000011000111011110001011101100011110101110010001111100010010010000001001101010001101100001101011100010101001110001101101001010010001010011101111100111001100001001010110111011000001100101011001110001001000011100001111110011010000011011011101001000001111111001100010101000010101111000000101 
01110011010101010101110101010010110100100011010101111000101100001001010110010000110100011010011010000001001110100100111011101011011011110001010010011000011110111010010001001100001011111011101101100011100011101011100000111100100110110001001011011010110111101110001110001010000010100000001111010100011000001110111000110010110011101001100110011110000100001101110101000000100010011111010001001110111011011000011001001111011010001111010011000110010110001011100000101111000101110010100100010100100000100001101111001101 
00111101110100010001010100101010011101000110111100101111010000101010101011000010100001010001101001110101110110010010001000101000101010010011101000110010011000000001000101111110001010011101100011000001001100101111001000110000011011100101001001011010101100111011001011000100011001001010000001110010000111111011101001101010000110011111010010001001011110010000111011010111001101111111001010100111100000000111011000001010100000111101001001101001111101010101010100000000000001001001001010010011101111101000100101110010 
00101100011110011101010010111010111100111101011001010111011001100010100110001000001111101111110011000110001011010100110101111111101011000011011100110100010100100110010010010010101100001111101001001001011001011011111110011110011100000001101000000010101011111011000000110110011100011110101001011110111010010100111010111110001010110001011001001011001010100110100100011100001100101001100001011101100010010100100101100010000111001110100100101000111110011010011110010011110111001000100100101110101100011001110010101111 
01011101011111101100001101100001111111111001110100011100111101100000100001010010101000100011010001000011001001100110111111101000110000010111011010101001010010000100001011011001000011110111110001001000000001011011000101100001110101000111111010100001100101100011011101010001001110011100001110000010101100100001110001101010100000100110000100101000011011010010101001100110110001010010101010111110111111001101110110100011101110001110100100110000010110111111100111001000110100010101011011110101101000011000111110111011 
10001111001101101111011110110010100011010100001110110111011010010111111000011011100111001100110011100101001111011001011011101101100110111101010011000010101001101101101001010001111101110111111100011101111100100100011100110101101010111111011101101011001100010110000101111001100010011001001001101000010101111101011010000101000010110100101111010010101110011011000100101101010101101100010101111001000111011010011110100110111010000011110011010011101111011101111011100010110110011110101000010000110011001110100011100111 
00010000111100000101011011000000100101000010110000001100111011101001111111111101011010111110100111011001010000001010010100110101101100101000000000011101010111110101101000001100111000011011110100001000100000000101101101000101010010010111001000011110000000010010011111101100110000000011101001101010101101010001100100010001001011110100001000000110110000000111110100111110100000100010101100000000100101111011011000000101001110000101100111000011010010100101101011110000011100000100110100110001111111000011110101010100 
11100010100110001111111110101000110101111010010001011011001110011111011011100111001101000100111111100111010100011100001101001010110101011101101111101011011000000111011110111101110111110010100100100110110001101110000110011111010010101110001011011011111110111100100111111101111100001010100001011010111100101010010001100100011111110011101100011011010010010101111001000010000010011000010010000010000110011010101110010101000010110110111010000111111001101111010110001010110010111100101001110100100000100001001111101110 
10100010010101000011110100010001111110110110111010111101110110000010000101100110001010011110111011111111100110110011011111111100101011110001101100010011100001110000110110011000011000101001010100000010000000101101011111001110010100110110110011010011001111100110110110001001111000001001011111000001101101010111111111110101111101110101011111000111101010100111101111101001110100111001011101010101110100011001111000011101001111001110001100011111101001111001010100110110111100010000111010101011011110101000001001010011 
01100011001000010010100111011000101011000011001000010001001000101111101100000101001010010001010110100000100100100111000000100010111110101110000010101101011101100111001001011101001110010001001101010000100000101001110101001011111101001000110001000010111001010100011000110001101000001111001110111111110000111010010101001101000101011011010100001001000010111010000100000010000000100001101111011111111001111000110000010011000011001100010010010111001110010000110111101110100011011101000001011000110111010011110001110101 
01001111001010110110100101111100100001111011101001001110011001101011110110111101000000000000000010001111111001001001001101101101100100101000111011000110110101001010110001000001100010010000000000011011111110000000101110110010110000101011010010111011111010011011000000111000101111110000100001001110010101111010100110001001110000010001110110100100100100110100111101001101010010110000001101101101011000011100101011000001010011011100100110010100110100110000100100101001100101011111010101010101010001001101010011111111 
01101100110001001010011111110011000100100110010001110010101100100000001010110101011010101111111100101110001110000100000000100110011101100000001010000110101110010101100010011111111110100010001101100001000001011100110110000101111011111000001111100101001111111110001110111100101101010111100010011111001110000110000000110001100000000110101101011101110001001110000100100000000000010101000011001110011000011011000101000010100001000100111111100001011100010101100000110010111000100011000110100001110011101111000011110001 
01110011011000101001001101001000100111111110101101100001010110011110010000110011001100110010011110100110000001000000101010001000110001100101010001100001100110101010000011011111000110100100110100001011011001011010110000101001110011111010000101110111101110110011101011100000011011100010100000000001101110010011111000100000111110011011111111000000011011010010010000010101110110111100100100001101001000000101000011010000010010011111010011110100011010001011110100010110100001101100100001100010011111100110101100011111 
00011011101111110101100111000100100101010110100111111011011101101010001001101110010110101100110111111000110010001101101010011101010001001011010011111100000110010011010100001011010101011000001110001101001010010100100101001110010101010010000010101101011000010111111011010110111000010001011100110111000110110111111100011011110000011110011010111011101101100001110101110111000111011100100101100101011101111001001000111110111110101000011011111011000101100100101100110011110001100111000000000000110110111001111010111001 
11101011111110010000110110011111000110101010100100110000001001001110111110110111100111111001110111000010000100111111100011011001111100011001001011001101010000111010111001111001011010101001111101100001001110100001010010010011110011110000000110000000000100101100000010100011111111001001110101111000110011110000110000010111011010100100110111010110110001110011110110011110011111111010111110111100010011010101100111001101101100010011010111010111110110000000001111101010001111110100101001100011110101101001101010011100 
