11011010101000101100010111110111101001111001101101001111110111010000111010111101111010101010111110000101001001111111011010011110100110010110001010110010011001001110101111101101111011110000110110111110100001101110001001101001111010111011011110101110010101001000010111011101010011110001111010011101100111111110100000010111011110101100111100010001100111110110001001101111110000101101000111100100001011111010000100111101101100010010110110110110000101101001010011001101001010111110110111001000111101101101011111000010 
10011100100110000000010001101010001010110010010100011100111111110101010000000001010001001000011011010011101000101101100010101100111110100110000000111000101100101000100011011000001101001000101110011001000100011001000001011000101000101101000000011001001101100001010010111011100001010110001101110100100110011000011001001100100100101100001011010001001100000100110010000101110011011001101101110010111000101001101010100000010100110101100000011101100000110001000010001011010010010010101010010010101101100000000101000101 
10100100101100000100010010110011101010011010101100111010000100001010110100100010100001011100100110100111100100100011110100011001100101001100110011100000011000000010001011000010101100010101100010001111110101000110000100010110111001100011010011010000101101001011111010000001110001101110010101001000001010011011000010000000000000111100010010000011001111110010000100010101000000011110010000101111000010000010101001101001101111000100101100110011001011111000100000111100001111001000011001110010000100000110001000011111 
00111000000001101010111011110001010010010101001010000000111010010101010111111010101110000110110111100011001101111111001110001011110101100010011001110100110100100000100101010100010010000111010001101101100110001011011100010111011101100111011011111111011000010010010101111101110011100110011011110010000010111100000000001110000011011000011110000101010011011111000110111110010010110011001000111111001000100001111101000011010011010001101010101000011000111011111101101010110101000110110011010001001111000010110010001111 
10101000001100111101111011010100010010000001000111101110110001011011011001111001110000100101100011011001101110001000111101101101111101111101101110000010010011101100111101101000010010100001110111001110110011111101010001111011100001101101000111111101111101101100101111101110100111110100001110110000110001011001001001001001111100110111101001100101010111111110000000010011010000000010001111111001100001111011011110010111100000100100101100011011010101111001100011110100100110011011100110011000111110101100111110111011 
00111000100000010110010110101001001101101000100011110000000100111100010101001101011000011101101010000000111001011101110011000110110010000000001010100100010000010110000111001110011100010000110010011111010011010100100010010010000010111110011110000101001010000000110001100010001001001010111110001000101111111000100101101000010111001110101001001001100110001100110101111100001100001011001100111101010011011001010010101000101100101011011100110100010100100101000101000010010000001001011000011001010110000010100010011001 
00101100001010101110111001000101001111110110111110001000011011011111100111011110100010010110100111110110000011101111111010010011100111000111100000110101011010101111011010010010111010110010110111011111110100001001100101111010000100011100110110111111000101001010010100101011010100100111100101111111011001011111101101001111000010010100001101101111011110010011110011010101101100000000000000101000101100100000100111100000000110010000000100000101000001000110000111100010001011011100101011000110000010000011000011110111 
11101101010000111010111000010000000010111000100100001001101101101100010000110101100101001000010001000010000010110101011111000100001110010111110101100100001100111010011000111001000001101001011111001110100100001100010001000011100111000101010000010001001000111011001101111111111101100110100001010000001111110001011001100001011001001000110111000101010100100110110110100011101010000100100001000100100001001000001001100110000011001000100001000000111101100111001100000000110111010000111110000101010110101000010010000010 
01000100000010000100001111011110100011101010010100101011111000000101000101010001100111010110111101000101000110010011001110100110101101001111111000001010001010110101000000100000110000011100111110000101001111001000100010010011101000110110010000001000000110110100111010110111111010000100001000000100100000110100000101011101101000101111000100000100100010001011011111100000000101011011000101000010011011001110010010001000101111000011000111001001000010000111011100110000100011001101111111100100010000001111101011011001 
10001110101001000011010010001011011110110011110000000000010110010110010110101100000000100010101000010010110101111101001110100011110000110001001111000001001010010000011011001001010011111001100110101101001111100001000101010110100001010100110110101110111001010111010111011000110011010110111000110001101011011101100110100001100111110011001100100010000001100111001011001100010110011001101001111010000011111001011100001001100100000001010000010000100110001000010000001100100011000111011000010000011000001111001101010111 
11110110111100101100010101011101001110110001101001101110011111101111111010001000010010111001111111100110101101000001011001110100111111010101000011000101001110011011011011011101111111010001111111111110101111111000100111001101111010000011110011010001110011010001010011010010101011101101111001100000101101101100000100011100110100000100111011011101101110000100000101000011001111011011010101111111001010101010100110101010010001110110101010010111111010110001000001000111000011001011001011111011100110011011011011110111 
00101011011001010100100111111011011010111101110011101111011100111011011011101101011101001110011011101001011101011111011101001101011001011111001100100100010010111000101100010000110101010010101111111100011000110101010101100110010111101000011100100110111110111111100111110110111110010001110100000101111110010011100110110111000011110110100011011010001101110100111011111000101100100110011111111010010111111001100011011001100110010010010110111011011011111001010001011100000000010000101011110010100111100101101000110101 
01000010111100011011100100110111100011110000111001100110000000100010000011110101111111110000100001101011010100001010011011010011000010111111111110000100011101101001011101010001111100110111101001110000100011000110000100110101010101010010110111110001011011000011011101000110111110100010100000101010011001101111110100101111011010111011010011000101111010101001111101110111001100000000011010101001000010111011110011010110111001111001110010110010111111010110010010100110001100101001000000010101101111110001010010001011 
10110110101011010001001111100011010110010110110001111010111111000100110110011101101111111111011001010000100000011010111001000110111101000011101111000111101100110100101000011001111011100100101000010110000110011010110101101101010001111111111010111010100111111100101010111011000101100011110111110010100001001001110011110101111111011110101011011011011010111100011110110110010000101001110101001110100111000000111111100001011010010011011110110011011101001011111001110100101101000001110110010010011101100101110100010101 
00011001110001001111001010101010110001100010011111110100100100110000010110110110011011110110000110010100011010010111110110010011100111010001110010101110101010100100100111000010100010101100011100000101010110101010111111001111011101001101000110001000001110001101111000001101111100110110000110000111100001100111001101100011000011010100000000000100001101001111001100001101001000100111100110000101111101011100011001111000000010010101000001101010000100000110001100000100101000101000101100010001011000110100100011001001 
01100100010111101101101010010101011111000011010101100101111011101011100100010000000110001100011111110011011110010001101100011001001000111111010101000100101110100001111001101100110011111111010100010000110110100111111011110001111111001111000101100011100001101101011010111101110111110111101101110111011000010111011001000111111100011001010100110100001001111000001110001011010011110110001111011010101111110010100110111111000000010101101110001011111101011011111110101111100110100110101001000110001010101110011011111011 
01111111001111111011111110000010011110010011011001001101011011110111110011101110001000001101111010011010001001110010010001011001010010100111001111010101110101011010111111011101101100000001100001010010111000110101010001111000101001110001011101100111100001101111001111001111000000100011110010111000111110001101110010110100110110010100110001101001111111110100100011011000110011001010110100011000100100100011110111010111011011101000011110001101111111111000000011111111010101110001011011111010100111000011010100110111 
00011100111000001111110111010001101100101111000101111100000101101101111101001100001011010000101101001111011001001110011011001000000010100110110000101011001001000110110100100110010111101101111110011010010110101011100111011000101110011010111101100110111110111001100110101101111111100010001101000000111111011001110000101101000011110101100111111100010000010101011011010111001011110111000101111101111011111010001101110000110110101001111101001101110110111111000011001001110001001011010110101110011001100101010011001111 
00001100011011111111101000100011110010100111010001011000111110101111101111011100011100001101111010000010001101110101111111111001010001100010000101110111010001111101000101110000100011101101011110110010010100011111100101100001001000111001110101001111000001100001101000001100011110110110010000110011111011110011101011011111110100000101110010100011111011110001100010000101111000011001111100111011011101111000011000110100001101011000111010101001101110100100111010110000100100011000001000000010110101000011110101011111 
11110001100110101001100010001000110011111011100000110110010000101000011001110110111000000111101011110001100010010010010011011100010011100000001100000110011101001101011000001001110001110111111110011100010001011001011111010000100100100010010101100111010001111001101010000010111101111011001001010111111111111011101110110001011100110110000100100101101001110011111110011100001010111011111010011101000000000001010111000100001000000100010110011011111001101001000010001101100111101001111011010010101101010110001010000001 
00100101011100110011101011111101111111100101100001111010110010000111111111110111100010011010001100000010010111011001010001100111000011011100100001101110110010000001111010100111111010101111011001101100110000001110110111100110010111000010111101010011100000010110100001100000111100001111111010011110101001101010100101111011001011010011111100111000100001110000001101101000001110000101010001101101100011011000010110010111101011001010111110101011001010011001101111000100101010000000011111011101010011110110101010101101 
10110101110101010001100110000110001110111101000011010011110100000101101100100010101100101001111101101110111000001011101100100111111110110000100110110100011110111111100001111011111101010001111110100010000101110010110100100000110101110001001100100110001100000101111011010101001111110011010111111101100101001111101011011111100111001101110111011001110001100111101110101100100100111110001001000110110110010011011011001111000000111101110100010010101011000010101111000011011010011111111100101111000001000100000101100101 
00000010011101001111111011011110111110010101101010111100011111000001111110110100000000011001111000111110100000010100100001001010011001011111101110101000101011101100000100001101110101110011011111010010101110001000100001101111100000111101101101001101101101111110100011011001011000010111111001110111010011101100001010111001011111110111100110010011001010101000010101101100111000010001100110011011100000001101100011010000000110010111000101101011000011101100000001011010000000010000011001111111100010110011000111011101 
01100100000100111000101100000001011011111111011001111110101100100001101011111011100111110111010011101101100111010101110111011111111110100011111001001010101101110100111111011101011110110011100011110110100001001111001000111010110111001001101101001000010011010001101000101110010010100101000100110110001011110111110100010001010011110010011000011100101010101010101010111000000101001001111010110001100000000110100111110010110011011111101110011011101101010110000001010110000110100101011001011101111000110000101011100110 
11100010000100001001010111011111100001000110001111011000100111011111011011001110000110001000100100110101010100010110001100100010111011001101001110000000001010101010101001010000100011101011110100111100110011011100110111111101010001000100110001111101010010111000111110011111011110100000001110011111111110000101111110111100111010101110110100101110100000111011101111001111011011101110101100110110111110101110011100010101110111100111100111111011100110000011010010010001101001100101010010000101110101101011011011100001 
00110000101001011111001111110101010000110000110001111101111110110111111000000101111001001111100011101000111100011100010100010010000000011111111011110111101001010101000110100111011010000010001000100011111010101100001000100001001000100101010010101101011001001100011111010011101101010011000111111011110001010110101011100001001010111111101001100011100101011011111101100100101110001101110010110101101001111001001101111010001010100010011111111111101101011111111111101101111100010100101110001110001100010111000100000001 
00001100000011010100101001010001000110000000011010011001001011011101000110011100010110101011110111111011011110100001101101110011101101011011010110111011100000010011011000110111000010001110111001010111001100001011101111001010000011001110001100001000101010010100000011110111001000000111110010111011000000000100000011011011110011000100101101110010010101001100000001110011100010111111110111111000011111100000101000001100110111111011100101000100000001101011011110001001010000010110010100001001000000101000110111101011 
10110011110110101110000010000111100010000010100011111000101011100110110001000000101001000011100111011110101010100110100000111101100010000001110000111100011100000111100101011011001010010101111010010001000001001001111010010000110001110111110010000011000100001100001000101001010001000110101011111010010011011000111101001001110110101101010100010111010111000001111111000110001111110011100010000001111000010110010110110010101011110010110011100001100000011011000110100011111111101111110100010110011001001010010101011001 
10011100010000011101110111001110000101011010000101101010100100000111100000100000100000011010100100010101101001000001000000101001000011100000000011110100000001000000011010001000011011110001010000001100010111110001101100101000001001111110010001101101010101101010111111101110100101000001010011001011001110000100001010100100100010100100010101000000110011110011101000100101000010111000111100101110011000100111000111011111111111101110000100010110101010000101110111001011000101110001001011011000111111010010000101000011 
00110011110100000111111000000011111100001011001011010000000001101010100010001110000010101000101110001110011010111010001001100101001101010000100111010000001111110100110111001001011000000100100001010100110100011110011011110001111001100000101001001110111110100001011001000010110000000110111010010000011010110010110100011010100011100001001010110011000111000000011000010100000001100101111000100000110100100010101001011100101101111010010010111100011000100110010000110001100011111000100100110111010111011001100001111101 
10100100000001111000000111111011110010100011100010011011000101110001111001100110010011111011101001001101101110110100110111101111100011010110011100110011000101001110011101100011001000001111001000111101101010011000010011010010110100101100010011100111001101101110100010000000011110001111101111100101011101011101001100011010010011110101111100111111111100111110011000010011110011010011111001110100111000100001110111001100001010000001010011010110110000001111011111011111101111110000000010010100101011011010001100001011 
11101001010011110001101100100001110100100010010100011001100001100110100010001011101101001110000101000000011101110101000111011111000010101000110100110100010010010001101010111011001011010000100001110110000100110111001100000011010111000010010100100000111100000001000000110011101011101110000100001000100000101000110000100111110001111100100000111010000011010000110001111001000110100010111011100110001111111101111111010111010001100100100001011100011111100000111011000101010000110111010100011101001100011110101010011011 
10111010110110000000110011100101111001110010110111110010100100001001011110010101001110100011000100010101110111110010001110110110000110010000100111100011100110101101100011111100100011011011010110101101000011011010001001110110000110010010111000001000000100011000100000011100010110010100001100100111000001000001001100001100101001100011010010100110100011111011010100001111010100111100001011100000010010011100000000101100100101010111000011000011100010000000111100101001001111111100100110000001010100011100111001110011 
11110100011011101010101110101011111010101011111111111011010100011101010000011110000111111001100000110010011111110000000000000000011101001110101101001001010001010011100000111101101001111010011100100011011100010110101001101101001001101010101101001111010110101000001001110111000110010001011011010000111000000000101111000100110001010000001010010010110111111100010000000000011000010110111101101011000000000011100101001001000000100010100011000101100001001010010111010011010011001100000111001000101010110110101000010101 
11100001010110100001110010101000101001101011000111100000000110000001100011101011010100001001101100001001110101110001100001111011001110110000000000011000010110100010010001011110000001111111110011101110000101000011101010111011101000100000001101000110000000000111100000001000010010011100110000000000011110101011001100001110000100100000010110100100000011100101000001001011101011110010101101111000011000011110110001010110110011101110000001100000110010100100010010110001010011101100000001110101111010111010101011011111 
00001001001111110001100010000100010101100111010110100000001001000101011001001100001110111100001011111010010100011011000101110100111001110011110010100111101110010011111000010110100000011101101101110001011110110000001000110111101100000110000000110001000000110000001100000110011001010010001001000011110000000100011111101000000001111111011011101011110101001001001110010000011111010011111101011001011101001101111100010111011010011111011001100111011010001100001010110111111111000101100101110101000010010010100000100111 
10000011100111111100001101100001100101000100010001101100000101000000101000100001010110101010110100111110010110001000100001100101001010000111000110101011100111101110111110111011101010011000111011011000011001010101000100111010110011011010110110001100000001100101001010010100001001011101010010101011011100001010011111111100010100100111111000111100101000000010110110011011100001101100110011000000010111001110011010100100000111001110110101000111011111101110010110000111001110001001101111101110100011101001011000000001 
01101011110011110000001000101010100010110100111010000011001000010000011001110011111000010101110001101000110110010100001100110000010101000011011010011110011111011100011011010011111101010110000001100101011001010000010100100111110101000111010110110001011000100110001000011100010010011101111010001000001000100110001111000000011010001010011001100000111100100011011110101110000110001001110111100010000001001100000000111100001011011100000111110100000101010010001111010011000110010010101001010001100011001010101100100101 
00101000111000111111000011010011010110110111011110001010110001100011110000100000000101110001100011001101101000110011010001010101000111100000111010101101110000000110001101010010010100100101000000111100000101100111011001101110001001110111000100110011110100101101000101111101100101100011011111111110110000011101101001111000010001100110100010110001100000010001110010101010001000010101111000101010010110011000111010000111001001111011101010000110100001101101010000001001000000000011010101100100100111001010100111001101 
11011001101101000010111110100110011100000100101001011101000000000000101110001000110000111111010011011000110101011011100011111000011000111001000001010111101101000001111110011111000011110001010100010011010110000011010101111101110110101001000111010110001100001111101101000101111001100110110100010011010001011111011110110000000110010001111011011111111011110111110100011101011010100001101000101111100110110011101110010111010101101101111000111100100001111010100110011101010101111011000101001011001101101001100010110111 
01001000000010110000010101111111100010101100001010100111111100111010010000001000001000000000000110111010011111001110101101100011110011010000010010101001110001101111011001100110011000100011010010001110111000100101000000010110000011000110111101100001111010000111110010000011001011111100101101111011010100110110001101001010000011100101110100100100100101000001000111000101111111110110000101011001011001110010000000110100100101101001000011001000000100000100101111011010010101101001001000110010011011011111001101110001 
00110100011000111111100010010110010111101100001011000011001101110001010111100111000101011110111011101111110001101011010110110000111001101000100000001010010100001100011011101000000010011000011100010111100110100001110111000010000100011111110101101011010100111011000100010010011011100001010111011110000010110011101110110101001010110000001011001000011011110110111000110110101011011001100001000000001011000001111010001100100001111011000000001111101110110111010111011010011011111011000011000100010011000101001000010011 
10001001001011101100010100111001000001101011111111100111000011111110010011001101000000110101000100000000001111111100001100001000010011010011111000001101000000100010001010010110000010101110110001001111111011000111000111011010001110000110010000011011111111101010000100010010110000001001011011001010010010111001111100000010110000100111000000100110110111011001100010010100011011010110010101111100000100001001001100110010111101011011011001101100011100101001010100111100010001010110110100010100111111001011010001011011 
01000101100111110001101000100100001110100101000000111010011100011100110101000010111101011000010001111110111110000000001101100001010111000011010000001100101110110100010100010001111111001111101111110011001000001011111111001011000001100100010011110011110101111111001110101110001100101010100100100011011000011010101011111010000001000001010001101011010000011000110111110010000110000110111000001000101101101001110000011110011010001101010101010001111100000110010011111010010011100101001010010011000110010000100000001011 
10100100101111010110000000110101101010000010000010010001011011001101000100101100000101110110001001000010101110101010100001110000111110000111110100101100010100000011110010110001010101001110110001010001011110000111101000100000010100000100110001010000100100110111111100000000101001100010000101000100011000100101011110010101100010010011101011110110001001010000110011010000101111011010111011001111111101001111111001010100001010101000101001000111001100000111010001111010011000000101001000110111010000000000111000101101 
00101111011111000011001011001001001100010110000001101110001000011000000100100100100110011101001100101001110101011100110000100101000001111110000101001101111110111000000001010010000000011010001111100000111110111011110010011100000100010110011101010000110011011011001100111010111111101110000110111101111010000010001110100001101011101001001011001010110010001000110010011000110110000010010000011111011010101111110101000110110011101101011101001001111011011010001100000010110101100011001010111111000001110110101000111111 
11110001101100101111001111101000011011011111010101100100110001100011010001100000101000111101101001010001010001101101011010000101000100100111100001001100001010101111100001000011010101010001100100101011110010010101111010110000111100111011110110010111110101101111001011011110010111010100001101100000110110001011111100100000010100011011011011101111110100100011011111001100011101000010000100000000110010010101111111010110000000100100011011111011110101101101100001010010101101111101100011101110010011100111000001011101 
00010010101011001011000101010111011101011000111101011101000000011000000110000011011010010110010110110011111111000111100001101001000011001000001100011101100101110111010100100110111100010110111010010010011011111001111110000001001010110010100111110100100011001000110111000110000010011111110011100111000100111110000111011100100000111111000101011010101100001010101000011100001100000111011110111101001010110101001100011100111000110101010111011110000010010011011001111011001000100111101001001111000100000101111000011001 
01001001111000011111101101110100100101001101011000110010001100101011101001000011101001111000010110011111100000100010100110011110101111000110110000000110001101010110110001000111001100111010101010111010110101010010111110010000101011110011000001000001100110101000001000110011100001110000000111000010010110101001011000001011110010011001011011110000111110001010101010000000110011100001010101101100111111101010010111110000100011001110101000111111000000011110101001100011011100111000100111100100010011010000110110010011 
10000110100100010000100101100010011001011110011101111110010101010100011001100111111100001011101001001100100000001111000001001100110101011000101001110101010011100000010000100111110101000010001010010101011110011001011100110101110100011001001100011100011110000010001101000000010000001010010011000000100111000010010011111110110010110110110110010010011110110001110001011110111100100001110111101000011000001111010000100010111101111010011001101011111010001100000000010011111001011001001110111011111010000101100101000111 
