00100110001001010000001011010101011000101011001100010000101010001000001000101101000100001010011000000100011101001000111001001101100010101101100000001100000001100111101010101011001011001101001001101100110101100010000000001010110011101010110100000001101110100111001000110100100000000001101011101110010011001110100100000011101000101001100010001011000111110100111101100011100011001011001011000000011001110100100111011000110111100010000010110000111100101110000010000000000011001000010011101100110001001000100001100011 
10111111100010011111100101010001010101111111010001101101100111110001101100101111111001001010010001111111111011000100011001000000111101001010010001000110010010100110101110011001101110110101111111101011110111110001011101111111111110101101000100110111101011100011011100101101111001011001001000000100111111101011110010110100111110110111011101101111101011110110100110000000011001010001000001101110100110101101000110001001011001110010101101101111100010110110011110010010000101110011101111010010011010011010011101111111 
10100100001111101010011010010100000010101111011000110101011010100001110001000100100010111000100000100011001111000000000110101001001010011110100000010011000101111110001100000100111100101011100011101101011101001101100111000010100000101101000010000101010000000010110111001000010101111011000100000010001000101111101000001100111010110011101000100000101011110101000010011001101110110010010111111010111001001001010100100100111001101010001101001100000000100110010000110101001101010000000001010010000010101001100000000111 
10110101110010011001010000110101101011100100000110110001100001011010011010100110100000100000100100111011011000100100101100010110100101111101100011001011110010101101001000001110100010011010101000100110000110111110011010111001111001001010000011100100101011110100000100100110000011001101100011100000000000001010111110100100100100100000011010111100000100100000111110001010100001010011111100101000110010001110100110001001110011010000000110011100000001001010111111100001101100000100011011001000110100101000000001111010 
11111011111101111100101101110111101011110010001110011101111111011001101110111100001011100111010111001110000000110101111011101100010001101100100110111111111001100011000000010000001100010110110100111100111111101011011011000100010111111111100010000101001001000001001101000010100101110001100000101000101010011101101100001111110010110011001001011110101001110101110111001100100101010000100110011111111110001000111011001111011001011111101111110111001011110101001101000110111100010110111000110011111101101011101111010101 
00110001010000000110100001100001001000010100100011100110101101100000010010011100011101000110010100111110010010110110011000000111110111001110111101100101000011011011000100001001101010011000000000010010101101100100110011100011100110100110011111110001111110100101101010110100101100110000000101001100110101000000101001100010111101011001101100101110100100001110101000010000001010011110000100011011110101001001100001000101000010000000001101000011000001000100000011000000000011001001000111100011110100101000011110101111 
00111110111111100010110010011101000101010011111100111110110111111000111010100111001100001111010110010011111111001000000101111101100011011110111010001010110000010001111000001100001110000001001001001111101001010100111111111111111010010110110101111111110111110011011011110101010110101001000101000001001011100101011110011011011011001010000000100101011111101010011000011111101111110111011110110111101101000000101110010011000111000101111110100001100011111101110011010001111100110101101011011010010100100001001001111011 
11011100111110101111110000011000111110110101111010001000010110100000100110111000000111001011010001100110111111111010010101110100001111111010011111110000100100000100000101110110110100110011010110011011111111110011101111011010101100111011010000011001111100111110000011110111110110001001111110110011100111010001000001000101101101010001011000001110000100011001001001100100011100011111100101101001111011110011010010011101011000101011101111101100011011011001101110110111011111010111100001001010111111110001101001011011 
11111001110100001000110010110011000011110011100110101000111011000101000010101010100000101010110001110111110010100111011111001011011111110111101011001111100001101011000010011011111011110101110001110001000001101110111110111000100110110101101110010010100111000010000110100001101100101000011110110111110110110001000111111110000111100100111100100001011101111111110101100110110100111110111011011110010110010101100111011111101001010100110001001001110110100111111101100000011100000011001101111010010010010101011110011111 
00011101000000110001011000011001000100101010011101011100001111101111110111110010101110111100101100001101110011110101111110111001010010100100100100111101011111000100000010000100111010110110111110111000100000011110011101000011100000011000101011010101010011010010010001100111101110000010100101101000001001111011001110000011000101101111101101111111101011001101011110100011101110011110100011101011100010001111110010110010111101001001100111010011101000111100010111101110010110111111110110101100111001111111110111010111 
01001110000010000011001000110001100011101010111010101000001101100000111110100000101100011011000001010010000111110010001011101001110110111100000000110001011000000000000110101100101001000000100100110010000000110010011110110011110010101111000101000101101010010100001100011110111101001011110100100110011101111100101111011001010110111100010111000010000110000010001001101101011011100001110101101110101000011101100100000111010101010001000110011100111000101000111110000100101010010111010011001101010011111000011001010011 
10001000000011111110010010110100110000110011101110011101011010011001010000000010000100101010011101011110001011000010111111001011000101111100100100111011001111010000000011000110111100100100110101001000001111000001001111000000010111100000101000000100010011111001010010100001111000101001110011100111011010110101111111010000100101000011011001011000001100110000110110011011000010000001101000011111011011110001100010101101011100011000100011110001101010000000111001110000000010111011110010110000100111100001010111110111 
10011010111001000110100100110110100110110100010010000101110100011100101010000011011001111001101001111000111101010111111000101111101110001101111110100101001110010010011001011011000001100010000011101111000101011110011110010110110111101011000110101000111010011000010010001110101101010101110010111000110100010111000011011111010010111101001110101101111110111011011010000101001100110101100011011001110101110111101011111101011110110101000010110111110110111000101011101000011100100000101101001101111100010001010001001001 
11000111111110110010011000101011001110011011101000110110011111110011001111001100001111111111011101011010111001111010100111101111010000010110101111011000010101111110000010001001101000100111000111001110101111011011111110101001010010101100000101100110011011101011000111011101110100110001101000100001111000101101001011001001001111010011101000111111110101100000100111110110110100110000001111011111101000001100011100000110100001110000000111000000100110111111000101101110111000001111000010000000101000101100111011111001 
11111000101111111011011010111001010010011110001111100110000110001101100011011001101100001000101000001000011001001011110010101100100101110101110010110100111111111110010101011111001100101001111010101010000000001101000101010111010011111010101000111111000100010011011001101000111010101000101110010010111101101011111001101110001110011010110110111101101100011110111110100110001001101001110111101111111111011000110011001001001111111100100011101111111001100010011001100010010000011011101110100011100001110000110101000001 
10110111011010111000011010100101101110110010110011010110100111011101110111111110001100100111101110010100101110000100101111100100011000110111001011100000111110111001010101011010011001011000111010001011110110111111101000110011010110111001000111000011100001110011111101110110111010111000111100000001011001011011010111110100011111110011000110110010010001000011001110100000100100100110010000100001010100000111011010111001100011110001101101111110001011001100110010011110000100101011101000110101010010001101110011010101 
01101011111100111110111101011110001100110111110010001110100110001100100001001101110101100011110010100010010011011001110111001111110101101101110000000010001001101110000101111111000000001101110100011100101100110101000010010100111110101000100101011001111000010001111110100010001011100011101010011011110101111111100000011100100011011111101011110111100001100110100001101111100110010111110111000000111111110001001010110110100110100110001101100000111100011111111110111000011011110111110110011101111100000000001010111001 
01110001111100011011001011011101000110101110100110000000001100101011100011100100110100010000000000011001111000001100101010011100010101001011010101101001001100000110011110100011000001111101011110010010011001010010010010100010100011110010000000100011000000001111000011100100010111001010001110001101001010011100100111111111011000011000010010010000110011100011110100011100011000001010110101101001010001010000011110001110100100010100111101011000111110010011001010011110100000110000101000000100000001001000111100111111 
11100010111101111011101001001100000010001101000110101101001110100011011101100000001100011110111100011000011110010010100011001110110110111000110000010000110010010101101010011101111011001111010001010011011010010100101111010100011101101010110111100010011101010100111010110110111010010110011101011110001111101011001001011111110010010111010100000100110100010010000110001010001100011100001110101111100110111100110001010111111001010000001101010110111001001101010100011100011100010001011101100001110101000001101101001001 
01100110000100111011011000100010101011101100010100000100111101000101011110110110101101000001001011110110101011010000000010011011110101101111001011001110111001111110000101111111111010001100111110111001001011101011001010101100110111001001001010001100001000110000101010010010100011110111000100101011110000001000001110110010010010110010100101011110101010101001101010000101111000000010000000011000011000110011001001001001100100000101101001100000010100010110110011001110011000010110000100111101010001101100000111101101 
10010001100101010000010001011011001000011110000111000011001011001011010100101100011100101100011001011011001010100111001110000000011111010101001111000110101110000010010100001000111110000110001000000010110110011011011101100001100011100110000010100111101011101110010101010111011010011111000100110111010010001101100110110001000101100110101100101100111011011010010001001010110100100011111010000001011110010001111010100100100111111100001111000101100001101111101001110010011001001010010100010100010100000100010001111011 
11001100101001111110011001110010100000101000111011110000011010010001110101100001110011011110100000000011000001000010111011101001001111010001100101110101000011101111000110110010000100000101100101001101101101010000000000010010111101010110000111000100011100000001001000101000011010110000000101000011100011101001000111000001001001000110101111110110111011101111101101101000110110110111100101000100011011000100110001001011110011100010001111001011111001110101100010111011111000010000010101011101101111010001001000111111 
00000101000001010100100000010000010101110001011011010011010010100101111001110100100111101100011111011111011001001010100100011001000000000010110011001000110011110001100100011001101101011001011100010110111010011111010111110110100001100010001011111010101101010001010000011100011101000111101001011100000100000111100011101010111001100000010101010110110011111010101011001000111001011011111001000010110101101000011011010101001101001110101011101011000001111110011000011110010010000101000101011010100010101000100111000101 
01101110100110111111101001111001001101011000101110010100010010110110011011011100001011111001010011000011001110010101011101000110111001101010101110100111100010111001111101101100001110110101100111000110001000011110111010101101101111011001010010001001111111011111010011101111000000111000001010011100111010010111111100011101001000001011111101101010101011110011111100111101010001110111010001010110011001011011110110110100000111101001111111101111010000000001110111111011101000010010111010010100100110110011001111110001 
11001000001011100001000000001000011101011010011001110010011001011100000001110010101001101111010010001000010100001111001000001110000011101001101001001100100011001100001000110010110100110110101110110010100011111010010011011011111011011011011111101110000001100100011011000101010010001010010110101111100011101001001100000100100000001111001010000010010000111100110110010010010100001000000011001101001101010010000010011011000000010001000010111010001100010011110111100000101000101001110111001011101000110100101011111001 
01011100011100010011110001100010000000001100000010001100100000011010000100010111001000010000001000011110100101001001100111111110101010111011110011111101000001000101100011000100100001000011110101101110100101000110101010011101110100101010000001101101111000101001000111010101111000010001100001111110010010101001110000001110000000110000111001111010100001010001101111010010111100101010101000010011000000011001110101010110010000101100011110111000011000110110110101000010100000111101001010001000000010001011000010100001 
10000000100101110001010111010011001001101010100001111010110010101100110000001111110100100110011101101100101010010101001010001111100101010010010000000000110111111111000011111101011001111100110000000001000010011010110010111001010001011011111010100010000000011000000111000010001011010010101001011101010010000111110111111000100000111110001010100101111010101110110101011011000111100100000100110000100000000100100101110010100100000001101011011111110001000100010101011001111000110110101001010100000001000101010011101001 
01111000001110110100101100111011001010111000111000100001101001001100100100011000100000111101101001011000001001001101011001000001001110001010100000101110111111100100101100100010010001000000011110101101100101111011100011100001000111111101001000100000010101100111001100011110100011100110101000010001111100100010100011000001000001110000000011000010010001010010101110110000010100111100010000011010111001101110001000101000001010100000000000111111000111100110101100010001110100111111010100110101111001101011101111110001 
01111011101001010001011111100100001111100100100100110011110101101101111000011001011010011001011101110000101011100000011111000101010010101100101011101111000110011111011001011100000001111100001001000100101000000110001100101101110011011010110001101100000010000010010000101101001111001110011011101000010010000001011001010000000100001101000100011010001001000010000010000001101110000101011011110110001010000000100101001010011101110001110101111110101011001101101111010100001010000010111000100001000001010000010010011111 
11010000101000000000001010000000011111000100011000101100011001010000111110010011101010011000111110001010101111110001001010101100011000010100111101011000110000010001101010011011001110010001111000011100000010001000011100110010111000110110000110000110100111111101101000010001011100011000010100101010101011000011111011001000000111100011111001110100000010001110101000011011010001001010000111110111001110011101101100110010100000000000010101110011010011100001101000111111110010010000101101011101100011110100110100010111 
00110011000100011000100100111100000010110100001101110000010001111100010111001011110010100000011001111011000001000000101011110110111111100100000110010101110001100010100010000010110001100011011100010010001111010011001000011010001100100010000100001100010111100000000001110000001111000100100100110110101011011000000110010101000010111001001100000101000000110010000010000010001100010110111010111101000101000001101001011110001110011001110110011011111010110001001000111001001010000100011110111110111010011100110011000001 
11110001001100110011010001110101011100001111001111011010010011001000000101011110100100111110010101010101000000011000111001001000001010011001000000011110010100100011001000110010010010011010011010101011110000000100011001100101011100111011100001010111110100001000010000100011000011000010000100010111110100011000000000011010111100011001101101000010110000100111111111010000110011100000000110000100010100010010000101001101010100000010001110111011000100100000011100111110001001011110110100110100000011010101110011100101 
01011011101110100001011111101100001100000000000001111010111111111101010001111110111111000110011100110011101110101000011010011110010110110010001110011101101001110111100101001100000000001101001000101011011010100010110101011001010001100000000011011011111001011001101011101101110011000111101100001010011011111111010000111100011100001010101110110000100001011000011110111010000001011000011010101001000010010110011101000010011000111000101000001010000010110011000100001000100000100000000110100000001010101001000101111001 
11011100000100100011111111011111001010011101000100000010110110000001111100110011000100011101000010000101000001000111110111100010110110100010010001100100010110011110010100001100001110111010110011101111000111010111101000100001111100001110100010010100100010101100101111011111001110100001110000111011111000011001110010011101001111110110110011111110000011110001100010111010001100100111000010110000111101111010100001111001111010100101001000010011101110001101110101001000110111000101111000001000010101010010001001001111 
00000110101100101101011001100001011010110011111101100111100101100100110101110111110101010111100111010100100101011000000101011011101010010110011111110011011111000111101000001100100001111001110000100111111010101001100011100101000001000101000001010110110111110001111011001011001101110010011001110011110111111001110110010111011110111111100000001111011000001101101000101101111100001011001111111001001000111011011011100001111111110011110101011001111000011111111101011100001100010111100100011101101111010110111010000011 
00011011110000010001111111100100111111011001101101001110110011011101001110010010010111000111011000000001011011100101001010010110010101100111111101111101110001010001010111101101010011111111100101110111000000011010111000001000101110100111101110101110111110101111010011110010111010111101110001001010000111000010110100100100110001000110110110100111111111010011110100000101001000100111010010001111110111110011111011100010001111001001110101111100111101000001110010010010110101111001011110111111001111011010101010011001 
00101100111011000010010011011101011101000010101010000100000001110001110000111101001101101011101001000000000010110000111001011100011000100110011100000001110000000010100001001111010010001001010000000110100000000011000111010110010001111110001000110000000001101001101100100111011100000110101011110110100101001010011110000100000111101010101100101010011010011101000110110010010011010111110010010000100010100100100100000111011100001100100000111011110010001001010000100000110110101001001011110101001110110111011000111101 
11000111110011000110111011011100111101100010001010100110001100010111101111000111111011100001000101100111111010001001011100001111000111110100011111001111101000111010111111011001000011110101010110000110100010011100100010111100000011100100101000001001100111111010001101111110100001100101001100001101000001101111101111001111101000011001011010111111001111000111101100010100010111000010000011111100110000000010101001011000000111111001010110100001001110101010100110101011100001100011000011001101100001110100111000000111 
11001000101010001001111000001111000001000111110110010110010100100111100010000001110000110001000000111000010101000111111101000010011001111000000111010111000011010001010111000101011001110101001001100101111100110100001010111101100111100101111100010001100001110011101110011101100011111001111001000110011000100110001110011110001110011001100001011000010110010000011000111000011110101111000110100001001010111010111111010110100011000100110010001000010010110011101011000000001001101010100010101010001000000111010000101001 
10000101100101010000100111101111010001101110101101100001111010010001011011001011110000000110110101111011101011000110100110001001001110100000110011100000011001000010011001000100101001111011110001001101010011011011100110111000001101001000011111100010001010110010011100101001101100010111011100101111111011001011101001101100010010100110101010101111011101001111110000011000001001110000100111001110011101110010101100001011110111001111101010110110111111101000011110011110111011100100001000001001010101100111111101001101 
01110000010110111011101100011101110011100010101110100111000001011011010101110000110011011010110111110101001010111111100101001111001000010001011110001100000100111001100110010000101011110011011000000101110101011111000101111011101000001000111011101100010000110100001000101000010111000011000110110111000010010000011000111111010100001111110101011010111000110110111111110110101010011110110111100000101001000000011011101111110101010101101011010000011110011000111110011101111001100011100110101110010000111010101101001111 
11111111000100100110010111111100011000010010110000011001110011000110111010100101001010000001101011110011010111101101011011110101011000101101111000111001111001111110101100000100100011001010011011110011011101111000100001000111010011100001011010110101001000100110000011111001111111111001010110010110010100101000000001101110101001100010110010001000000011111010011111110001011101100010110110111101010110110010111011110111101110111001110000011001100001110011010011111011101111010110101011000001010101010100110000010011 
11110011001100111001100101101011111001100110101100110110101010000001111100111001001110011000010111100011100111111100111001000000011011100100110001100000001111111000010000110101000111111011011010110000000110011100010110011100000100011100011101011001101111101000010100010001000001011100101111111110100111010100110001000001010011011100011000001001011010010000111011100000100100001100011100000010101011101011101110101110001000011001011010001110001000100111101101011110001011001011001101000000000010010011011110111111 
10100000101011000000010001111111010000100100011010101011000110111000010000001001100010010010000110010001011010010010110010101010000000110011111011011110011010001001100010110011001010011001010001110000101001101101010111111101110100110101010100000000001101110011010100100000101110000010111001001001001000001101000011010000000101000011000000100111000000001101001001111110001000111110100110010010101001000111101000011101111011001000001111001000011010111110001101010010101111010011010010100011111111101101100101011001 
00001111101000101010010111001001010110001011011110011111011000001110101101011010001100011011000001010101100100001111010101001001011101001000000110100001101111110001001011110011000101101001111101011001010000011100100000110001111111110010101110001111010100100100110011101011111100001000100010111010001110110110100001000101001000001011110011010110001011001111101111100110100001001110110010111011110101011000100100011011010111001000010000001100100101000100110110010011000010000011101000111010100010000011111110100101 
11101101001101011000000110111101010101011100101010010001110110001011110001010000111001110110110011111000101100100100100000111010110010011001001010011001100100010011000111011000110111111100110100110010001001110110100111011110001011100101001101010000000111111111111110110110000110100010100111010111001000101100001101100001100010111100100101111011010101000110100111101010111000101101111000111111011110110001101110110110110001010111011000110111011000011010011101110010000100101011100101101000111000000101101100011001 
01000101010110110010011111101011101101010001001010110000100011000001110010101001111111110001010011000001011011001101010100111001001010101111001100111011001001000010111100000000010101110110110011101001101001101011101000100011110110000101001001001110111110000010000010001000110100111010000000111011010100101110100011100011111100001000000101110010010001011101101100100101111100010001111011011000010000101010001000110001011111011101000011000011000101000001100101001000110010110101001101100001100000001001101101010001 
11001001010000000010011010111101001110011100111000010110011100010011110110001110001101110110110001000011100010101110001010111010110000111101001110000101010111101001100001101111001111010000001000111000101101100010100101101000101110110010011001111010110010010011110111110011100000110011101001111011001010111010000000001111000111010101100101101100011110000101001001001010001011001101011111110011010001110100111000110110000010100010110100101110010101000110010110011111100110110111000001101100100010101000000100101001 
11011001101000100110001011011001100000001101111000001011110011101100110010001111101010111001011010101011101010001010110010001010101111111111110010101010100000010111110001101000001101110110011100011111110101001100001110000100011000010100011110110101101101111101110101101111010101110110011101100011011111001011000110110100100101100101111011101000010110001011111111101010011000101100010100000001010111100100101111111100010001100010100110010010110101111011001000000011111111001101111000011110000101011110010001100101 
10010001011110110001110010100101011000010111001101011110011110111100110101110101011001010011000000110000000010000010110110001111100110010101000111010100110100110010000010001110010000111010001010011110000011111111001100110001111110110011011101110010000101100111010000100001110001001010100110001111000011101000101101001101000101110000001111100111101100011011111010001111011000001111100011011000010010111111010010100011011010100011010101010100110110001010011011110011000010010001111101111101011000011001011100011111 
00111110101001010110111110110101110010000001011110111111110111010100010011100001101110101010110000111011010111011011101000110110110101011100101001011000001110111100011100111111111110000110110011000100110110110001001100100110100010011000001010011100111010001011011011000100011000011011000100011001100001010010110000100110101110111101001100100101111010011101110010111100100110111111100101011100000101010101111111111111001111011001100000010010101010010011011111111010111000011110011100100000101011001101110101010101 
10111101110011101100101101010111001011101001100001101010100010110001001111111110011011011001011001010111101111011000001111111100000101100110101101011001001111010101110001010111011110111000101011000000011110011100100000010000110011100000100111101001011000111101100110100101101111101001101110101111010111101000000001010011010001000110111101010110001100001000110110100100111001010010010110111000011101110101001010001100001110000111101000001011101000100010000110001101110101111111101101100110010101011111000101011111 
01001001101000000101111011010110111110011010110000010010101100000000110001000000100011100100000010101001001100010100000011010111110010110100110011011110110010110101100110001010001010101101101111110110010101011110101011001000010111010011011011110010100011000111001010100101110101011011101111100111000001111100101110001001000101000000001010001001000100101011001001111110010000011101001100000100101000010111001100100011010000100010001000001001011010100010001110001100000110100111100011000010100111010010000010000011 
00001110000100100100010100001010101000000100010010010110011111011001101001101010000000110001110101110110100001101000000010010101000011101011101111111110001110010010000100010001010100101100011101010110110001010001110100101100001001000011001101110010101110111010001011011110011010110110111000100100101100101100010000000100101001010011111010001110001000000100101000000000110010111010000011110001010110011110000000111100000100111010001101100011100001110110100111010110001010111110100000011111100100100110010111001011 
10000110011000110001101100000000101001010001100111010100010101001101101011000110110100111111100011111011010001101101001001110110100100001100000011100001100101110111110101000011000110011111101010111000011111011110001110001101101000110000100001110011101111010110101000110101110010100000000011100100011010010010000100001011100101100000110011011000111110110100110111110001010010001011110101000100100110111111101001111011111110111001000000000010001010000110011100010101100010001110000111010011100100000101110011000101 
00100011010110000111001001111000100111011000101010101010000100110100000101001100110100000011101010001001111100001111111111110010001011000011010101101100100001001011101110011000010110101000001110000001001010100000110100100000000100101100001010010011101000110101101010010111111011010100110001011000000000111000011010110010010100001001001100110001111110110100000000110001100001110010001001110100101001000101111011101110011100000010001010111000000101000011101111111101111000110010111010000000011101011001000011101111 
10110011100111011011011100110001011110011011011101111100110111011110111101011010101001110100110101001111101011011101110110000010001110100011001101000100111111010111010101101011110100111010010000110001110110111100001100100111111110010111101010111101011110000001101101011001010101110001011010101100010000100111110101111110111010000110101100010110001001010001110001010110111011110001101001111010101111101000101001010011111110101000001001010010001010001100101000001011110010000100110011000001111101011110101101100111 
01100111110011100011000111010100101101101101100110111111101010001011101110011010011100101100011101011010110010100100001100100101101001111110101010110011110010111001111111010110110100010010010110101001100111111100111011100101010101111100101000111101110110010101110001110110101010101001110001110001010010100101101010010000110010111000100100011010010000101111100001110011000001111111011011111010111110110101110101001101001100001101100110111101010110110011100111101000101000100111000111111001111111110100001100100001 
10110101101101101001000111001011000101011101010110000101110011011000101100010100111001011101011111011110000110110101110011111110010110111000100101100001001000001100001100111101010001111100000010000000000110101011100100001101101010101000111001100110000000100001100100000010101111100010100100100100110000101001110000101011000000110011011011000110110001011111100010111000011000100100000101111111010001011010011000101000010000111100001101101010010100000111001000110110111111001110011110100000001010011010001100011111 
10101011001110101100100010010111110000111110011111110001111100101100000110011111101110000010011001001010111011101001100101000100110111111111010010001000111011110110111110101011110100101000000101000001101010000101011100010110010111101100101011011011111100000101000000001011011011110011001100000011010000110101101000100100010110001011011010000100110000001111101101111001010111110111110111110000111000000111000111101101011111101100010101000110001110111000010111000001010101010010111001000110011001000111111000001111 
10011010110111111111111011101100100100011001101100111000001001011111100100100101111110011100111101000011101011110000100011010010110011110111100001001100101101010110111010010011100110101111001011100110110011010001001010100110001101110001010011100111010100101000010010010101101000100000101000111001110011101010001110000000111011000001011010000111101101110010100011101111100000100100001011011100011011010011011010010100111110111100101100110111100101000010111100011101100101111100111000000001101100100000111110111101 
01101000101000010110001000011111111001110010010100101110001110110011011101101011110110111101101111010101110101111110001000001011110011111000100010010111000110101110000110000100111101010100011010001101010010111111001100111101011100011111011001101101010001110000100110101011110001101001111011100111101000110110011100111010001101011010101110110010010111000111000001001101111001111011110101101111000111001000010011100100000001100101010000110000000110110111111101110110101101101001100100011101101001000111101001010111 
01011111010010001000000011001001110000001001101100101100010001101101011010010110111101101010101101110000111111111111011110110100100010110111011101000111011011011110101001100011100100111010110101100101000000011010100100100011001100110110001101100101100000001100000100001000000001000011111010110111101001100111101101111011000010000101001011101001101111011100001011000101000100110100111101110000100011101001100010010100110101000011000011101110100111010111000110110010100101001001001111111100011101010000101010110011 
01100110100000101010101001111000111100011101010111011000010001101101011110011100010100101101000111010011011000011001001000010010000011100101001011110011110000110111100000100001110010011010011000110111010011111010111111101001010110001001011111010010001111010100110110011111011011001010100110110110101110011101100101100010000001011101011100010110010101111110001001110010010000000001001110001000101000001111000011101101010110000110110110110101011011011101101111010001110010100111100000100001001010110111110000110001 
01101011010111001011111011001101100100000010101101111001001001100100010101111011110101110111011001100011110011100000001100011001011001011101011110000001101100111000010001111011010101010111111101000000111010001100101101110001010001011100111101010001111011111111101100101010100010101100101011001010111101100001010000011001001001010110110110010010010000100100000100100110010110000110011010110011111101111000110100100000000100100100011010110011010001100000101100010000011010111111100100000011010010011111100010111001 
00011111110001001100111001100100001011001000010101010111000010011101011000001011101000100010001001110011000100000001011100001011001011110100000000010000000100110110000100101000010001110100110111011001011011011001011101001110111000000101010111110000100100110010010100011011111001010000111000110110110110110001000011001111010101111110001111111010011011001000110110110001010100001001111001101110001101101010101010101001001100100111011010101111111011101100110110010011110001000111001011001101101010111000010100010111 
10100011111100101101101011101110111001101010010010110101001110100110001010100101000110000001011000001111000111010101001100001111000101001100001110001100000111010100111111011110111100111011101000100000001011100010001100000101010111110101101001001001101000111111111111110100100001101011001011100110001101001101111011111000110110101110101011000001101000110101010000101101111101111101101101010100110101100011010010010011110101010101000101010000101101001101010000100010101110111101001110011111100101000000111000001101 
00101000110010001100011100010001100010110100000000100010101000001100110000011001000100000011110111110111111010000011011000110100100010100010011111100111110110001100011011011101110011111111000000111001101001010001001011110010101100000111001110010001110000010100111001001101000101011100101011101001101111001110001000000001001101001001111110101111001110011001111111000111110101010001100100010111111111001001000000101011110100101010110010000011101011100100101010100110111000010001001001110101001100101000010011011011 
10110101011110010000111101100001111010111011010011100110001110011110000110001010000111111110011101100011010111011101010010100000101110010111011011111010100100101001100001101101110010100010010101011010000100100010000001011101101110111100100100110110101000111110000001111011100011001000000100010111110100010001101100100001110011110110010001101001000110000001000000000010111111001111010000101011011110011100110100100010000111100000111011101100011111010110111101010110010110010001111101101000101010110110101011001111 
00011001001000001010100100001011111010010101001001111111010101001100110110010111001011101110110010111101000101011000001010110111100110111110110001000011111110000000111111000001011101000111100110110110100100101110011010100000010010111011000000011101110010010010110100101110010101000000111010101110110011100101100101101000000000101101011001111011000010110010010110110001110110011001010100101000101011000011111010001100000110101101111001111001111011010101111100111010001101011111001000101111110010011111000010000001 
01001001100111111101001111000100001001110100110001011101111000111100011001001011001011010110110000010111101010101101011010001000101110001000010001010011101010011000110011010000101100111111100000001010010001110000111101110100101010000100011010111110100110100101100011011011111111011000111100010000101001000011011001110110111101100101110100101110100010001000100011011011110001101101001101101100101101000110110100101101010010111101111011011100101001010100110101000100100011011011101001010110000100001011001111110111 
10101001010100110000111111000010000110000010101110111010111101101000011000000001010111110011010001100001011111111100011011001111000100101011010000101100000110000100010011110110100001111101100011010000100010110011101100000110000001000011000111010010111111101000001101000101110111111111101100101011010110011011001010100100100000101000111000011101111001110110101000001011100100000010000010110110110001010001010011011111001011010101001101001110101110000111111101110101011111011111000100000010111010000110010010001111 
11010010001011101110110100111100000010111110100110010011001000011011011101111000111100011010110101010000100101111011101001010011110110111110011110000101110111001010011010100101111100010101001100000101010110010111110111110101110000010001001001110000010001101010111110110100100111111100100100000110010110010000101111101100100000001101010100001000101111011011111111011111110111011011111110011010111100100001100100101111101100101001101100011101110111110101101101000001000010100101011110011011110001110001111011111101 
10000011011011001100001011100111101100111011101000110011011001011001000110000110110011100101011101001010001110101110100111110010011000000110100110101000011011011100011110010100111100100000001010110010000110111010101001011000000110000100011000011000111100111000100000010000011110000100100000101000001000010010100110011011111100110000100001000110010110110101101000000011010110100001111110101111000011000110001100001100011101011010111011100000111111010100001000100110011000101000110000001010100111101000001100011101 
11111011110011001110000101000111001111110101010000101010001101001001111010010000010011001110110001001011111111110101010100101111001010011001000101100000100011011110111011100000111010011011101001111100100110111010101011100101010001001100011111111101011101001000101101010110111010100111111111011101011010110111000001110001011101100111010110001000111111011110100110111011010101010000000101001000000100110010111111000011010101011010111111100011010011000001111110001111010010110000100101101111111111001110110100011111 
01010011001100000010001010111101100111101100000101111011101010011110110110010010001001010100111011110011101011111111011111101000100010101101101100111001011011101111110011011111100101001101110111110101000011011001100100011010000110010100110001111101011011100000111000111110110110101110001001101101101101000010111110110101101010011001101011000011100111100111101110001101010101110100000011010011110000010110000110110111000010111011001100101000001110110111101101101101110010101100111001111010111111001001001110000011 
10100010100110100011100101100011100010001000101010010110010010101000010111101110100010100101111001110100000110111100101010111011110110101000010000110010001101011000000100000010101101100000000110100101011000000010011010000100000000001001111001011010000110011101000010001001011100101101001100101000000100001110011101001100110001001101000010010100100011101100000010100011101110101011100011011111111110100001111010001001111101011001111111011110010001001010110100110010010000101001001100101100110000000100110100110011 
10110000001010011001100000110000011111110011100011000101100000000010010101010001111110001001000111100010000100100000011000011110111010110110010011001001011001010011011110111111010011110000100101000101001101110010010010011101010100100001110110000011110001001100010000001010001101100010010011000101010111100011000100010001011111101010001111011001110011101101001111001100101000000000111111001000110101001000010011011101100100110110101101111110111000010011001010010110000000110001101100110001111010000001101011001011 
01011111000111100111110011011101101010101011110001101110111100100011110000010101010010100010111110110000110100101101110110010100110101010101010000110110110010100100101010010111001110010010001101111110010101001011011110111001111000100010110111000000111111010001011001101011000110110100010100101111010110111110001001101101110010110110100011110110100010101111101000000101100100001001101111010011101000001001101010111101001011011011100111110110011010011101010110010111001010001100110011010100110111010011110100011011 
10001101110111001011001110100000110010011110111001001001111110101001001100011010010111111010110010110010110101110110111000101010011010001110110101000111110000001110110101011110010000111000110010001001000111110100111000000001011001110001011100101000110101010010101111110010100000110100100001010000111000101001100010011101100011010100110000100000010100110110101000010010110100010010001000110101001010101110000010000011100110110101010101001110001000100001100011011001100111010000110110011000111000010000101011110011 
11110011000001110111100110001110100010001111000111010001000100101011011011010110110101111001011101010000010110110100010111101011001011100010001011001111101011010110001011010110110000101101001110001010111100001111100001011010101101010011000100111101111101111110110111000101000110110110111001011010110100101110110001011011110110001000110110111111110010001111101111110100000010010001010110100101010101011110001101000110001011111000110010010111111101001111111111000010000010010110101011101100111000010011110010000111 
00000011000000111011111111011101001011000100011101100111111110010110011001110101010000110010110110001110101010100100111011011000100110001011001000111001010101000100010010000000000111110010110100100011111001010100100110001001100000010011000110011000001110110110001011101011110010011000001000110101100011000001111011000011000100110100101110100001011001010110011000000000000001110001011110001111101010000001100000101110011010111001100000110010010101001000001110100011101000001000100110011011011100100010000110111001 
11011101001011010101000110001100100111101111101111100000110101011000110011100011011001101101111101111101010011011111000111110110101010100011011101111010001000001110001111110010101111101011010010100111001101010011010111101000011000011100110100110010010101101000001100101101011010110110101011011101111000110100001010100111010011110100111011101000001000001111110101011011001001110110100010111001111011101111000011101000001111011000110111011110110110110010110100100101001010111011000101100100011110010101100101100001 
01100010001011111111101111111111111111001010011111000101000111001000111010100001110011111011001101100100010111011110011010010010001101000011011100101001101010000000011101100101101011001001101111011011100000101010011001110000111100001000001000000100110010111101101101101100011100001100100010111011110110011100010110000001110110110000100110011111000111001100110100001011101100100110111000111101000111010001010110011101111010011000101100100111110101100100000111110001101000100110111000110100100110010100000111100011 
00100010001000110011100101001000100101100111101111110000111000000110110000101111001111111001101111010001011010010110010010010010110001000110111111010111011100001101100010011111010100000111001110101011001001000011010101111100111110101011001000000110111001111011010111111000101010111111000011010100010101100100001110110100000111011010100111110010111000100001000000110110111010001011000100110100011100011000010001011110000001111101100000110011101010111001010111100101111110111110111010111100000101110101101001001011 
11111100111000001001000100101001010011100100111100001011110001010101111110011011100010101100110101111101110100000000001110101100101110110100001001000101100111110010000111000110001000110110010100111111000101110010101000011100100011110011110110101000111011101011100000011111100101110100100010011010011000101100100110111011001101100011100110011001001011110101101001100010011101110001010110001110001001111111111110011000000110101100000011000110011110011100101011001100100000101000010000101101010000010010000000110001 
11100000001011001100110111001111000110011010000101111101001011110100011111000011001000110011000000110011110101111111011001011111001100000010111100010101000011100100101011010100100101110110010101110010001001101110010110011110010001010110001011110101110110001110000011011010011010000101111011111110000011000000101010111011001011000000001011000011011010011100000101011110101011111101100111101000000110011100010001010010011101010010111110000000101010110101010010100000000001001110010110110011001010100100011001110001 
01110011011110101000000111001010100000110110100111111001010100010001101111001010101111101111010100101100100010000101100010101011100010000001110010100011100101101010101100010111111111011110011000010110011110101111010010110000110011001011000011100001110110111001110100001010101111010011101011100000100100001111010101111001011011101110010111001001001011000011000111100100110101000111110010111111011101110000011011001001001011100100001100010111100110010011010010000111010111010111110000001011111010111101001100101101 
01001100111111001110111100000100100111100000100111101110111111110001001001100011110010001011001011000001010001101111111100010011010111100001101111010110011110111010000111101000111101000000011000001110000110110001110001000110101110101100111110100011111010010001001100101010111011100111110100110110001101001110111101110001010111000010000010010100101101100001001101010001110010011111011010001001011000111001011101000010101011010000001010100000010010110010000000100101001011101111011101110010000111011110100110001111 
10111010110111110100010011100110010001011100010000110001001001100001110101110101100010100111111110101010110110001000101001111011100101010101101011100101010110010110001000110011001010011101101000010111010000111101111010000111100001110101100101010101110010001011010000111001000001101110000010000111011001111011111010100110110111000101101000111011010101011111011110101010010001000010110101011110001011100111001100110000011011101111001001111110100101000011111001101101100000010001001011101001000011111011001111001001 
11110001010001000010011111011000110110010001110110110110001011101110000000000011100001101110100011011101111100111100000001111000001011011100001101101110100110001101001101110000000110011111101011110101100010111000100111000011001001000111011010111100100010010011000100101111000101001000100000111000001000011010111100111010000000111111000100101110000011001001110110000101101001010000110010000011101010100010001111100000110101110100100001001010111000100010111100011000101010110101001101000101101000011000100001010111 
10110001100000001110000111000000001010110100010111101000000110110001011000100100001100001000011101101011011011100100011000111111000001001101011000000100000001110101001100100100010001000100001101101001110111000001110100101111000010000111111100111111100100000110011100010110110001101101000010000111000000111101001011000100001100100100001011010110001100011010100001110000011010001011101111001110101010010101011110011110100110001011011110010110010001011001101000000010111100110000111010101100001000110011100101110101 
11100110001010111110110010010000110110100011010010010001111100000001000111010111100101100011101110011101110010111011100001100010111110100101000011110110111000000111100100010111110010001110100011010011110101010101010001000110000001010101111101001010100100101011100011110100111111100001110000010110101101100001111110000101101010111010011110011100111010101101011111001010101001100110110101111101111111010010110100011111011010010000000100010010010110001111011100010010111110010010111011010011110100110110100110110011 
10110101001010001001110010111110010101110001110110000001111101011110110100010101111100111010000111000110001111111111001001111101010011010001011110011101101010000000100001001100000101000100010000010010010001111110110001001110111001110111100000100101100101101100100011010000111110000001110101011110000000000100011111111011010000101101101110110011100011100111010010011111011100101010101111100000100000110111110001010110110011110101000011000110100001100010100001111101100010001010010011010010001110011101110001101011 
11110110111101110100000111010111111001110100101110001111101000010011001110010010010101000000100000011111101110101010001001011110111000011111100101111110110001110101000100111111110010100101001100101110000010000001011000111000011100110111011101111011101000010100000110001001101110100100101001100110010111001000110000100110110010001111000001011001001000000010010010100101101100111110001101111011110001000100101010111100001010111001011100000110010101000010011110111101011101011000000100010010010100110001010101110001 
01101000001111100111010110010100000100101101000111110110101100101110000110100101001111011011010110011111000000111000110011010110111001001110101100010000011101111110101011011111100001000100000011001110101000011011100000011001111110001101010100110000111111010110111011101101111100011110101011100000001111111010011011110110000001001001110111101110100010101100000110101101001111101100000110101001001001101011001011111101110000010100010110100010101011000110101110010011100110110111100111011010011111110010000101101011 
00100000011001000010110110001011101001010000001010101101000110010011001001011101010111100101101010110011011100110100010100001000001001011100100001100110110000001100000000010011001100000100001001101001111010010001011111100110101001100001000011101111110011011010110100100001010011101111000011000100101100010100100011101110110111100110010010010011110100101111011000111000001010011100000110111000110000110111110100111100001001010110101100100111100111011111110111001011011101001101110111010111010011001010001101010101 
10111011011100111000001000111000100011111001001010001101110111001001101000000010110011011110011110011010101011000010000001111101100001011111001110101001110100010110110110111111111000110111010101100010110011010110011100111010001101101110101010101110000000001100101000101011110100000100100100110011111111110000011011000010111110010011100100000100101010110110011011101100111101110101110000111011010001011110100011011100010010011100010011111000011101010110110110010001010101101011010100101111110001011001111010110001 
01011110010101011101011001000001000011011001000001110010010100011000111101110101001011001000111010000100100001110100001101011100010001000101011100111001000000000000110000100001010001101100101111010110011110010000111100001110110110000000110001011111010000111111111011111110101011011111101111001100100001101001101101010111101001010101011110101100001101101001001111011101110010101101010001010101110000111100001111100010001100001011100010000010100100010001001110010010001010111110000011011110110001100100011101100011 
11011001100110010110100110001101000111111011111111101010000100010101100001011110111100101000001010010001111100110101110010100011010101001100000000000100111100010011101111101010100010000100001001101000010011101010001111101101110011110001110011001111000010001100010111111110101001101110000111011111011110111011100111110110100000010011110110000101001000110011111101101010011110011000100101001111110010011011111110100100001000010101011011100001101010000000010111000001110001111110111010001011101001111011111111000101 
