11001000000001010000011110001010010010001110010010110000000110100011010001110010010000000111000011101110011110010110010001010010001100111111010010111110010000000110111010001001010001010101000101101010011111011001011010111100011100011011001000101100111110111011110101111100011011011100101101101001001011001100001010100101001001101000101010010000100100010101000110100000000011000101010001101111001000000011110000100101000010111001011100000011100110100000111001000110001001000001001010001001111000001010000101100000 
10101001011001100011011100110110110000001100100110010000111100001101001001011000000100000001101111000000001110000101001001111001010100011101010101111110110101000110111011011111101100001111100010100110110011111111111101110000011111100100011110001011110110111101100100111101110011110001011101001101110001111011010100111111111111100101010011000010001000101010001011001010011001101111101111100001001110010001111001011010101111010001011100010111001111011100111011010110101000111100101101101011111011100011100110001010 
10101001011001100011011100110110110000001100100110010000111100001101001001011000000100000001101111000000001110000101001001111001010100011101010101111110110101000110111011011111101100001111100010100110110011111111111101110000011111100100011110001011110110111101100100111101110011110001011101001101110001111011010100111111111111100101010011000010001000101010001011001010011001101111101111100001001110010001111001011010101111010001011100010111001111011100111011010110101000111100101101101011111011100011100110001010 
11001000000001010000011110001010010010001110010010110000000110100011010001110010010000000111000011101110011110010110010001010010001100111111010010111110010000000110111010001001010001010101000101101010011111011001011010111100011100011011001000101100111110111011110101111100011011011100101101101001001011001100001010100101001001101000101010010000100100010101000110100000000011000101010001101111001000000011110000100101000010111001011100000011100110100000111001000110001001000001001010001001111000001010000101100000 
10111111010000000101010110101010011111100110101010001100011010111010010001010010000110011011001010100101000000010011000001101100010010110110001010111001000100100011001101011010000000101010110001100010010110011000111110101100101000000000101110010100110101101100000001010111011010101010111111000010011110010101011010011000101111001000101001100101000001100111101110001010000011110001100101001000110110100010001001010000100110000011000101000110011100011111000100101011001000001010000000011110111010101101010001100110 
00010100111000000100000000010010001100001001010111000010111011001101010010100001100001111111010011100101110110110000011101010111010010011000100000100101100111111110001101010100101111111110000000000100111001010000000110011100011001111100001100010010001111000000000001100010000111101001101010110001010001100011110000000001011111000100101010000110001010111110111011001000111111100110101001101111000000100011011010101101101100000010010100001000100101110011111000011000011001101111111111100110110011000001000001010100 
11010011010010111101111101011101110101111001101011001110110010001010101011010101011110011011101100010000111111101100000000111011000000100010001110010000100100010111001000110001001101100010011010010000101100001010100111100010100011111100000001000011110010001110000001001011011000001110001011011010001011100110001101000000000100111110010101000011000111000000110100100000000010011111010010010000110111001010100010110011111011110101110101010001110000110000010001100000100110001101110000110111101001010010010010011110 
10111111010000000101010110101010011111100110101010001100011010111010010001010010000110011011001010100101000000010011000001101100010010110110001010111001000100100011001101011010000000101010110001100010010110011000111110101100101000000000101110010100110101101100000001010111011010101010111111000010011110010101011010011000101111001000101001100101000001100111101110001010000011110001100101001000110110100010001001010000100110000011000101000110011100011111000100101011001000001010000000011110111010101101010001100110 
11010011010010111101111101011101110101111001101011001110110010001010101011010101011110011011101100010000111111101100000000111011000000100010001110010000100100010111001000110001001101100010011010010000101100001010100111100010100011111100000001000011110010001110000001001011011000001110001011011010001011100110001101000000000100111110010101000011000111000000110100100000000010011111010010010000110111001010100010110011111011110101110101010001110000110000010001100000100110001101110000110111101001010010010010011110 
00010100111000000100000000010010001100001001010111000010111011001101010010100001100001111111010011100101110110110000011101010111010010011000100000100101100111111110001101010100101111111110000000000100111001010000000110011100011001111100001100010010001111000000000001100010000111101001101010110001010001100011110000000001011111000100101010000110001010111110111011001000111111100110101001101111000000100011011010101101101100000010010100001000100101110011111000011000011001101111111111100110110011000001000001010100 
00011100001001111111000101100001011111111111101010011010110000100011100001010110010000101101000110000001111000110110000110110001000000100011101000001101010101101100011011000001001111001011010101101001000111011000000010000000101101111011111010110111101100010100101010011100011111110000010100011110000110111101001000010001001000100111000000110111010110101111100010000101101101010010001111001011011100100010000110000000010001000110011001101100011001101000000100011110010101001101101000011110101010110101100010111101 
00011100001001111111000101100001011111111111101010011010110000100011100001010110010000101101000110000001111000110110000110110001000000100011101000001101010101101100011011000001001111001011010101101001000111011000000010000000101101111011111010110111101100010100101010011100011111110000010100011110000110111101001000010001001000100111000000110111010110101111100010000101101101010010001111001011011100100010000110000000010001000110011001101100011001101000000100011110010101001101101000011110101010110101100010111101 
00000000010001110011110100110111100001110011011000011110111110100001110011001101001101111110111001111110100111111000011010110101010101000000010000001110101011101110011011100110110100011110000110011000001010011100010111000111001111111110111101011001101101001101000011111100000001011110001100001001000000110011001010111011101100111110001010011111111011101100000101011110110111001000000110000001000000101000101001001010100001011101001010000011001111111011011111111001001010011001100011000101010101001111111101110110 
10111101101001110010001001011000011010111100100010011010000010010110011111000001111001111010111111111101000000001000111110101110010010101101101001011100011110001110011110001000011000001101100011001010110111100101111001110010001000001111101010110111001001101010110111000001011001000010110000001110111000001001011110110011001010100111001010110001010100001101110100010110100000100111100011010001011010101001010101111110110001110111110001001001011110000000001001111001100100000100001001001011001100100000000000001011 
00101111010000000010101010001000001010101100001100100111001101011010010110011001011001001111100000100010010000101000010111001011101110100000011011000100000001111111110000111111110011001100001110100111000011000011101100100110001010111010011110010011011001011110010101110100010000110010010100101011100011000011000011101001010100101000000011000000010001000011111111011001101100010001100111101001001101110011010011111100101000011011001001101101110001111111100010111111000100000100100001111011001111001000100011100101 
10110010010011101011000001111100011011101000110111001110011010001001100111100010101101011011110101111000001100110101111110001001110100000010111010001101110010011101011100100100111100101110111001001011101001010001000111110111000110011101110101101100100101101010101010011111110000110001010110110100010000100011110100110011010110110010001100101010111110100101001000011011000001011011111001101011000011111100100000111010000100100011101110011010100011010100111001101110101010000001110011010000111001010001100100111011 
00101111010000000010101010001000001010101100001100100111001101011010010110011001011001001111100000100010010000101000010111001011101110100000011011000100000001111111110000111111110011001100001110100111000011000011101100100110001010111010011110010011011001011110010101110100010000110010010100101011100011000011000011101001010100101000000011000000010001000011111111011001101100010001100111101001001101110011010011111100101000011011001001101101110001111111100010111111000100000100100001111011001111001000100011100101 
01011111101100010001000101000111001010110111011001000111110000001001101010001111000001011111101100101110100011110011100001100001011000001010100111001101111101101101111100101101010000110011111001001111101010111111000110010111000100000011010100110011011010101011111001011111000111001110111000110010011000001001011110001110011000111111010101001001101111011100011100101001011000101011111100000110110111010100010110110100110000010111000111101010000110101100111010111000011000100101001011011101010100110110000011010010 
11101111000111110010101011100011111101101100100011110101100001001001111011110110110110000001100011101011110001110101101110100100100111110000001101111001010011110010010110011010010010101100010100111010101101001101010110001110111111001100100111010101101101111111100111000100100111100001011011111010101110101100110010101010101100001001101010111100100110110010100101010011001111010111000000110000010010001111110101000010110000101001010011001101001101000000001010110000011011101111010100000011000001001111111001111011 
10111101101001110010001001011000011010111100100010011010000010010110011111000001111001111010111111111101000000001000111110101110010010101101101001011100011110001110011110001000011000001101100011001010110111100101111001110010001000001111101010110111001001101010110111000001011001000010110000001110111000001001011110110011001010100111001010110001010100001101110100010110100000100111100011010001011010101001010101111110110001110111110001001001011110000000001001111001100100000100001001001011001100100000000000001011 
11101111000111110010101011100011111101101100100011110101100001001001111011110110110110000001100011101011110001110101101110100100100111110000001101111001010011110010010110011010010010101100010100111010101101001101010110001110111111001100100111010101101101111111100111000100100111100001011011111010101110101100110010101010101100001001101010111100100110110010100101010011001111010111000000110000010010001111110101000010110000101001010011001101001101000000001010110000011011101111010100000011000001001111111001111011 
01011001001000011001101000011001110110110000111000011100011110001011010010000101000000010000110110111111110000111000011110010000001000010010001010101110110010011011001101010100000111111100111111111110000011011100011110100011000100000001011101111111011011101000001101101010111100000110000000111111000100101100001000111000010100010010101100111001111000110111011111010000010111100111111000101010101000100011101011110111110101001001000111110000011000000001110010100001110011010000111111101001111111111000000100011001 
00001111100111001010000010100000111100000110010101110110001011010010010101110101110000101100111010100001010000011001101111110100100101101100010101100000010010011111001001001101011011010010100001111001111101001001101010101010100001101100011110010111111001111010001110010100000010000111111101011111100100001010001111001010110001000001000010010100010010000100010111110111000111100000011001110001011001101100100100010100001011011000101001011100110111101110111011101101001001101011010011101100110011000000101011011001 
01010010110011110111000000011011010101110011000011011010000001000010011010000001001011000000001100111101001011110111110111011011011001000000101010010111101100111100000100000010111111001101001111111011100100111001010011111100001000101100110001110110011100010010111101110110110000111110010110001011111010110110101100111110110110000100100011010100000011110000001111001011000101101110100001101000000000001100101111111100111101101011101100101001011001010110111001001011010011011100111111101110101010000010101101000011 
00100001000011110011100000000000111101111011010101101011110110001000000000001100101111001011111101001111101010001101100001010110111010100001100110100100101101000000010100011010100011100010010111000110011001101110001100011001101000000101111101100110110011100010100010110010011111011100010001011000101001000101001110011100111011110111100001101111010100000011010011100111111010001001100111011110101111100111011010011110100100010100110011000111110111000011011001001001001100100001110000000101010101111100101101011101 
01011111101100010001000101000111001010110111011001000111110000001001101010001111000001011111101100101110100011110011100001100001011000001010100111001101111101101101111100101101010000110011111001001111101010111111000110010111000100000011010100110011011010101011111001011111000111001110111000110010011000001001011110001110011000111111010101001001101111011100011100101001011000101011111100000110110111010100010110110100110000010111000111101010000110101100111010111000011000100101001011011101010100110110000011010010 
11100101010100010001101011001011111000111110111010010000111000011110001000010110001111110010111010100100001111101011010000010100000101010111101011000000101110010111111110111000000000010111111101111110011000011111011011100101101110100010010111100000010010100110010001011000100100111001101010111100110000100100010111000101100111000100000011111010111101100011011101101101101010000001011110100001010001100111010110011110000000111100110000100000101100110000001010110001000100110011100010111011100010100101100010111101 
10110010111100010000111111111101101110100011110110011011100011111110101101111101011110011110100111101001000110111001110011001010000111001001100010101010100000101100100010000101011011101001010100000011001111100011001011111100001100100100001111111111100010010011000001100111010010110110110101101100101011111010100110000001100011100101011000001010000101111110010001100010101011011111001010101110110000100101110011011000110100010111011111010110011101110110101111110111001100101110011011001101101111000010111011000101 
11110001110010001100001100111000000110100111111101010001000100100100110101010111011101011100001011001111001101000011011100001011111001101000010001100010110001011011001010100100111010010001111000000001000110000001100011000010001100001110100111011110010010101101001000110010101010101110010101011111000111111001000000101110001000000100110101100001111000110111110000100011010111001011001011100001000001010001111000110111101010111101100101111100011110111010001000010111100011011011111001001100001111000000010110100011 
10011010011001001110110110110001101011111010101011000100011111011001011100001011000010010010000111011001111110011000111110100001010010010011100111000000100010001001010000101011011111000000110100001001100111100101011111111000000110101001000101010101011111010001000101011010111100010111000111111110010000101101000110101100110111101100001011001000111101100100011011111000110010011000101000000111010111101101110001101011001011000111001110100111000010001011101100000010001100111000111011101011000110100111111011010111 
00011011100000110000001011100110010001011001011010001010111100000110101100000011100101001111010011000111011000111000001011101100000101101101010001000000100000100010101100111010000100001101101111111101101111010110101011100100011101000100011000011100111101110000010110101001101010110001011101011000110100110100010111111110101011110101001001110001000010100101100011011110001001111101001001101001010010010110000110000100000111010111010011110111100011110100100000110100010101110101001110101010110110001010001001110111 
10110010010011101011000001111100011011101000110111001110011010001001100111100010101101011011110101111000001100110101111110001001110100000010111010001101110010011101011100100100111100101110111001001011101001010001000111110111000110011101110101101100100101101010101010011111110000110001010110110100010000100011110100110011010110110010001100101010111110100101001000011011000001011011111001101011000011111100100000111010000100100011101110011010100011010100111001101110101010000001110011010000111001010001100100111011 
00011011100000110000001011100110010001011001011010001010111100000110101100000011100101001111010011000111011000111000001011101100000101101101010001000000100000100010101100111010000100001101101111111101101111010110101011100100011101000100011000011100111101110000010110101001101010110001011101011000110100110100010111111110101011110101001001110001000010100101100011011110001001111101001001101001010010010110000110000100000111010111010011110111100011110100100000110100010101110101001110101010110110001010001001110111 
10011010011001001110110110110001101011111010101011000100011111011001011100001011000010010010000111011001111110011000111110100001010010010011100111000000100010001001010000101011011111000000110100001001100111100101011111111000000110101001000101010101011111010001000101011010111100010111000111111110010000101101000110101100110111101100001011001000111101100100011011111000110010011000101000000111010111101101110001101011001011000111001110100111000010001011101100000010001100111000111011101011000110100111111011010111 
11110001110010001100001100111000000110100111111101010001000100100100110101010111011101011100001011001111001101000011011100001011111001101000010001100010110001011011001010100100111010010001111000000001000110000001100011000010001100001110100111011110010010101101001000110010101010101110010101011111000111111001000000101110001000000100110101100001111000110111110000100011010111001011001011100001000001010001111000110111101010111101100101111100011110111010001000010111100011011011111001001100001111000000010110100011 
11100101010100010001101011001011111000111110111010010000111000011110001000010110001111110010111010100100001111101011010000010100000101010111101011000000101110010111111110111000000000010111111101111110011000011111011011100101101110100010010111100000010010100110010001011000100100111001101010111100110000100100010111000101100111000100000011111010111101100011011101101101101010000001011110100001010001100111010110011110000000111100110000100000101100110000001010110001000100110011100010111011100010100101100010111101 
01011001001000011001101000011001110110110000111000011100011110001011010010000101000000010000110110111111110000111000011110010000001000010010001010101110110010011011001101010100000111111100111111111110000011011100011110100011000100000001011101111111011011101000001101101010111100000110000000111111000100101100001000111000010100010010101100111001111000110111011111010000010111100111111000101010101000100011101011110111110101001001000111110000011000000001110010100001110011010000111111101001111111111000000100011001 
01010010110011110111000000011011010101110011000011011010000001000010011010000001001011000000001100111101001011110111110111011011011001000000101010010111101100111100000100000010111111001101001111111011100100111001010011111100001000101100110001110110011100010010111101110110110000111110010110001011111010110110101100111110110110000100100011010100000011110000001111001011000101101110100001101000000000001100101111111100111101101011101100101001011001010110111001001011010011011100111111101110101010000010101101000011 
00000000010001110011110100110111100001110011011000011110111110100001110011001101001101111110111001111110100111111000011010110101010101000000010000001110101011101110011011100110110100011110000110011000001010011100010111000111001111111110111101011001101101001101000011111100000001011110001100001001000000110011001010111011101100111110001010011111111011101100000101011110110111001000000110000001000000101000101001001010100001011101001010000011001111111011011111111001001010011001100011000101010101001111111101110110 
00100001000011110011100000000000111101111011010101101011110110001000000000001100101111001011111101001111101010001101100001010110111010100001100110100100101101000000010100011010100011100010010111000110011001101110001100011001101000000101111101100110110011100010100010110010011111011100010001011000101001000101001110011100111011110111100001101111010100000011010011100111111010001001100111011110101111100111011010011110100100010100110011000111110111000011011001001001001100100001110000000101010101111100101101011101 
00001111100111001010000010100000111100000110010101110110001011010010010101110101110000101100111010100001010000011001101111110100100101101100010101100000010010011111001001001101011011010010100001111001111101001001101010101010100001101100011110010111111001111010001110010100000010000111111101011111100100001010001111001010110001000001000010010100010010000100010111110111000111100000011001110001011001101100100100010100001011011000101001011100110111101110111011101101001001101011010011101100110011000000101011011001 
10110010111100010000111111111101101110100011110110011011100011111110101101111101011110011110100111101001000110111001110011001010000111001001100010101010100000101100100010000101011011101001010100000011001111100011001011111100001100100100001111111111100010010011000001100111010010110110110101101100101011111010100110000001100011100101011000001010000101111110010001100010101011011111001010101110110000100101110011011000110100010111011111010110011101110110101111110111001100101110011011001101101111000010111011000101 
11010110100010110111010111101011001010011101110010100111110011111101111111111111000110000010100111001111100110001100010001111100101100011111001101000011010101001000001001010001100101010111000101001101110001011011011100001100100011000110010111100000101110101100100101001100100101110001100011011010011011010101111000011011011101110100111100000100101101001100111000110111000111110110111011100010111111010100101110111011101000101011111000100110010001010101101100000101101011111000001111011100001000111101000110001011 
11110101100110111010011111101000100101011010110010001011010110101110010110111000000110111110101101000111011111000011000011110010001101101100011100000111100110100110000000011001000111001111101100101101111001000010010010011000111101100010010001011100001101110111001001010001001100100110111111110011111000011110111110010110001011001000100111111000001000101000001100111100010110111110010010010111001111010111000100001111011111101011111110111000100000100010010000110111111101011010001110111010101101100000111101000111 
01011001101011110001000110111011111010101010101101011110101111010001000001010101111101010110000111101100000000001101011000100111011100111000011001100101100001000000100010100011011000010000101011001011001111001110001111001100110101001001101001000101000011100101110001001100000101010000101111100111001110110010111010001111110101100010111110010110010010000001100010001110111001101011100101101101001100100111010111111010010110001101101110101110010010100010110000101010000111100110011000011101010001011101101011011001 
01111111100111101010100001010001110001100011001001010001100100100100001110011101101000000000010010001100010010001110100011100110011011100001001110001110100001111111001111110000000100110011100001110110101001110000110101110110101100100110001011001101001000100110011100001111010100011000000100010000001111000011101110110101111000000110111000111111111011010100010100010011001011011010001111000111101001111110100100110001001111110100101111101001101001110111101010111001010000100011110011101000100011001110011111011111 
01001001100111100101111111010001000111010110010110111110111010111110000011010001101110011000111111011001101101111101101101101010100000000110001111100100011101100101101011010101101101101010101010100011011100100101010011110101001101111101100010101100110010010001010100010001101010100100010111011001000011000110000010111101000100001110011011010011001101000000000111111110100001000010011000011001111100011011000111100011001101010000000000001000101110011010000011111001011001111100001011011100010111011100010010011001 
01100101110000010001100110110100011111010010011010000011000001110101001001001110001001100010010100110101010100011010000011101010001010011011100110111001011000110100110111000111111101111100100010001101010011001010100001001001010111001100010010010100010100011101101111111010110100101100001110010111111001111011010000101011100110110111000110001110000000011011101011010110010011000111000011010011000010100010111001111010001010011000110010010000010100001101001100110110100001100000111110010001010000010001011010001101 
01010010101010010100001111101101011000110011101110011100000000001011000011011101101111111101001111101111010001111000110010001110100001001111111100010001101101111111000011111000011100101110110110110110110110111010111001010001100101011110011110110100110001011010111011000010011011100100100011011101000000101101111000100000011111101010000001011011111101001111111101010010100101100001110011001101011010100101111001110001000000101010101010011100010000010011101010100110111100011111000011001110110001110011010101111111 
11010100001100010101111110010010101010010111000010000011011010010000011011010010100001110101111011101100100011011011000001111011110000011100001110000101010010100100110100110111001111001010010111001100011101001111100111100100011111110111000000110101101110001110100110101101011001010010000101010111011110111010111000011011011001100111011000001101011111110001111000101001101110000001111001111110100100111110001111000100111011001011001011111011111001101011010011010110101100101011001101100101111011100111111000110011 
01110000011000101110010110000101000111111110110010100100111000000111010111101101000010001010010011011010011000000010110010111010010010101111111100101110100101001011001001001001100001110000110100001110000110001010011011001000011001101100000111111110001010110011101101001110000111101010011011100011111101010100110110101001000011010011010111111100110000111011011011010101111111010010010011011001001001001010001101001110111101000100001011111101111110100001010100101010111100111110101100011101100011100011010001011001 
11011101111010100100100001111011011010001011100110010101001110001100000100110100000011011000100011101111101110011010000100010111010111101001110000011111100010000110100000110011001101011111010011000101011100110000100011101110110001010001100110100011101000000000100010111010001111011101011001011011100000100111010000110000111001110110011010110110101111011010101111001111100001001111100101110000010010000001111011010110001101000101101000111101110111011001100111000100100011011111000111000100110101111011100001010001 
10001111110111000011011011011011100001001110010111100100010011110001111000001011001110001100000111001011100001010100111101000100000110001100111101110010110010111010110111100111011010001110000100010110011011011100101001110000000111011001000011110111011101001011101001101110111010111010111010101011111001010100100110010001101100011000001110101000001000111010100111001001101100010100101110111101011011001010000101111000101011100100011101001111101010010101101111110110000010000001111110111111100111010001001111111101 
10111111101000101011011011111110101100000000010011011100110110001001010111001101011011001010011000001000001011101010100000000001110100110101111011101010001110100001011010101011101000010101101100100011111110110011110001110100010111101100001011100011110011010110110110010001101001000101101111010010101111101001100000010001101101111001011110001101001100010001110111011001100100110100110011110001101111100110101111011110011111010111111100100011011110001111011000101110010110010100011110001100100101010111001010101001 
11011101000110100111011100000111001011010111111000111110111011011000010101011010111111111001100110110101110100111111011111001001111011000100100011100001111100101010100110101100110110011010011000110000111001000101100001101110111011000000111110001111000101100011001111101001110111111111011011010001111011001110011100110011011100101001110100110001101111111000001001010110111011001100110111010111000101010111100110000000000001111110001100010011010001101011001101010010001010000001110100111111001001001010010000001001 
11010110100010110111010111101011001010011101110010100111110011111101111111111111000110000010100111001111100110001100010001111100101100011111001101000011010101001000001001010001100101010111000101001101110001011011011100001100100011000110010111100000101110101100100101001100100101110001100011011010011011010101111000011011011101110100111100000100101101001100111000110111000111110110111011100010111111010100101110111011101000101011111000100110010001010101101100000101101011111000001111011100001000111101000110001011 
11110101100110111010011111101000100101011010110010001011010110101110010110111000000110111110101101000111011111000011000011110010001101101100011100000111100110100110000000011001000111001111101100101101111001000010010010011000111101100010010001011100001101110111001001010001001100100110111111110011111000011110111110010110001011001000100111111000001000101000001100111100010110111110010010010111001111010111000100001111011111101011111110111000100000100010010000110111111101011010001110111010101101100000111101000111 
01110000011000101110010110000101000111111110110010100100111000000111010111101101000010001010010011011010011000000010110010111010010010101111111100101110100101001011001001001001100001110000110100001110000110001010011011001000011001101100000111111110001010110011101101001110000111101010011011100011111101010100110110101001000011010011010111111100110000111011011011010101111111010010010011011001001001001010001101001110111101000100001011111101111110100001010100101010111100111110101100011101100011100011010001011001 
11010100001100010101111110010010101010010111000010000011011010010000011011010010100001110101111011101100100011011011000001111011110000011100001110000101010010100100110100110111001111001010010111001100011101001111100111100100011111110111000000110101101110001110100110101101011001010010000101010111011110111010111000011011011001100111011000001101011111110001111000101001101110000001111001111110100100111110001111000100111011001011001011111011111001101011010011010110101100101011001101100101111011100111111000110011 
01011001101011110001000110111011111010101010101101011110101111010001000001010101111101010110000111101100000000001101011000100111011100111000011001100101100001000000100010100011011000010000101011001011001111001110001111001100110101001001101001000101000011100101110001001100000101010000101111100111001110110010111010001111110101100010111110010110010010000001100010001110111001101011100101101101001100100111010111111010010110001101101110101110010010100010110000101010000111100110011000011101010001011101101011011001 
01010010101010010100001111101101011000110011101110011100000000001011000011011101101111111101001111101111010001111000110010001110100001001111111100010001101101111111000011111000011100101110110110110110110110111010111001010001100101011110011110110100110001011010111011000010011011100100100011011101000000101101111000100000011111101010000001011011111101001111111101010010100101100001110011001101011010100101111001110001000000101010101010011100010000010011101010100110111100011111000011001110110001110011010101111111 
01100101110000010001100110110100011111010010011010000011000001110101001001001110001001100010010100110101010100011010000011101010001010011011100110111001011000110100110111000111111101111100100010001101010011001010100001001001010111001100010010010100010100011101101111111010110100101100001110010111111001111011010000101011100110110111000110001110000000011011101011010110010011000111000011010011000010100010111001111010001010011000110010010000010100001101001100110110100001100000111110010001010000010001011010001101 
10001111110111000011011011011011100001001110010111100100010011110001111000001011001110001100000111001011100001010100111101000100000110001100111101110010110010111010110111100111011010001110000100010110011011011100101001110000000111011001000011110111011101001011101001101110111010111010111010101011111001010100100110010001101100011000001110101000001000111010100111001001101100010100101110111101011011001010000101111000101011100100011101001111101010010101101111110110000010000001111110111111100111010001001111111101 
01001001100111100101111111010001000111010110010110111110111010111110000011010001101110011000111111011001101101111101101101101010100000000110001111100100011101100101101011010101101101101010101010100011011100100101010011110101001101111101100010101100110010010001010100010001101010100100010111011001000011000110000010111101000100001110011011010011001101000000000111111110100001000010011000011001111100011011000111100011001101010000000000001000101110011010000011111001011001111100001011011100010111011100010010011001 
01111111100111101010100001010001110001100011001001010001100100100100001110011101101000000000010010001100010010001110100011100110011011100001001110001110100001111111001111110000000100110011100001110110101001110000110101110110101100100110001011001101001000100110011100001111010100011000000100010000001111000011101110110101111000000110111000111111111011010100010100010011001011011010001111000111101001111110100100110001001111110100101111101001101001110111101010111001010000100011110011101000100011001110011111011111 
11011101111010100100100001111011011010001011100110010101001110001100000100110100000011011000100011101111101110011010000100010111010111101001110000011111100010000110100000110011001101011111010011000101011100110000100011101110110001010001100110100011101000000000100010111010001111011101011001011011100000100111010000110000111001110110011010110110101111011010101111001111100001001111100101110000010010000001111011010110001101000101101000111101110111011001100111000100100011011111000111000100110101111011100001010001 
10111111101000101011011011111110101100000000010011011100110110001001010111001101011011001010011000001000001011101010100000000001110100110101111011101010001110100001011010101011101000010101101100100011111110110011110001110100010111101100001011100011110011010110110110010001101001000101101111010010101111101001100000010001101101111001011110001101001100010001110111011001100100110100110011110001101111100110101111011110011111010111111100100011011110001111011000101110010110010100011110001100100101010111001010101001 
11011101000110100111011100000111001011010111111000111110111011011000010101011010111111111001100110110101110100111111011111001001111011000100100011100001111100101010100110101100110110011010011000110000111001000101100001101110111011000000111110001111000101100011001111101001110111111111011011010001111011001110011100110011011100101001110100110001101111111000001001010110111011001100110111010111000101010111100110000000000001111110001100010011010001101011001101010010001010000001110100111111001001001010010000001001 
11001000000001010000011110001010010010001110010010110000000110100011010001110010010000000111000011101110011110010110010001010010001100111111010010111110010000000110111010001001010001010101000101101010011111011001011010111100011100011011001000101100111110111011110101111100011011011100101101101001001011001100001010100101001001101000101010010000100100010101000110100000000011000101010001101111001000000011110000100101000010111001011100000011100110100000111001000110001001000001001010001001111000001010000101100000 
10101001011001100011011100110110110000001100100110010000111100001101001001011000000100000001101111000000001110000101001001111001010100011101010101111110110101000110111011011111101100001111100010100110110011111111111101110000011111100100011110001011110110111101100100111101110011110001011101001101110001111011010100111111111111100101010011000010001000101010001011001010011001101111101111100001001110010001111001011010101111010001011100010111001111011100111011010110101000111100101101101011111011100011100110001010 
10111111010000000101010110101010011111100110101010001100011010111010010001010010000110011011001010100101000000010011000001101100010010110110001010111001000100100011001101011010000000101010110001100010010110011000111110101100101000000000101110010100110101101100000001010111011010101010111111000010011110010101011010011000101111001000101001100101000001100111101110001010000011110001100101001000110110100010001001010000100110000011000101000110011100011111000100101011001000001010000000011110111010101101010001100110 
11010011010010111101111101011101110101111001101011001110110010001010101011010101011110011011101100010000111111101100000000111011000000100010001110010000100100010111001000110001001101100010011010010000101100001010100111100010100011111100000001000011110010001110000001001011011000001110001011011010001011100110001101000000000100111110010101000011000111000000110100100000000010011111010010010000110111001010100010110011111011110101110101010001110000110000010001100000100110001101110000110111101001010010010010011110 
00010100111000000100000000010010001100001001010111000010111011001101010010100001100001111111010011100101110110110000011101010111010010011000100000100101100111111110001101010100101111111110000000000100111001010000000110011100011001111100001100010010001111000000000001100010000111101001101010110001010001100011110000000001011111000100101010000110001010111110111011001000111111100110101001101111000000100011011010101101101100000010010100001000100101110011111000011000011001101111111111100110110011000001000001010100 
00011100001001111111000101100001011111111111101010011010110000100011100001010110010000101101000110000001111000110110000110110001000000100011101000001101010101101100011011000001001111001011010101101001000111011000000010000000101101111011111010110111101100010100101010011100011111110000010100011110000110111101001000010001001000100111000000110111010110101111100010000101101101010010001111001011011100100010000110000000010001000110011001101100011001101000000100011110010101001101101000011110101010110101100010111101 
00101111010000000010101010001000001010101100001100100111001101011010010110011001011001001111100000100010010000101000010111001011101110100000011011000100000001111111110000111111110011001100001110100111000011000011101100100110001010111010011110010011011001011110010101110100010000110010010100101011100011000011000011101001010100101000000011000000010001000011111111011001101100010001100111101001001101110011010011111100101000011011001001101101110001111111100010111111000100000100100001111011001111001000100011100101 
10111101101001110010001001011000011010111100100010011010000010010110011111000001111001111010111111111101000000001000111110101110010010101101101001011100011110001110011110001000011000001101100011001010110111100101111001110010001000001111101010110111001001101010110111000001011001000010110000001110111000001001011110110011001010100111001010110001010100001101110100010110100000100111100011010001011010101001010101111110110001110111110001001001011110000000001001111001100100000100001001001011001100100000000000001011 
11101111000111110010101011100011111101101100100011110101100001001001111011110110110110000001100011101011110001110101101110100100100111110000001101111001010011110010010110011010010010101100010100111010101101001101010110001110111111001100100111010101101101111111100111000100100111100001011011111010101110101100110010101010101100001001101010111100100110110010100101010011001111010111000000110000010010001111110101000010110000101001010011001101001101000000001010110000011011101111010100000011000001001111111001111011 
01011111101100010001000101000111001010110111011001000111110000001001101010001111000001011111101100101110100011110011100001100001011000001010100111001101111101101101111100101101010000110011111001001111101010111111000110010111000100000011010100110011011010101011111001011111000111001110111000110010011000001001011110001110011000111111010101001001101111011100011100101001011000101011111100000110110111010100010110110100110000010111000111101010000110101100111010111000011000100101001011011101010100110110000011010010 
10110010010011101011000001111100011011101000110111001110011010001001100111100010101101011011110101111000001100110101111110001001110100000010111010001101110010011101011100100100111100101110111001001011101001010001000111110111000110011101110101101100100101101010101010011111110000110001010110110100010000100011110100110011010110110010001100101010111110100101001000011011000001011011111001101011000011111100100000111010000100100011101110011010100011010100111001101110101010000001110011010000111001010001100100111011 
11100101010100010001101011001011111000111110111010010000111000011110001000010110001111110010111010100100001111101011010000010100000101010111101011000000101110010111111110111000000000010111111101111110011000011111011011100101101110100010010111100000010010100110010001011000100100111001101010111100110000100100010111000101100111000100000011111010111101100011011101101101101010000001011110100001010001100111010110011110000000111100110000100000101100110000001010110001000100110011100010111011100010100101100010111101 
10011010011001001110110110110001101011111010101011000100011111011001011100001011000010010010000111011001111110011000111110100001010010010011100111000000100010001001010000101011011111000000110100001001100111100101011111111000000110101001000101010101011111010001000101011010111100010111000111111110010000101101000110101100110111101100001011001000111101100100011011111000110010011000101000000111010111101101110001101011001011000111001110100111000010001011101100000010001100111000111011101011000110100111111011010111 
00011011100000110000001011100110010001011001011010001010111100000110101100000011100101001111010011000111011000111000001011101100000101101101010001000000100000100010101100111010000100001101101111111101101111010110101011100100011101000100011000011100111101110000010110101001101010110001011101011000110100110100010111111110101011110101001001110001000010100101100011011110001001111101001001101001010010010110000110000100000111010111010011110111100011110100100000110100010101110101001110101010110110001010001001110111 
11110001110010001100001100111000000110100111111101010001000100100100110101010111011101011100001011001111001101000011011100001011111001101000010001100010110001011011001010100100111010010001111000000001000110000001100011000010001100001110100111011110010010101101001000110010101010101110010101011111000111111001000000101110001000000100110101100001111000110111110000100011010111001011001011100001000001010001111000110111101010111101100101111100011110111010001000010111100011011011111001001100001111000000010110100011 
00001111100111001010000010100000111100000110010101110110001011010010010101110101110000101100111010100001010000011001101111110100100101101100010101100000010010011111001001001101011011010010100001111001111101001001101010101010100001101100011110010111111001111010001110010100000010000111111101011111100100001010001111001010110001000001000010010100010010000100010111110111000111100000011001110001011001101100100100010100001011011000101001011100110111101110111011101101001001101011010011101100110011000000101011011001 
00100001000011110011100000000000111101111011010101101011110110001000000000001100101111001011111101001111101010001101100001010110111010100001100110100100101101000000010100011010100011100010010111000110011001101110001100011001101000000101111101100110110011100010100010110010011111011100010001011000101001000101001110011100111011110111100001101111010100000011010011100111111010001001100111011110101111100111011010011110100100010100110011000111110111000011011001001001001100100001110000000101010101111100101101011101 
00000000010001110011110100110111100001110011011000011110111110100001110011001101001101111110111001111110100111111000011010110101010101000000010000001110101011101110011011100110110100011110000110011000001010011100010111000111001111111110111101011001101101001101000011111100000001011110001100001001000000110011001010111011101100111110001010011111111011101100000101011110110111001000000110000001000000101000101001001010100001011101001010000011001111111011011111111001001010011001100011000101010101001111111101110110 
01010010110011110111000000011011010101110011000011011010000001000010011010000001001011000000001100111101001011110111110111011011011001000000101010010111101100111100000100000010111111001101001111111011100100111001010011111100001000101100110001110110011100010010111101110110110000111110010110001011111010110110101100111110110110000100100011010100000011110000001111001011000101101110100001101000000000001100101111111100111101101011101100101001011001010110111001001011010011011100111111101110101010000010101101000011 
01011001001000011001101000011001110110110000111000011100011110001011010010000101000000010000110110111111110000111000011110010000001000010010001010101110110010011011001101010100000111111100111111111110000011011100011110100011000100000001011101111111011011101000001101101010111100000110000000111111000100101100001000111000010100010010101100111001111000110111011111010000010111100111111000101010101000100011101011110111110101001001000111110000011000000001110010100001110011010000111111101001111111111000000100011001 
10110010111100010000111111111101101110100011110110011011100011111110101101111101011110011110100111101001000110111001110011001010000111001001100010101010100000101100100010000101011011101001010100000011001111100011001011111100001100100100001111111111100010010011000001100111010010110110110101101100101011111010100110000001100011100101011000001010000101111110010001100010101011011111001010101110110000100101110011011000110100010111011111010110011101110110101111110111001100101110011011001101101111000010111011000101 
01010010101010010100001111101101011000110011101110011100000000001011000011011101101111111101001111101111010001111000110010001110100001001111111100010001101101111111000011111000011100101110110110110110110110111010111001010001100101011110011110110100110001011010111011000010011011100100100011011101000000101101111000100000011111101010000001011011111101001111111101010010100101100001110011001101011010100101111001110001000000101010101010011100010000010011101010100110111100011111000011001110110001110011010101111111 
10111111101000101011011011111110101100000000010011011100110110001001010111001101011011001010011000001000001011101010100000000001110100110101111011101010001110100001011010101011101000010101101100100011111110110011110001110100010111101100001011100011110011010110110110010001101001000101101111010010101111101001100000010001101101111001011110001101001100010001110111011001100100110100110011110001101111100110101111011110011111010111111100100011011110001111011000101110010110010100011110001100100101010111001010101001 
11110101100110111010011111101000100101011010110010001011010110101110010110111000000110111110101101000111011111000011000011110010001101101100011100000111100110100110000000011001000111001111101100101101111001000010010010011000111101100010010001011100001101110111001001010001001100100110111111110011111000011110111110010110001011001000100111111000001000101000001100111100010110111110010010010111001111010111000100001111011111101011111110111000100000100010010000110111111101011010001110111010101101100000111101000111 
01001001100111100101111111010001000111010110010110111110111010111110000011010001101110011000111111011001101101111101101101101010100000000110001111100100011101100101101011010101101101101010101010100011011100100101010011110101001101111101100010101100110010010001010100010001101010100100010111011001000011000110000010111101000100001110011011010011001101000000000111111110100001000010011000011001111100011011000111100011001101010000000000001000101110011010000011111001011001111100001011011100010111011100010010011001 
01011001101011110001000110111011111010101010101101011110101111010001000001010101111101010110000111101100000000001101011000100111011100111000011001100101100001000000100010100011011000010000101011001011001111001110001111001100110101001001101001000101000011100101110001001100000101010000101111100111001110110010111010001111110101100010111110010110010010000001100010001110111001101011100101101101001100100111010111111010010110001101101110101110010010100010110000101010000111100110011000011101010001011101101011011001 
11011101111010100100100001111011011010001011100110010101001110001100000100110100000011011000100011101111101110011010000100010111010111101001110000011111100010000110100000110011001101011111010011000101011100110000100011101110110001010001100110100011101000000000100010111010001111011101011001011011100000100111010000110000111001110110011010110110101111011010101111001111100001001111100101110000010010000001111011010110001101000101101000111101110111011001100111000100100011011111000111000100110101111011100001010001 
01100101110000010001100110110100011111010010011010000011000001110101001001001110001001100010010100110101010100011010000011101010001010011011100110111001011000110100110111000111111101111100100010001101010011001010100001001001010111001100010010010100010100011101101111111010110100101100001110010111111001111011010000101011100110110111000110001110000000011011101011010110010011000111000011010011000010100010111001111010001010011000110010010000010100001101001100110110100001100000111110010001010000010001011010001101 
11011101000110100111011100000111001011010111111000111110111011011000010101011010111111111001100110110101110100111111011111001001111011000100100011100001111100101010100110101100110110011010011000110000111001000101100001101110111011000000111110001111000101100011001111101001110111111111011011010001111011001110011100110011011100101001110100110001101111111000001001010110111011001100110111010111000101010111100110000000000001111110001100010011010001101011001101010010001010000001110100111111001001001010010000001001 
11010100001100010101111110010010101010010111000010000011011010010000011011010010100001110101111011101100100011011011000001111011110000011100001110000101010010100100110100110111001111001010010111001100011101001111100111100100011111110111000000110101101110001110100110101101011001010010000101010111011110111010111000011011011001100111011000001101011111110001111000101001101110000001111001111110100100111110001111000100111011001011001011111011111001101011010011010110101100101011001101100101111011100111111000110011 
01110000011000101110010110000101000111111110110010100100111000000111010111101101000010001010010011011010011000000010110010111010010010101111111100101110100101001011001001001001100001110000110100001110000110001010011011001000011001101100000111111110001010110011101101001110000111101010011011100011111101010100110110101001000011010011010111111100110000111011011011010101111111010010010011011001001001001010001101001110111101000100001011111101111110100001010100101010111100111110101100011101100011100011010001011001 
11010110100010110111010111101011001010011101110010100111110011111101111111111111000110000010100111001111100110001100010001111100101100011111001101000011010101001000001001010001100101010111000101001101110001011011011100001100100011000110010111100000101110101100100101001100100101110001100011011010011011010101111000011011011101110100111100000100101101001100111000110111000111110110111011100010111111010100101110111011101000101011111000100110010001010101101100000101101011111000001111011100001000111101000110001011 
