01010111000011110100101001110011001010000011100000010110000000111000010001110011111011101000111100110000110001001111100001100001011001011110001010001111101110011011010000010100010000110010010110000101011101110110100101001101100111110010111010001001100101100011101001000011100010100100110001010001011001000011011001001010011010001000011000100000100011111011111010100110000101101110100101000001000010010100100011001001011011011110010110101011101010000111000111001100111001010000100011101000010000001111110010001110 
10001111111010010101010110001011011111111111111010011100010101101010111010111010111000000100001011010110110011110001010011011000011111000110011010011111111010011001011110011001010100011010111110000010010111001111011101011110000100011110110111011011010111110000001100101010001001011010100001110011100000110001110111111101110011111011101110111110001010100001010111110110111100111010001110010010100111111011111001111100000010101100001100101111010010110100011101110000100011001110000110010101110111110001100001111011 
01010111000011110100101001110011001010000011100000010110000000111000010001110011111011101000111100110000110001001111100001100001011001011110001010001111101110011011010000010100010000110010010110000101011101110110100101001101100111110010111010001001100101100011101001000011100010100100110001010001011001000011011001001010011010001000011000100000100011111011111010100110000101101110100101000001000010010100100011001001011011011110010110101011101010000111000111001100111001010000100011101000010000001111110010001110 
10001111111010010101010110001011011111111111111010011100010101101010111010111010111000000100001011010110110011110001010011011000011111000110011010011111111010011001011110011001010100011010111110000010010111001111011101011110000100011110110111011011010111110000001100101010001001011010100001110011100000110001110111111101110011111011101110111110001010100001010111110110111100111010001110010010100111111011111001111100000010101100001100101111010010110100011101110000100011001110000110010101110111110001100001111011 
10001101101100100011111100011001110110101110001010001100000011000010000011000101000101101100111010011100110001101110110111011011101101110100110011011011011110011001110110010111010110001010001001011110111110111000011111110100010111011000110010110111110100010101111010001011000101110011101010101110000111010010100000110011101010111011111110100001001110001110111100110001111100000111010001000110111110101010011101010100111101000111111001111101001111111111100100010010101111011000101100010001011011000011001100010101 
10001101101100100011111100011001110110101110001010001100000011000010000011000101000101101100111010011100110001101110110111011011101101110100110011011011011110011001110110010111010110001010001001011110111110111000011111110100010111011000110010110111110100010101111010001011000101110011101010101110000111010010100000110011101010111011111110100001001110001110111100110001111100000111010001000110111110101010011101010100111101000111111001111101001111111111100100010010101111011000101100010001011011000011001100010101 
11010100111111011001000101000011111101001001100101011001101100111111001101110101010110111011000001000100010001110101011010001011011100001110100100000101111001111101010011001010000101111110011110110001000101001010110101010011101011110011100101000110111110001101011000100001000100011001010100101110100100010001110101000010010000001000101001000101010111001010101100100001110100001011000111001100011000000011111011111000111100110011110011000000001110000100100000001010010111010010000010110000110011101010000000010001 
11010100111111011001000101000011111101001001100101011001101100111111001101110101010110111011000001000100010001110101011010001011011100001110100100000101111001111101010011001010000101111110011110110001000101001010110101010011101011110011100101000110111110001101011000100001000100011001010100101110100100010001110101000010010000001000101001000101010111001010101100100001110100001011000111001100011000000011111011111000111100110011110011000000001110000100100000001010010111010010000010110000110011101010000000010001 
11011010001001111101010010011010110001011000110000101011110001111100111000111110101001000101111111110111001011000001010101000010100111111100100010000111100000101110111110011110100010100101011100101000101111111111111011100100110010001100101101010100100110100001001001111111110001110110111111111111110000111010111100110011011010001001011100110100010011001000101111000010001100000010101111010010010110010100101010110101000100100100001011110010101110111110000111100011010101110001100000011010101110011000110100111110 
00011000011010100000101110110011111111010011000101010010010110101001010000101011000100011011111001100011011110011000110110100000111100011011110110110101100101010111101101101011101010001010110101011001111111111100100110110000001111001110010101001001111111111011011111010111001000010111011000000110101100010101110111101101101100000100010000010101100000110011000010011110010101111010100101011010100001100011011110110010011101101011110001011011010111100001011110100101110111000101011100101101011000111011100111010111 
00001010111010110100111111101111111010011110001000010101110111000101010101101101011111100111001001011111010111100011000111101100001000000010011011001000100110111010110101101100110101110100000010000010101000000000000011011001111000101011110101001101011010110011001011001100100111111010010010000000010100111001100000001001111100001000111011101010000101100100011101110111010101110101010110011101010111110001111001000011100111000111000101101100010111001111110111010100111110101011110001011010001111100011010111011111 
11101110010010010111101100011000111010010011110111111111010001010010001010011100010001111010010011101101000101011100101010011111000000111101110001000001001000010111010010010110001001111100000111011011010000101101100100010010110010011100101100010001011101011010001110101011110010110000010100001110110101100010001101101110000010111110011110000011010010100100100110101011000100011101101010001001010111110110001001101101101001010001111100010110101010101101111001000111100100001110001110001011100000100100001111000110 
11110110010110001001000100011010101100000000000100010100101100000011101110010111100111110011011101100001000101010001101001011000100100111010010011011010010001001110100001001101001000111010100010101111011101100001110100101010100100000010000011001011011000101011001111010001111100110111110101110010010000110010001100000010101111110111000011010101100010101111100111101111101010001000111110011101011101010001010000010101100010101110100111110100011010001100101100000111110000001111100101001010000111000111101001000011 
11110110010110001001000100011010101100000000000100010100101100000011101110010111100111110011011101100001000101010001101001011000100100111010010011011010010001001110100001001101001000111010100010101111011101100001110100101010100100000010000011001011011000101011001111010001111100110111110101110010010000110010001100000010101111110111000011010101100010101111100111101111101010001000111110011101011101010001010000010101100010101110100111110100011010001100101100000111110000001111100101001010000111000111101001000011 
00011000011010100000101110110011111111010011000101010010010110101001010000101011000100011011111001100011011110011000110110100000111100011011110110110101100101010111101101101011101010001010110101011001111111111100100110110000001111001110010101001001111111111011011111010111001000010111011000000110101100010101110111101101101100000100010000010101100000110011000010011110010101111010100101011010100001100011011110110010011101101011110001011011010111100001011110100101110111000101011100101101011000111011100111010111 
11110001110110010100010010010001101010110101111010110001101110001101010010011100000011110011000010000111010011101100110000010110110100010101100110000000101110111011000010100110010101111110101010111000111111011001100010011001000011110100000111111001000111001010000110101011010101000010011000100000000011001100100110011010010000110010111010011001010001001000010001111110000000111101011001111100001011111000011100101110100011010001000110011000010111100010000111101100100001010010101100011110000111010000110100011101 
11100110100110011101100000000000000011000010001011010010101101111001001110010000010011010000001010010011100010110000011000111011010010111011111010110111010011110000111010011011110111001100000101000111011101011100001001111011000001000001110111001001110111110111100000011101100001110100001101001101101001000010110000101010110010011100011111010100010010101001010111101100011110001100001011010000011110111000011011101111100101111010001110000100110011010100101100110000110000101100010010100001101111101001010110011001 
11001000110100011001001011010010011001111001110000001010100110100101011011001001100110110100111000110001100111001110100110111110100011100000100001011001001010110011010110001110101101100010000010110011111101101111110110010111011010000001010010111010101111111011010101100110111100001111111010011110111011111101001111000100000111011000111111101111110101001010000100000010011110111101111000011010100111110111001000100001000011011010000110001011100101111101001110110011100010000000001011100011110011100100001001110011 
11000110111000111111001100001001001001111111111101110011100110110101010101110001000010000010101010011001010100000001011100110101101011011100110100111010010001110010001101000101111010110100101101000100111010100010101110100010111010010000011101100001101111100010101011101010001010001000111101111110001011101001001011111011101010000000100000001111011111111101010110110101101011100000000011111000111010011111001000010110001010101010001111111100110100111101001001010011111100001011111011111001001001001101000100001111 
00101100011000011110000000000101010011100000111111000110110111011011101000100101010111110011000011011111101100110000111001111001111110101100011101100000011101100011100011000000001011001100100111010101111100111000010111100100101000011001001011100100101100100010101001110110001100101111011000001001100001111010010101001110011001011110010011011000010011011000010001101011010011110100100100010100110110100010010100010011100001110011101011001001001101000110011110000101111111111110010000011011010010000101011100001011 
10001010010100000110010111001001110011111100001101110001001101011011010001100100001110100110110011000111111101110010110010000110110000000111100001000011111111110000111000010000100101101000010010010111001101100000001100001001001001000001000001000011101010000101010110001110110101100000101011000000001010111001101100101011111001110000111011001001010110101101010111000100011101001100101111100101100000010010111110101011101010110010111111011100100110001001101010111001101101100100111011110001111010101000000010000011 
00001010111010110100111111101111111010011110001000010101110111000101010101101101011111100111001001011111010111100011000111101100001000000010011011001000100110111010110101101100110101110100000010000010101000000000000011011001111000101011110101001101011010110011001011001100100111111010010010000000010100111001100000001001111100001000111011101010000101100100011101110111010101110101010110011101010111110001111001000011100111000111000101101100010111001111110111010100111110101011110001011010001111100011010111011111 
11000110111000111111001100001001001001111111111101110011100110110101010101110001000010000010101010011001010100000001011100110101101011011100110100111010010001110010001101000101111010110100101101000100111010100010101110100010111010010000011101100001101111100010101011101010001010001000111101111110001011101001001011111011101010000000100000001111011111111101010110110101101011100000000011111000111010011111001000010110001010101010001111111100110100111101001001010011111100001011111011111001001001001101000100001111 
10001010010100000110010111001001110011111100001101110001001101011011010001100100001110100110110011000111111101110010110010000110110000000111100001000011111111110000111000010000100101101000010010010111001101100000001100001001001001000001000001000011101010000101010110001110110101100000101011000000001010111001101100101011111001110000111011001001010110101101010111000100011101001100101111100101100000010010111110101011101010110010111111011100100110001001101010111001101101100100111011110001111010101000000010000011 
11100110100110011101100000000000000011000010001011010010101101111001001110010000010011010000001010010011100010110000011000111011010010111011111010110111010011110000111010011011110111001100000101000111011101011100001001111011000001000001110111001001110111110111100000011101100001110100001101001101101001000010110000101010110010011100011111010100010010101001010111101100011110001100001011010000011110111000011011101111100101111010001110000100110011010100101100110000110000101100010010100001101111101001010110011001 
11110001110110010100010010010001101010110101111010110001101110001101010010011100000011110011000010000111010011101100110000010110110100010101100110000000101110111011000010100110010101111110101010111000111111011001100010011001000011110100000111111001000111001010000110101011010101000010011000100000000011001100100110011010010000110010111010011001010001001000010001111110000000111101011001111100001011111000011100101110100011010001000110011000010111100010000111101100100001010010101100011110000111010000110100011101 
01101011010100001100001011100111000011100111100101101110011111011000011110110111001010101010110001011111111001001110000000001010110101110011010011001000011010001100001101001011111100110111010110111100100000000010010111100100011111011100010110000100101101111111110011111111011100111100010011110011000111001000110011010001111110110101100101111111110011010001111001110001001100001101001100100001000110111110111010010100011111110011010100011101101001100001100100110100010111110101000010110100111101000110101000010011 
11011010001001111101010010011010110001011000110000101011110001111100111000111110101001000101111111110111001011000001010101000010100111111100100010000111100000101110111110011110100010100101011100101000101111111111111011100100110010001100101101010100100110100001001001111111110001110110111111111111110000111010111100110011011010001001011100110100010011001000101111000010001100000010101111010010010110010100101010110101000100100100001011110010101110111110000111100011010101110001100000011010101110011000110100111110 
11001000110100011001001011010010011001111001110000001010100110100101011011001001100110110100111000110001100111001110100110111110100011100000100001011001001010110011010110001110101101100010000010110011111101101111110110010111011010000001010010111010101111111011010101100110111100001111111010011110111011111101001111000100000111011000111111101111110101001010000100000010011110111101111000011010100111110111001000100001000011011010000110001011100101111101001110110011100010000000001011100011110011100100001001110011 
01011111001110110011001010100000001001100110111111000111110100001100001011100100001011010111001101101010101001111010100101110100101101111000101010100101000011011010100110011000001001101011001110011001011011011001001010110100110011100111000011110000000111000100110101010110000010110111001111011000010100110001100001010101001101101001110101111111100011101111101010110100000111100110000001100101001011101001110001010101100100100011010000010010111100100010100010001001010000011010101110111001110010011111001000111101 
00101100011000011110000000000101010011100000111111000110110111011011101000100101010111110011000011011111101100110000111001111001111110101100011101100000011101100011100011000000001011001100100111010101111100111000010111100100101000011001001011100100101100100010101001110110001100101111011000001001100001111010010101001110011001011110010011011000010011011000010001101011010011110100100100010100110110100010010100010011100001110011101011001001001101000110011110000101111111111110010000011011010010000101011100001011 
01101011010100001100001011100111000011100111100101101110011111011000011110110111001010101010110001011111111001001110000000001010110101110011010011001000011010001100001101001011111100110111010110111100100000000010010111100100011111011100010110000100101101111111110011111111011100111100010011110011000111001000110011010001111110110101100101111111110011010001111001110001001100001101001100100001000110111110111010010100011111110011010100011101101001100001100100110100010111110101000010110100111101000110101000010011 
01011111001110110011001010100000001001100110111111000111110100001100001011100100001011010111001101101010101001111010100101110100101101111000101010100101000011011010100110011000001001101011001110011001011011011001001010110100110011100111000011110000000111000100110101010110000010110111001111011000010100110001100001010101001101101001110101111111100011101111101010110100000111100110000001100101001011101001110001010101100100100011010000010010111100100010100010001001010000011010101110111001110010011111001000111101 
01100100110011110011111111101100011011111000100001001001111110011100010000101100101001010000000100101011011001101111000100111101110111010000000001000100000001001100011100111001101100011101011010010011011000000100000100010000000001100110011001001001010001010011010101110000111001000000111010001000011111111100111011000001111010101010100110011000101011101001101101110010000011110000101011010101101100011000100101110011011011011111111101000101000010101111101110001101011010101110110000010111110010001001011101111001 
10100111001111010001110111100111000111001101000111111101111010101111001000000011010101000101100000001111011011100110111011101110010000110111010111110110100100011010110011011000110000000111000011101001000011000011100001100000000101000000101101000100001111110100001101111000000101110110111010111011110010100100100000110010100011011000000000111000001111011101101000111000001101010011110010101011100111101101010000011101100111010011011000111000000101001111110011001101011101001111110000000011001011011101111011101011 
01100111101000001100101001011101011110010001010001111010111010110110111110000000111101101011001110000111100010000111111100101111100001100011001111011011000100011101111010011101110000010010100110011010110111101000101100100101001110010000110110011100101100010000010010110101000011111000100101101001101001011101010110110101001001111010010111001101001000001110010100011010110010010001111101011010101111010110111000011000100101111011100010100100111110000111010110101001101000101001101011101011001100101100010001111011 
00000100011111001100010111000100010110011111100100110011111101010110010111101101110011110101101011100010101001011100000010110100101010011011001010111010111010000001100100000111010011000011001101111000001000010011111010110000001101100001101010110101110000100111100011100010111010101110101100000111001001100001011100110010111001100110110010101000001011001001001100111011111011111010110100001111010110001111101000000001100101110011111100001101100011110110010011011111010110101001100010001110011010100000011101101101 
01010000101100111101110100110110010111010000000000010000010100101010011101000011101000001000100011100100101110110101010101011011110001110111100111011001100111110111100000111010010010001110010100010100111110110101011001111010110101011100100001111100011101001111101111110110000000100010000100111111011010101100101101000001101101110010110010110011011010000001100001000101100011011110100000010000100100111010111100110001110001110110000110101010111100011100100001000001001111001010110001000000110000000001011000000011 
00011000111010001101101010100000010010100010110100100011011010010011111101111001100111110001011111000100110010111000010101011110000110000010100011000011010110111101111111010001111110011101011011110000111011100111111001111101101001011100100000101001100100110110001101111100110100111000000011110100011000001101111001011100101111111010011100110101111110010110110000000010000101001110001000001111010010010101010011001011000011001111011000000111001001111001010100010010010001001011010110110011100000100011110000000001 
10001101010011111111000101000000100101110001011110000101111100010110000100011111000010001000011010011100111101110011000001111101000000110100001101100111110001000000010010100000100101110111001100110101011001011000101000101100011111110000000100111010111010010100110001111101110001111011001110001011011010101001101110100010001001001011110011100001100111011011000100010100101011101011110001011111110011100100100100001100010001000000000101101001011100101100111001111110100000000011000001100001000101101000100010111101 
01011101000100100110010111100000100001110011100001111000111100001101011001100001010101001101010100001000111000001111110110001011010101010001010100010000001011110100110111001111100101010001011000100110000100001001100000011110110011111110101111010111000010110001000001111111000010001111011100111101000011111001101110000001100011111110110100100100101010000100100001011000110011110011111111110100100010100101000111100110110000100010111010001000101101000111011111100000001110011100001000111101111101000101110101100001 
01010100001111000101100000011110101101101100110100111000001101100100111011110000110000010011011010010110111011111110010100010000110100000011011111101110110110111011011110111110010000101001010110111010111000100010100101000011101001011010100111011010001011110010000110001111101010010111100100011000000011110100000110011000001010001010010010000100101100101100111001010011010101111000011100101110011110111110101010001111101001011001100011110011110010101100010011000011111111101010001111011101000010100010111010011001 
01001111110110000111101111001100100100100011101000101010011000111011101010001110101011001000000001011110001100111101100100111101001110101011111110110101100111111111100101110010010001111110100011111000110100011111101111100000111000010001101001011001111110100011101001110000100011011000110110100101010000011110011000000111010110010101110010010011110011111111000111110011011011101100110100101011101001111000100001001101111000010100110010110110001010100100110110010111101011111010000110100100001111011010100011101001 
10011111011110001011001011011100001010001100010010000001101110010101100111110010011000011000101101000001110001001110001011111001000010000001011011010011100101011111101010101110101101111010110010001101110100100001011110101100000000111001101011100101111110011011110011010100111100010011011110111110100010000100111000010001001010010111101110110111100001110011100000011110111111101000100001110101100000110001010111101001010101001111001100100010000111011011010101011001101001110110000010011001001010011001111111100111 
01001101010011001001000101110001000000100011011101101001100111111010000110111100010000001010010111010000010011001111100111101110000000100011100011101100110011001011111000110010101011001110011011101010111110010101110100100000001101110000010110011111001100001111101001011111010101001100011001011010001011011110010100110100100010100100000100011001100100011000001110111111011001101111101101001101101000010100101001011100011001111001111111011110001110011010000101010111101010011111001111100101101010111001010111001001 
11101010010111111100011001111111100010001100100000110101010101011011001110110000000100100101100100111011011110101110010011111101001110001001101001110111111100001111011110001110111101101100011001101001001101001001101001001000001101001110101011011011101010100100110110011110100110101101001111011010000100000100011111011001110000100011101100110111000110010011110101001101100110111011010100011000110101101000010100101100000001000110010001000101001011110001100000110111001010100010110010100000000110101010100101000101 
11110011001000100001110001001101011100011101010111000101110110101100010010111010011101100010101101101001000101000000001111000110101101111001001000010100010001101001101011100111110001001010011011011001101101111010100001111110001111111010001111010001100111110001100111011101101000100011110000001100011010001110100011011011010001101111100100010111001011001111111000111111010000110111110101010100010110011111010110110011110010110111111100111100110010100100110001100101111111101100010111100011101010001010010010101001 
11001100100101111000011011000111100010101000001111100100010011100110001011100001100110101111000000101010101001101100110101001100001100110110111010101110111001010000001101001100010010101011110010101100101110110001111111101111111110010101100110000011110010010000101110101001010001101110101010000110101101101110010011011011010000110100001100001100001100011001000000001101001011011100001101101111010100111110110110010101101100001010110111110000111100111100000001000100110001001010011111011010011001010110110101001001 
10000110011010110000000010011101000110000100101101110010110100001101000110010111111001010011100100011001001100010011110111010101111001001111011100110100011011011111111011011001000100001111011101100000011111011110000011011111011111011100110010010011010011110001111011001100110000101011001100011000110001111000101000000100110110100110011000010000000011100001011011111011100110011111010101000111100101100000110001011111001010011110000010001011110101100010010011011001111000010111010010010101010010011111011001011001 
01100111101000001100101001011101011110010001010001111010111010110110111110000000111101101011001110000111100010000111111100101111100001100011001111011011000100011101111010011101110000010010100110011010110111101000101100100101001110010000110110011100101100010000010010110101000011111000100101101001101001011101010110110101001001111010010111001101001000001110010100011010110010010001111101011010101111010110111000011000100101111011100010100100111110000111010110101001101000101001101011101011001100101100010001111011 
10011111011110001011001011011100001010001100010010000001101110010101100111110010011000011000101101000001110001001110001011111001000010000001011011010011100101011111101010101110101101111010110010001101110100100001011110101100000000111001101011100101111110011011110011010100111100010011011110111110100010000100111000010001001010010111101110110111100001110011100000011110111111101000100001110101100000110001010111101001010101001111001100100010000111011011010101011001101001110110000010011001001010011001111111100111 
01001111110110000111101111001100100100100011101000101010011000111011101010001110101011001000000001011110001100111101100100111101001110101011111110110101100111111111100101110010010001111110100011111000110100011111101111100000111000010001101001011001111110100011101001110000100011011000110110100101010000011110011000000111010110010101110010010011110011111111000111110011011011101100110100101011101001111000100001001101111000010100110010110110001010100100110110010111101011111010000110100100001111011010100011101001 
01100100110011110011111111101100011011111000100001001001111110011100010000101100101001010000000100101011011001101111000100111101110111010000000001000100000001001100011100111001101100011101011010010011011000000100000100010000000001100110011001001001010001010011010101110000111001000000111010001000011111111100111011000001111010101010100110011000101011101001101101110010000011110000101011010101101100011000100101110011011011011111111101000101000010101111101110001101011010101110110000010111110010001001011101111001 
10000110011010110000000010011101000110000100101101110010110100001101000110010111111001010011100100011001001100010011110111010101111001001111011100110100011011011111111011011001000100001111011101100000011111011110000011011111011111011100110010010011010011110001111011001100110000101011001100011000110001111000101000000100110110100110011000010000000011100001011011111011100110011111010101000111100101100000110001011111001010011110000010001011110101100010010011011001111000010111010010010101010010011111011001011001 
11001100100101111000011011000111100010101000001111100100010011100110001011100001100110101111000000101010101001101100110101001100001100110110111010101110111001010000001101001100010010101011110010101100101110110001111111101111111110010101100110000011110010010000101110101001010001101110101010000110101101101110010011011011010000110100001100001100001100011001000000001101001011011100001101101111010100111110110110010101101100001010110111110000111100111100000001000100110001001010011111011010011001010110110101001001 
11110011001000100001110001001101011100011101010111000101110110101100010010111010011101100010101101101001000101000000001111000110101101111001001000010100010001101001101011100111110001001010011011011001101101111010100001111110001111111010001111010001100111110001100111011101101000100011110000001100011010001110100011011011010001101111100100010111001011001111111000111111010000110111110101010100010110011111010110110011110010110111111100111100110010100100110001100101111111101100010111100011101010001010010010101001 
10001101010011111111000101000000100101110001011110000101111100010110000100011111000010001000011010011100111101110011000001111101000000110100001101100111110001000000010010100000100101110111001100110101011001011000101000101100011111110000000100111010111010010100110001111101110001111011001110001011011010101001101110100010001001001011110011100001100111011011000100010100101011101011110001011111110011100100100100001100010001000000000101101001011100101100111001111110100000000011000001100001000101101000100010111101 
10100111001111010001110111100111000111001101000111111101111010101111001000000011010101000101100000001111011011100110111011101110010000110111010111110110100100011010110011011000110000000111000011101001000011000011100001100000000101000000101101000100001111110100001101111000000101110110111010111011110010100100100000110010100011011000000000111000001111011101101000111000001101010011110010101011100111101101010000011101100111010011011000111000000101001111110011001101011101001111110000000011001011011101111011101011 
01001101010011001001000101110001000000100011011101101001100111111010000110111100010000001010010111010000010011001111100111101110000000100011100011101100110011001011111000110010101011001110011011101010111110010101110100100000001101110000010110011111001100001111101001011111010101001100011001011010001011011110010100110100100010100100000100011001100100011000001110111111011001101111101101001101101000010100101001011100011001111001111111011110001110011010000101010111101010011111001111100101101010111001010111001001 
01010000101100111101110100110110010111010000000000010000010100101010011101000011101000001000100011100100101110110101010101011011110001110111100111011001100111110111100000111010010010001110010100010100111110110101011001111010110101011100100001111100011101001111101111110110000000100010000100111111011010101100101101000001101101110010110010110011011010000001100001000101100011011110100000010000100100111010111100110001110001110110000110101010111100011100100001000001001111001010110001000000110000000001011000000011 
11101010010111111100011001111111100010001100100000110101010101011011001110110000000100100101100100111011011110101110010011111101001110001001101001110111111100001111011110001110111101101100011001101001001101001001101001001000001101001110101011011011101010100100110110011110100110101101001111011010000100000100011111011001110000100011101100110111000110010011110101001101100110111011010100011000110101101000010100101100000001000110010001000101001011110001100000110111001010100010110010100000000110101010100101000101 
00011000111010001101101010100000010010100010110100100011011010010011111101111001100111110001011111000100110010111000010101011110000110000010100011000011010110111101111111010001111110011101011011110000111011100111111001111101101001011100100000101001100100110110001101111100110100111000000011110100011000001101111001011100101111111010011100110101111110010110110000000010000101001110001000001111010010010101010011001011000011001111011000000111001001111001010100010010010001001011010110110011100000100011110000000001 
11101110010010010111101100011000111010010011110111111111010001010010001010011100010001111010010011101101000101011100101010011111000000111101110001000001001000010111010010010110001001111100000111011011010000101101100100010010110010011100101100010001011101011010001110101011110010110000010100001110110101100010001101101110000010111110011110000011010010100100100110101011000100011101101010001001010111110110001001101101101001010001111100010110101010101101111001000111100100001110001110001011100000100100001111000110 
01010100001111000101100000011110101101101100110100111000001101100100111011110000110000010011011010010110111011111110010100010000110100000011011111101110110110111011011110111110010000101001010110111010111000100010100101000011101001011010100111011010001011110010000110001111101010010111100100011000000011110100000110011000001010001010010010000100101100101100111001010011010101111000011100101110011110111110101010001111101001011001100011110011110010101100010011000011111111101010001111011101000010100010111010011001 
01011101000100100110010111100000100001110011100001111000111100001101011001100001010101001101010100001000111000001111110110001011010101010001010100010000001011110100110111001111100101010001011000100110000100001001100000011110110011111110101111010111000010110001000001111111000010001111011100111101000011111001101110000001100011111110110100100100101010000100100001011000110011110011111111110100100010100101000111100110110000100010111010001000101101000111011111100000001110011100001000111101111101000101110101100001 
00000100011111001100010111000100010110011111100100110011111101010110010111101101110011110101101011100010101001011100000010110100101010011011001010111010111010000001100100000111010011000011001101111000001000010011111010110000001101100001101010110101110000100111100011100010111010101110101100000111001001100001011100110010111001100110110010101000001011001001001100111011111011111010110100001111010110001111101000000001100101110011111100001101100011110110010011011111010110101001100010001110011010100000011101101101 
01010111000011110100101001110011001010000011100000010110000000111000010001110011111011101000111100110000110001001111100001100001011001011110001010001111101110011011010000010100010000110010010110000101011101110110100101001101100111110010111010001001100101100011101001000011100010100100110001010001011001000011011001001010011010001000011000100000100011111011111010100110000101101110100101000001000010010100100011001001011011011110010110101011101010000111000111001100111001010000100011101000010000001111110010001110 
10001111111010010101010110001011011111111111111010011100010101101010111010111010111000000100001011010110110011110001010011011000011111000110011010011111111010011001011110011001010100011010111110000010010111001111011101011110000100011110110111011011010111110000001100101010001001011010100001110011100000110001110111111101110011111011101110111110001010100001010111110110111100111010001110010010100111111011111001111100000010101100001100101111010010110100011101110000100011001110000110010101110111110001100001111011 
10001101101100100011111100011001110110101110001010001100000011000010000011000101000101101100111010011100110001101110110111011011101101110100110011011011011110011001110110010111010110001010001001011110111110111000011111110100010111011000110010110111110100010101111010001011000101110011101010101110000111010010100000110011101010111011111110100001001110001110111100110001111100000111010001000110111110101010011101010100111101000111111001111101001111111111100100010010101111011000101100010001011011000011001100010101 
11010100111111011001000101000011111101001001100101011001101100111111001101110101010110111011000001000100010001110101011010001011011100001110100100000101111001111101010011001010000101111110011110110001000101001010110101010011101011110011100101000110111110001101011000100001000100011001010100101110100100010001110101000010010000001000101001000101010111001010101100100001110100001011000111001100011000000011111011111000111100110011110011000000001110000100100000001010010111010010000010110000110011101010000000010001 
11110110010110001001000100011010101100000000000100010100101100000011101110010111100111110011011101100001000101010001101001011000100100111010010011011010010001001110100001001101001000111010100010101111011101100001110100101010100100000010000011001011011000101011001111010001111100110111110101110010010000110010001100000010101111110111000011010101100010101111100111101111101010001000111110011101011101010001010000010101100010101110100111110100011010001100101100000111110000001111100101001010000111000111101001000011 
00011000011010100000101110110011111111010011000101010010010110101001010000101011000100011011111001100011011110011000110110100000111100011011110110110101100101010111101101101011101010001010110101011001111111111100100110110000001111001110010101001001111111111011011111010111001000010111011000000110101100010101110111101101101100000100010000010101100000110011000010011110010101111010100101011010100001100011011110110010011101101011110001011011010111100001011110100101110111000101011100101101011000111011100111010111 
00001010111010110100111111101111111010011110001000010101110111000101010101101101011111100111001001011111010111100011000111101100001000000010011011001000100110111010110101101100110101110100000010000010101000000000000011011001111000101011110101001101011010110011001011001100100111111010010010000000010100111001100000001001111100001000111011101010000101100100011101110111010101110101010110011101010111110001111001000011100111000111000101101100010111001111110111010100111110101011110001011010001111100011010111011111 
10001010010100000110010111001001110011111100001101110001001101011011010001100100001110100110110011000111111101110010110010000110110000000111100001000011111111110000111000010000100101101000010010010111001101100000001100001001001001000001000001000011101010000101010110001110110101100000101011000000001010111001101100101011111001110000111011001001010110101101010111000100011101001100101111100101100000010010111110101011101010110010111111011100100110001001101010111001101101100100111011110001111010101000000010000011 
11000110111000111111001100001001001001111111111101110011100110110101010101110001000010000010101010011001010100000001011100110101101011011100110100111010010001110010001101000101111010110100101101000100111010100010101110100010111010010000011101100001101111100010101011101010001010001000111101111110001011101001001011111011101010000000100000001111011111111101010110110101101011100000000011111000111010011111001000010110001010101010001111111100110100111101001001010011111100001011111011111001001001001101000100001111 
11100110100110011101100000000000000011000010001011010010101101111001001110010000010011010000001010010011100010110000011000111011010010111011111010110111010011110000111010011011110111001100000101000111011101011100001001111011000001000001110111001001110111110111100000011101100001110100001101001101101001000010110000101010110010011100011111010100010010101001010111101100011110001100001011010000011110111000011011101111100101111010001110000100110011010100101100110000110000101100010010100001101111101001010110011001 
11011010001001111101010010011010110001011000110000101011110001111100111000111110101001000101111111110111001011000001010101000010100111111100100010000111100000101110111110011110100010100101011100101000101111111111111011100100110010001100101101010100100110100001001001111111110001110110111111111111110000111010111100110011011010001001011100110100010011001000101111000010001100000010101111010010010110010100101010110101000100100100001011110010101110111110000111100011010101110001100000011010101110011000110100111110 
11110001110110010100010010010001101010110101111010110001101110001101010010011100000011110011000010000111010011101100110000010110110100010101100110000000101110111011000010100110010101111110101010111000111111011001100010011001000011110100000111111001000111001010000110101011010101000010011000100000000011001100100110011010010000110010111010011001010001001000010001111110000000111101011001111100001011111000011100101110100011010001000110011000010111100010000111101100100001010010101100011110000111010000110100011101 
11001000110100011001001011010010011001111001110000001010100110100101011011001001100110110100111000110001100111001110100110111110100011100000100001011001001010110011010110001110101101100010000010110011111101101111110110010111011010000001010010111010101111111011010101100110111100001111111010011110111011111101001111000100000111011000111111101111110101001010000100000010011110111101111000011010100111110111001000100001000011011010000110001011100101111101001110110011100010000000001011100011110011100100001001110011 
00101100011000011110000000000101010011100000111111000110110111011011101000100101010111110011000011011111101100110000111001111001111110101100011101100000011101100011100011000000001011001100100111010101111100111000010111100100101000011001001011100100101100100010101001110110001100101111011000001001100001111010010101001110011001011110010011011000010011011000010001101011010011110100100100010100110110100010010100010011100001110011101011001001001101000110011110000101111111111110010000011011010010000101011100001011 
01011111001110110011001010100000001001100110111111000111110100001100001011100100001011010111001101101010101001111010100101110100101101111000101010100101000011011010100110011000001001101011001110011001011011011001001010110100110011100111000011110000000111000100110101010110000010110111001111011000010100110001100001010101001101101001110101111111100011101111101010110100000111100110000001100101001011101001110001010101100100100011010000010010111100100010100010001001010000011010101110111001110010011111001000111101 
01101011010100001100001011100111000011100111100101101110011111011000011110110111001010101010110001011111111001001110000000001010110101110011010011001000011010001100001101001011111100110111010110111100100000000010010111100100011111011100010110000100101101111111110011111111011100111100010011110011000111001000110011010001111110110101100101111111110011010001111001110001001100001101001100100001000110111110111010010100011111110011010100011101101001100001100100110100010111110101000010110100111101000110101000010011 
11101110010010010111101100011000111010010011110111111111010001010010001010011100010001111010010011101101000101011100101010011111000000111101110001000001001000010111010010010110001001111100000111011011010000101101100100010010110010011100101100010001011101011010001110101011110010110000010100001110110101100010001101101110000010111110011110000011010010100100100110101011000100011101101010001001010111110110001001101101101001010001111100010110101010101101111001000111100100001110001110001011100000100100001111000110 
11101010010111111100011001111111100010001100100000110101010101011011001110110000000100100101100100111011011110101110010011111101001110001001101001110111111100001111011110001110111101101100011001101001001101001001101001001000001101001110101011011011101010100100110110011110100110101101001111011010000100000100011111011001110000100011101100110111000110010011110101001101100110111011010100011000110101101000010100101100000001000110010001000101001011110001100000110111001010100010110010100000000110101010100101000101 
01001101010011001001000101110001000000100011011101101001100111111010000110111100010000001010010111010000010011001111100111101110000000100011100011101100110011001011111000110010101011001110011011101010111110010101110100100000001101110000010110011111001100001111101001011111010101001100011001011010001011011110010100110100100010100100000100011001100100011000001110111111011001101111101101001101101000010100101001011100011001111001111111011110001110011010000101010111101010011111001111100101101010111001010111001001 
10001101010011111111000101000000100101110001011110000101111100010110000100011111000010001000011010011100111101110011000001111101000000110100001101100111110001000000010010100000100101110111001100110101011001011000101000101100011111110000000100111010111010010100110001111101110001111011001110001011011010101001101110100010001001001011110011100001100111011011000100010100101011101011110001011111110011100100100100001100010001000000000101101001011100101100111001111110100000000011000001100001000101101000100010111101 
10000110011010110000000010011101000110000100101101110010110100001101000110010111111001010011100100011001001100010011110111010101111001001111011100110100011011011111111011011001000100001111011101100000011111011110000011011111011111011100110010010011010011110001111011001100110000101011001100011000110001111000101000000100110110100110011000010000000011100001011011111011100110011111010101000111100101100000110001011111001010011110000010001011110101100010010011011001111000010111010010010101010010011111011001011001 
01010000101100111101110100110110010111010000000000010000010100101010011101000011101000001000100011100100101110110101010101011011110001110111100111011001100111110111100000111010010010001110010100010100111110110101011001111010110101011100100001111100011101001111101111110110000000100010000100111111011010101100101101000001101101110010110010110011011010000001100001000101100011011110100000010000100100111010111100110001110001110110000110101010111100011100100001000001001111001010110001000000110000000001011000000011 
11110011001000100001110001001101011100011101010111000101110110101100010010111010011101100010101101101001000101000000001111000110101101111001001000010100010001101001101011100111110001001010011011011001101101111010100001111110001111111010001111010001100111110001100111011101101000100011110000001100011010001110100011011011010001101111100100010111001011001111111000111111010000110111110101010100010110011111010110110011110010110111111100111100110010100100110001100101111111101100010111100011101010001010010010101001 
01111011101011010001100110100111000110111111100101101000001011100011100110101011111010110011011010001110100010010001111100011011100010111101100110101011100100110011001001101110111101110111000001000011110011001100100000101000111101011010011001100111000111100111111000000001101000111000101110011110011101011000111011001011001000001010110000100011010010010100100000000101000111111011111111010110110000000000110010100101111011001100001001000001111101100111101111001111101011111000101000011001011001101000100101001011 
00011000111010001101101010100000010010100010110100100011011010010011111101111001100111110001011111000100110010111000010101011110000110000010100011000011010110111101111111010001111110011101011011110000111011100111111001111101101001011100100000101001100100110110001101111100110100111000000011110100011000001101111001011100101111111010011100110101111110010110110000000010000101001110001000001111010010010101010011001011000011001111011000000111001001111001010100010010010001001011010110110011100000100011110000000001 
01011101000100100110010111100000100001110011100001111000111100001101011001100001010101001101010100001000111000001111110110001011010101010001010100010000001011110100110111001111100101010001011000100110000100001001100000011110110011111110101111010111000010110001000001111111000010001111011100111101000011111001101110000001100011111110110100100100101010000100100001011000110011110011111111110100100010100101000111100110110000100010111010001000101101000111011111100000001110011100001000111101111101000101110101100001 
10100111001111010001110111100111000111001101000111111101111010101111001000000011010101000101100000001111011011100110111011101110010000110111010111110110100100011010110011011000110000000111000011101001000011000011100001100000000101000000101101000100001111110100001101111000000101110110111010111011110010100100100000110010100011011000000000111000001111011101101000111000001101010011110010101011100111101101010000011101100111010011011000111000000101001111110011001101011101001111110000000011001011011101111011101011 
01100111101000001100101001011101011110010001010001111010111010110110111110000000111101101011001110000111100010000111111100101111100001100011001111011011000100011101111010011101110000010010100110011010110111101000101100100101001110010000110110011100101100010000010010110101000011111000100101101001101001011101010110110101001001111010010111001101001000001110010100011010110010010001111101011010101111010110111000011000100101111011100010100100111110000111010110101001101000101001101011101011001100101100010001111011 
00000100011111001100010111000100010110011111100100110011111101010110010111101101110011110101101011100010101001011100000010110100101010011011001010111010111010000001100100000111010011000011001101111000001000010011111010110000001101100001101010110101110000100111100011100010111010101110101100000111001001100001011100110010111001100110110010101000001011001001001100111011111011111010110100001111010110001111101000000001100101110011111100001101100011110110010011011111010110101001100010001110011010100000011101101101 
01001111110110000111101111001100100100100011101000101010011000111011101010001110101011001000000001011110001100111101100100111101001110101011111110110101100111111111100101110010010001111110100011111000110100011111101111100000111000010001101001011001111110100011101001110000100011011000110110100101010000011110011000000111010110010101110010010011110011111111000111110011011011101100110100101011101001111000100001001101111000010100110010110110001010100100110110010111101011111010000110100100001111011010100011101001 
01100100110011110011111111101100011011111000100001001001111110011100010000101100101001010000000100101011011001101111000100111101110111010000000001000100000001001100011100111001101100011101011010010011011000000100000100010000000001100110011001001001010001010011010101110000111001000000111010001000011111111100111011000001111010101010100110011000101011101001101101110010000011110000101011010101101100011000100101110011011011011111111101000101000010101111101110001101011010101110110000010111110010001001011101111001 
01010100001111000101100000011110101101101100110100111000001101100100111011110000110000010011011010010110111011111110010100010000110100000011011111101110110110111011011110111110010000101001010110111010111000100010100101000011101001011010100111011010001011110010000110001111101010010111100100011000000011110100000110011000001010001010010010000100101100101100111001010011010101111000011100101110011110111110101010001111101001011001100011110011110010101100010011000011111111101010001111011101000010100010111010011001 
11001100100101111000011011000111100010101000001111100100010011100110001011100001100110101111000000101010101001101100110101001100001100110110111010101110111001010000001101001100010010101011110010101100101110110001111111101111111110010101100110000011110010010000101110101001010001101110101010000110101101101110010011011011010000110100001100001100001100011001000000001101001011011100001101101111010100111110110110010101101100001010110111110000111100111100000001000100110001001010011111011010011001010110110101001001 
10001111111010010101010110001011011111111111111010011100010101101010111010111010111000000100001011010110110011110001010011011000011111000110011010011111111010011001011110011001010100011010111110000010010111001111011101011110000100011110110111011011010111110000001100101010001001011010100001110011100000110001110111111101110011111011101110111110001010100001010111110110111100111010001110010010100111111011111001111100000010101100001100101111010010110100011101110000100011001110000110010101110111110001100001111011 
