11110111100001101101000101100011111011110011011010000101111011111010101011110110111101011111111111111100111001111110011111111111101111100100111110010010101000110101011011100010101101111000110100011111001000010110101010111011101100011011111001111100001011111011101100111000100000010011010111100111111011011110011011001000100011101010111100011110110111000010110100110111010111010010100001110110010001110110000011100011011111111101100001110010001101010111000100110011111101011100101101000001101010111001001011001000 
01110111000101001001000110000000000101010110010111010001110101101000000000010010110100000110010101001110000101100001111110000010110111100101011001000101010010000110000110001010101011100011110100010011000100000111101100100010000100001000000101100010010101110110010011011010001001001101010000100010101000110001001101111110111001011010110010101001011110011101010010100101111010111001110001011110111010110001010010101101000111000101101101000010110111011010100010011101110000000011000010010001111001101100001111110000 
11110111100001101101000101100011111011110011011010000101111011111010101011110110111101011111111111111100111001111110011111111111101111100100111110010010101000110101011011100010101101111000110100011111001000010110101010111011101100011011111001111100001011111011101100111000100000010011010111100111111011011110011011001000100011101010111100011110110111000010110100110111010111010010100001110110010001110110000011100011011111111101100001110010001101010111000100110011111101011100101101000001101010111001001011001000 
01110111000101001001000110000000000101010110010111010001110101101000000000010010110100000110010101001110000101100001111110000010110111100101011001000101010010000110000110001010101011100011110100010011000100000111101100100010000100001000000101100010010101110110010011011010001001001101010000100010101000110001001101111110111001011010110010101001011110011101010010100101111010111001110001011110111010110001010010101101000111000101101101000010110111011010100010011101110000000011000010010001111001101100001111110000 
00110010011100000001111100011101011001010011111100111100011011111001111101001110111010111010011011111111101000011110001000011000010010011100000001010010111111110011111100110000010101011110110101110100011111111011001000000100001011011011100111010100011101100011110011011111000100000011011011001001111110000010110001110100100100111110101111100111110101110010110111000010111100011110101001111110111011111101001111011110101111111111101011101111101000000111111001010000100111110100010101101100111111101011011100001100 
11101110100111011001100111001001110111001111100111000010110101111110101110000111101000111011110001010011111100010101010000011110110111011110010000101000111011110100001001011100110111011110000100011001101010101100111110010010001110000011011101100100011101110011010001001010110011111110011111000111001101011011101011001110010011001111100111100001000000110100100000110111111010110011001100111010011001010100110111110001111000001100011100010001011110011111110100111111000110111101101111110000111010001001101110110110 
11101110100111011001100111001001110111001111100111000010110101111110101110000111101000111011110001010011111100010101010000011110110111011110010000101000111011110100001001011100110111011110000100011001101010101100111110010010001110000011011101100100011101110011010001001010110011111110011111000111001101011011101011001110010011001111100111100001000000110100100000110111111010110011001100111010011001010100110111110001111000001100011100010001011110011111110100111111000110111101101111110000111010001001101110110110 
00110010011100000001111100011101011001010011111100111100011011111001111101001110111010111010011011111111101000011110001000011000010010011100000001010010111111110011111100110000010101011110110101110100011111111011001000000100001011011011100111010100011101100011110011011111000100000011011011001001111110000010110001110100100100111110101111100111110101110010110111000010111100011110101001111110111011111101001111011110101111111111101011101111101000000111111001010000100111110100010101101100111111101011011100001100 
11100111101010000110010111010011111011101111101110101110101001111000011010011101010111111001011111100100011100000111100010111110010110000111011011100100100001101100011101110010101011110111011011011101001110000011111111100011100010111111110100011001001101000111111000011100100001010001001100010011000011000001101010011111101111111000000010111010111100110111101101011000110001101101110101011010101100000001110011010110100011100100111010010001111101100000000001010011100111110001111010101111010010001110110001010001 
11100111101010000110010111010011111011101111101110101110101001111000011010011101010111111001011111100100011100000111100010111110010110000111011011100100100001101100011101110010101011110111011011011101001110000011111111100011100010111111110100011001001101000111111000011100100001010001001100010011000011000001101010011111101111111000000010111010111100110111101101011000110001101101110101011010101100000001110011010110100011100100111010010001111101100000000001010011100111110001111010101111010010001110110001010001 
00110001110011010101000100110111011111110100100100110111100000101011101010011111110100111000000110101100101001100011111001100000001010011000001100001110010100101001000000100111000111100100110000010110010011011010110100010101111011101110111010110110100110101011111000010110111010000010100000101010111010001001001000101101101001001100110000000001110000100101000000011101000011010100010111100000001100110111001100101101100011011101000001110110101100110100100101110001010111011100001011110101101000101000101110000101 
10100100010011110010010100110110110011111100001101101110011111000011110100101011000110110100011001001011010000000001111001011110100001010000110101110100111100110011001111111111011110000111001001000100011000111101101101101010101011011101101010010001011000101101000010101100011110100110010010110110110110000011101001111101001000111101111110011100111101100011100111110100101011011000110111110001111000001010110111001100100010000000010110110100110000011101101011010100101101111010111111101111011100001100001111110101 
00110001110011010101000100110111011111110100100100110111100000101011101010011111110100111000000110101100101001100011111001100000001010011000001100001110010100101001000000100111000111100100110000010110010011011010110100010101111011101110111010110110100110101011111000010110111010000010100000101010111010001001001000101101101001001100110000000001110000100101000000011101000011010100010111100000001100110111001100101101100011011101000001110110101100110100100101110001010111011100001011110101101000101000101110000101 
10100100010011110010010100110110110011111100001101101110011111000011110100101011000110110100011001001011010000000001111001011110100001010000110101110100111100110011001111111111011110000111001001000100011000111101101101101010101011011101101010010001011000101101000010101100011110100110010010110110110110000011101001111101001000111101111110011100111101100011100111110100101011011000110111110001111000001010110111001100100010000000010110110100110000011101101011010100101101111010111111101111011100001100001111110101 
11010001101011111000001001000101100100001101110110001010011110101001001110010011010111101100111000001101001111000111011100010010001001011001110111010101110101011111001110110111110011011010001000110110100111000010001001010010101101010000011000101111111011001010001110101111000101110101011111000101010110011100000000000001011101010010110100110010011001010110001100100011011001111100000110010010011110100000011100000100001001110110110100000111000101001100001000100001110110100000100001101000100000101000001000100110 
01001001101111000101011001000011010010001101001001101100110001000001110010010101110011000110010100100101001000000000100010101001010001100101011100000000100000110000101000100010011101011111101101010111110100011111010010101011011010110001111101111100100011001100000101111101011100001111101111001011111100000011111010111000101101110111100000010010010110000011001100001010010100110000001100000011101101110101010000100101000010000010001110101101011001010001100110101110011110111000001111010001101010101100010101010001 
00011101001111100011101000001010100001001001001001001010110001001000010010110101100100000110111010111011010101001101101111010010000000000011110010001011100101000100111000001010000101110110000110101100100011100101011101100110101000001100001001110011011110110010000111010101111001011110010011110010111111001011010011101111001001011011111001101001111000010100000000110110111100001000000111001001011001010000001110000100111011111011101011100111101001111110100010010111011000101000100111000010101110110010010001010001 
00011111010000100110010100110001011011111111100100110111000011000111010110011101101011111110000011001010111000010001110011100111111110111101001011111100111100110101100100111101100101000001101100111110111101000001010000010010110000011111100000101001011111010011111101010100010001111011000000110101100111010010111011101111110011000011010100010001100000011111100100110011101001101111101100010001111111011101000111110001011010110111011001110011010011000101110001110111111010001011100110111110010100000110100000101001 
10011100111111101110001011101111001101110101111101100100011101110101010100011001000111111010000001100010111011100101110000000000011000000111111110011011000100011010011111100001101000100001111001101000110110110101010111010011001110110010001111111111010101111101001011111110110000111011111111001011011000001111010100010011010010010000110101110001100111000000011110101011000000010011100001010101010100111011101100011010111010011111101111001111000100100001100001011100101001100111010100010111100010011110101100000111 
10011100111111101110001011101111001101110101111101100100011101110101010100011001000111111010000001100010111011100101110000000000011000000111111110011011000100011010011111100001101000100001111001101000110110110101010111010011001110110010001111111111010101111101001011111110110000111011111111001011011000001111010100010011010010010000110101110001100111000000011110101011000000010011100001010101010100111011101100011010111010011111101111001111000100100001100001011100101001100111010100010111100010011110101100000111 
01110001011011010000111010010000000001000001100111110000000111101111010110110110101110111001101011010010001110010000010101110011010101001000010100010110011110101111100010000101001100100100000011000001101100110101000010100001101110011110110000101011110100010010000001110111100011110110001111110001101101011001100011000111110000001101110001011001000010011000000101101000100101000000010111010111000111110100000100111110100000101111110010000000011011111010101001101010010000100100100011010011100010110101100010100100 
00011101001111100011101000001010100001001001001001001010110001001000010010110101100100000110111010111011010101001101101111010010000000000011110010001011100101000100111000001010000101110110000110101100100011100101011101100110101000001100001001110011011110110010000111010101111001011110010011110010111111001011010011101111001001011011111001101001111000010100000000110110111100001000000111001001011001010000001110000100111011111011101011100111101001111110100010010111011000101000100111000010101110110010010001010001 
01110001011011010000111010010000000001000001100111110000000111101111010110110110101110111001101011010010001110010000010101110011010101001000010100010110011110101111100010000101001100100100000011000001101100110101000010100001101110011110110000101011110100010010000001110111100011110110001111110001101101011001100011000111110000001101110001011001000010011000000101101000100101000000010111010111000111110100000100111110100000101111110010000000011011111010101001101010010000100100100011010011100010110101100010100100 
00011111010000100110010100110001011011111111100100110111000011000111010110011101101011111110000011001010111000010001110011100111111110111101001011111100111100110101100100111101100101000001101100111110111101000001010000010010110000011111100000101001011111010011111101010100010001111011000000110101100111010010111011101111110011000011010100010001100000011111100100110011101001101111101100010001111111011101000111110001011010110111011001110011010011000101110001110111111010001011100110111110010100000110100000101001 
11001001111110011010001011000101111101001100000101000111111100101001010100110110111010000011100110010010111010010111001100011111001111101111101111110010001100100011111000011000000001100111110100100001111111100111100001001100111111011101011000010000000000101111111011000011110001101010101000110110111100101001110101111001001000010110010110111111101001100010001011001010110011001001011101110111010111010110000110110111101111011001001010011011101010001010010010010110011000100010000111010100111110101000011100111001 
11010001101011111000001001000101100100001101110110001010011110101001001110010011010111101100111000001101001111000111011100010010001001011001110111010101110101011111001110110111110011011010001000110110100111000010001001010010101101010000011000101111111011001010001110101111000101110101011111000101010110011100000000000001011101010010110100110010011001010110001100100011011001111100000110010010011110100000011100000100001001110110110100000111000101001100001000100001110110100000100001101000100000101000001000100110 
11001001111110011010001011000101111101001100000101000111111100101001010100110110111010000011100110010010111010010111001100011111001111101111101111110010001100100011111000011000000001100111110100100001111111100111100001001100111111011101011000010000000000101111111011000011110001101010101000110110111100101001110101111001001000010110010110111111101001100010001011001010110011001001011101110111010111010110000110110111101111011001001010011011101010001010010010010110011000100010000111010100111110101000011100111001 
01001001101111000101011001000011010010001101001001101100110001000001110010010101110011000110010100100101001000000000100010101001010001100101011100000000100000110000101000100010011101011111101101010111110100011111010010101011011010110001111101111100100011001100000101111101011100001111101111001011111100000011111010111000101101110111100000010010010110000011001100001010010100110000001100000011101101110101010000100101000010000010001110101101011001010001100110101110011110111000001111010001101010101100010101010001 
11110111001100111001100110001110111111011001010000110100110110010101010011011111001001111011001111110000101111100000000010000111000101111001000010001111011010000011101001111100100100010011010100000110000000101110100010110001100100011110010111000011000011010101000001111111110011100000100101100010100101010100000111111011110100111110001010100110100000001001100000011111111001111011111001101011000000111011011100111101101100101101000100011110111100100111010111010011011101111010110001011100110010111000001001011111 
00100110001111101110001001110110000100010111100110100111010001110100111001000000100101011110011001111000100110010111010010100101011111100011001011110101000011111100001000001001000011101010011010111000110100001010001111100011100101001000101101001100000110101001111100000100010001101000000010100100000111111001001101001001011010011000010110110111011101010001000100000110101111011101000100101011101010011100100010111110110111101011100010010110001111000001101010110110110110110110001000000110000111011001111011010001 
01101101101101001100110001100111010001111011000001110111010110011000001000011011001000100011101101110010000011111101011010001011001001101010100110111110010001111000001001100110100001001111100001110010100110001010110001100001011001111011011010100110010111110000010110010110111100010110011000111010110111111101101111100000011000000011110100110101010111111101101000100110001010110010011011111011011100110010111110101100011000010111110010111100110100010000101011100110111101110011101001101100100000110101111100000011 
00000110010000111001101110000111100111010111111000101010100100110001000101001001101110110100001111100111000101010100000000001111010100110001010110010010000111001011000000011111011000001101000110110111011010010101110101001111000011001111011100100101100110111110000001001001111111000111011100011010011001101001000110111110011011010000101101001100011100101001111001011011001101100001110100111100000111010000110110010100110111000110000010110010111101101111001101011111101100010100111000100000011100001110001101000011 
11010111011111011001011000110010010011001001110001000000001111000101001011011001110100010010111001110111001010011111000010011100010100100000011010011110111011001011000010111111001010001100011110010101011011100000110101100110101100110011111111010100101011100111010110100100111011101010110001100101111001010111111011100101001010010110001011110001001011110100011001110011101101111100101101001110100000011010101110010001110011111010000101101100110001100101010100111001010110110010000101100111001001011111110100010011 
00100101011111011001110101100101101011111100100111000001011011111111011000001100100000101001111111100000001111110110000100110111101110111111000010000100001000010101011111000001010110000000100001100110000101001010110101110110001000110010001101011011110010010110111100111011000100001110101010101000101110100111100010010110010011001001111001001010010101110001110100111010110001100101011000000100111011100001011101011100011010010110100011100110010100001110000110001111111100001011010001001000110111001101010101100001 
01101001111110011001010100110000100111110000101010010011111001111010000101101110011011110111010010111111110001111001101000001010010111011101001111011010000111001100111100111001111000100011001101011110111000101101110101101111100001000100101010100111010001101010001010011111000101110101011011100111000100110000000110000011101100000001001010110111000110001010001000010101110111001001010111110100101101101010111111110011011001110111100001000100101011111110110100000100001011000110010100001010101100111000111000010101 
01111100111101000111100010101011101010000000001111100001100101001011001101100111110010110010110010111110001100100101100010011010011110100011101010001110100001110001000110001001100010001101110111001011011000000001011010011110000111100110101110101111101010010110000101001011111110101000010010110000011101101001000111101010110111110001111100101111101100010101111000001001100001110011011111010001110000000111100011110011001000011100010000111100110100000110100001000101101100000110010100110001011101011111111110000001 
00101101100101111000011100111010110111100101000001100110000111011000000010110011011110001100111111011000010001011010111110011100101100101011011001111010110001100110010000111000001011011000101011000001010000011111100111010101010100111100101001100011100100111111010101110000111110111011110111111000101011001110000100011101110000110111010011110001001001110111010110011100000100110010111011001100011110010110111000011111000100100010010111010100000101100010101010101000100010011101111111010001000101100001000111100001 
10111011111011101000001001110001110010101001000101011001100001010001110011111011101011011001010100110001100111010110111111101101100010100111111111101101111100101010001110111000000000001001011011101010001111001000001100110101110100101000110011111100011010011001011001101111000000100001001011111100101010010001111010111101101100010010110001101101111110000001110110011110001000010111110001111101010101101011101001101100001000000000110010110111100110110111100101000001000001101011000110011011110000000011100001001101 
00111001110011100110011000100100010001001010110011100101001011000111011001000011010011110010001110010010110111111101110100110010011111100011100000011100101100000010101000000100011000111010011100101011100100010101011110111111000001110010011010101000101001111001010100101111110101111001100010000010100111100001110010010011100001111010011100011010000111011011110110000010011110111111101011110110110100001011111001000100110011101001110010001100001100100011011100000010000111011001011010011001111100000010101110110001 
01011110000000111111001001010100000011111100001010001011110110011100000100001100001111101101011010100001010000111111001000000000101111111000001101111110000110100110011101000100100100111101111101110001001101101110000101000100101000010011010010011111101001001011111000110110011001101100010011100001100011011001001100110011111110110101100011100011100101100100001101100111111110101001110101010100001011111110001010100001111101011100100100011010100000011101010110110110000011011100010110000101011001101111100011110011 
01111111111101110010101001000001101000010100100100110011101011100110000110001001110001111111001001111110101011111111011101000010101010011100111110000001110101101000111010110000100101010101101010011010111110000001101111110000010010101100110101000011011110110001101010100101110110100111110010001111101000101111100111000010001001000100101010011101100000111100010110010101101110000110111100101001011101101111101000110111010011000110000000100100010110001001000110001111001010011110101001100000010000101111010001110001 
00100011110001010110111011000001110010110110011001100011111010100100101000100111100100010100011011011110001111001111001110111011100110001101101000110101001010110010000010110011101110011111011001111101110011001100001011010010011010001110100101000111000101010000010100101110010000100101100101011001110101011110110110011010011011101101111000111100100110010000011001001001111101001100100100101010000111111101011001001110100111100111111010111011010001010010101110111000101011101100110110100001110101001101010110010011 
00010110101100110101100101011110111000101010010001111111111110100011111101010011010010101001010111010100110101010111110100101010100101011011111111011101101000110011010000011000000000100001011001111100101101000011101001011010100100000011000000001010010110100110001111011110101001101011010000001101001100001000011011110111000101111011000100101110111101110100001101011111011110111100101000000100110101101011100001011010110010101001110100011100100111010000100111000001100000101110011000100100110000110011001011001111 
11110011011011001110110100001000110011001011001110110011110101111100101000100100111010001011110100100101000000011010100011100011000110001111011111001111110100110000111000110001001010011011001011101011000001101110001000111010011111111111000010101001111110001011010100001000001011000101010111001010110100100010001001011011111111010011110000000000111000100010001111101011000111000000001011110001110010001101010000001011101110001001111111100111011011000011100111001010110001010111011001011110010000100010010111100101 
11101111001111011101011011001000111011101111100010101011101010000011001000101000111000110111111001100010100110101011000100100111001101101011001011010001001001111011100011001100000011101011011111000010000001101101011111010111110111010010111110011111011011011001010000000001111011001101101110001101101001001110010111011100100001110111101011100011001010000000101110000000111001001010000100010010110101101010010100010001010011100110000100011011001011100000010111100101001010011101110111010100011110101100011011111111 
10100110011110110011101010000101111100001111100010100100000101101011110110110111110100001101101000100110000010101010010011110100100101100010110001100010100010000110010110011111110011001011010100000101010010010111100000001100000010111001010010000111010111000110111111111001111101001000000011010001010111101101010100000101111111100111011111111100000100001001011110111111111000000110001000011110001110000101100000110011100110011110100010111000000110100101011101110111110001000001011010000010100101101100100001010011 
11010101101100111101001001111001001101101010000010000110000111001010101101110000001111010101111101110101111000111100011100010011000111111101111000110001111001101010101100110111010100111100100101110110100010111011011100011110000010001000011000000111001010100111111110010000110011101000111001100111010011111011110001000011110101001000011110111101000010010011101001000000111100111100110100001110100011110001011100111100001111100000110000101010101101000110111101010000010001101000010110001001110110100101101110001001 
01000000001001010001101010010110100101011100110101001000011000000011100111100100001110000000001101111011001110111111111111001100110011001001001110010100110001011000001011001001010101000101100111010110111001110111011111000000011000110011110011111010000101010010110010111010111101111100010111000111100010010011101101100000111101101111111001001001011110100111000011001110000010010001010101101110010010000100000011111101110100000110000010101110110001011100011001011001001011110110100100100111000100110101110000000011 
01100110110010110000000101010010001010001110000111100111100001010110110010000111110011111001001000110110001001101110001000011000001101000101100100100101111110110011110111110010011001010110011101011010101001101010110111101011100000100011010101000000001011110110110001010000101111111011110001110000001001000110010101100100111011100001100010000100010010010010100011111101111011111101011100011010101011110110010001000000001111110011100011100001010000000000100011010010011111010110111111100101110000001111101000011001 
00110001001110001101100011011001001000000101110001010001110111111000101100100000101001011100110001000110001111000111110111101011001101010000110101100010001000111010000110010010110000011111101000010101110111001000110010101101001010100011001110110000111010110100110000110010010110010000100100000110100100110100101011100111110000010100101001001111000110000111100001011101100101010010101011001101010111000111001010110100110001010101101111011011001111000111011100011101000101000110000011110101101010010010110101110101 
00001110110011101100100011110001011010110010010111011011100100111111111011111000101000000000000111110001001001010100100101110011111101110000010000001001100010001000001010110101001111110110101110100111110111100001010100101101000011101000000001011110011001110101001110010011100111001111011111101000110110000001110000010100110000001111001100100010100100100011101000111010011010010101001001010011100110000111110001110111101000011111000100100010000111000000000000001100111111010100011011111000110110110010011110000111 
01011110000000111111001001010100000011111100001010001011110110011100000100001100001111101101011010100001010000111111001000000000101111111000001101111110000110100110011101000100100100111101111101110001001101101110000101000100101000010011010010011111101001001011111000110110011001101100010011100001100011011001001100110011111110110101100011100011100101100100001101100111111110101001110101010100001011111110001010100001111101011100100100011010100000011101010110110110000011011100010110000101011001101111100011110011 
01101100101011001011001110001010000101111100000100011001111101100001100100110100010000000010101000011011101001110110101101001000010011010011111111111110000011111001101010110011000101110000011111100011111110111011011101011010010011011001110011100101110110101100101100100011000000010111000000101110111001110011110001110100001000100101100010110010111100100101001000001110100011001011101100000111010110000111010010111110000001111111000100010101110110110100100101101010100011101011000100000011100110101110100100111011 
00101101100101111000011100111010110111100101000001100110000111011000000010110011011110001100111111011000010001011010111110011100101100101011011001111010110001100110010000111000001011011000101011000001010000011111100111010101010100111100101001100011100100111111010101110000111110111011110111111000101011001110000100011101110000110111010011110001001001110111010110011100000100110010111011001100011110010110111000011111000100100010010111010100000101100010101010101000100010011101111111010001000101100001000111100001 
00110001001110001101100011011001001000000101110001010001110111111000101100100000101001011100110001000110001111000111110111101011001101010000110101100010001000111010000110010010110000011111101000010101110111001000110010101101001010100011001110110000111010110100110000110010010110010000100100000110100100110100101011100111110000010100101001001111000110000111100001011101100101010010101011001101010111000111001010110100110001010101101111011011001111000111011100011101000101000110000011110101101010010010110101110101 
01111111111101110010101001000001101000010100100100110011101011100110000110001001110001111111001001111110101011111111011101000010101010011100111110000001110101101000111010110000100101010101101010011010111110000001101111110000010010101100110101000011011110110001101010100101110110100111110010001111101000101111100111000010001001000100101010011101100000111100010110010101101110000110111100101001011101101111101000110111010011000110000000100100010110001001000110001111001010011110101001100000010000101111010001110001 
01101001111110011001010100110000100111110000101010010011111001111010000101101110011011110111010010111111110001111001101000001010010111011101001111011010000111001100111100111001111000100011001101011110111000101101110101101111100001000100101010100111010001101010001010011111000101110101011011100111000100110000000110000011101100000001001010110111000110001010001000010101110111001001010111110100101101101010111111110011011001110111100001000100101011111110110100000100001011000110010100001010101100111000111000010101 
10111011111011101000001001110001110010101001000101011001100001010001110011111011101011011001010100110001100111010110111111101101100010100111111111101101111100101010001110111000000000001001011011101010001111001000001100110101110100101000110011111100011010011001011001101111000000100001001011111100101010010001111010111101101100010010110001101101111110000001110110011110001000010111110001111101010101101011101001101100001000000000110010110111100110110111100101000001000001101011000110011011110000000011100001001101 
00001110110011101100100011110001011010110010010111011011100100111111111011111000101000000000000111110001001001010100100101110011111101110000010000001001100010001000001010110101001111110110101110100111110111100001010100101101000011101000000001011110011001110101001110010011100111001111011111101000110110000001110000010100110000001111001100100010100100100011101000111010011010010101001001010011100110000111110001110111101000011111000100100010000111000000000000001100111111010100011011111000110110110010011110000111 
11010101101100111101001001111001001101101010000010000110000111001010101101110000001111010101111101110101111000111100011100010011000111111101111000110001111001101010101100110111010100111100100101110110100010111011011100011110000010001000011000000111001010100111111110010000110011101000111001100111010011111011110001000011110101001000011110111101000010010011101001000000111100111100110100001110100011110001011100111100001111100000110000101010101101000110111101010000010001101000010110001001110110100101101110001001 
00101001101000010100100100011111010100000010110011010001011011100011111001000110100101010110000000011001000010110010011111011011000101101101000011010001111011101001000101001111100010111101110011100100111001101001100001110001001001111000000111111111001111000110000101101011101000100010010011110001100001011010100110111001100100110100011010001101110101011110100100000101101000101011100000111111111001101101000001100000010110011111001001101000011111011110110000001000110101111100100001110100100110100101000010111011 
00111001110011100110011000100100010001001010110011100101001011000111011001000011010011110010001110010010110111111101110100110010011111100011100000011100101100000010101000000100011000111010011100101011100100010101011110111111000001110010011010101000101001111001010100101111110101111001100010000010100111100001110010010011100001111010011100011010000111011011110110000010011110111111101011110110110100001011111001000100110011101001110010001100001100100011011100000010000111011001011010011001111100000010101110110001 
00100101011111011001110101100101101011111100100111000001011011111111011000001100100000101001111111100000001111110110000100110111101110111111000010000100001000010101011111000001010110000000100001100110000101001010110101110110001000110010001101011011110010010110111100111011000100001110101010101000101110100111100010010110010011001001111001001010010101110001110100111010110001100101011000000100111011100001011101011100011010010110100011100110010100001110000110001111111100001011010001001000110111001101010101100001 
01111100111101000111100010101011101010000000001111100001100101001011001101100111110010110010110010111110001100100101100010011010011110100011101010001110100001110001000110001001100010001101110111001011011000000001011010011110000111100110101110101111101010010110000101001011111110101000010010110000011101101001000111101010110111110001111100101111101100010101111000001001100001110011011111010001110000000111100011110011001000011100010000111100110100000110100001000101101100000110010100110001011101011111111110000001 
01101101101101001100110001100111010001111011000001110111010110011000001000011011001000100011101101110010000011111101011010001011001001101010100110111110010001111000001001100110100001001111100001110010100110001010110001100001011001111011011010100110010111110000010110010110111100010110011000111010110111111101101111100000011000000011110100110101010111111101101000100110001010110010011011111011011100110010111110101100011000010111110010111100110100010000101011100110111101110011101001101100100000110101111100000011 
00000110010000111001101110000111100111010111111000101010100100110001000101001001101110110100001111100111000101010100000000001111010100110001010110010010000111001011000000011111011000001101000110110111011010010101110101001111000011001111011100100101100110111110000001001001111111000111011100011010011001101001000110111110011011010000101101001100011100101001111001011011001101100001110100111100000111010000110110010100110111000110000010110010111101101111001101011111101100010100111000100000011100001110001101000011 
11010111011111011001011000110010010011001001110001000000001111000101001011011001110100010010111001110111001010011111000010011100010100100000011010011110111011001011000010111111001010001100011110010101011011100000110101100110101100110011111111010100101011100111010110100100111011101010110001100101111001010111111011100101001010010110001011110001001011110100011001110011101101111100101101001110100000011010101110010001110011111010000101101100110001100101010100111001010110110010000101100111001001011111110100010011 
11101111001111011101011011001000111011101111100010101011101010000011001000101000111000110111111001100010100110101011000100100111001101101011001011010001001001111011100011001100000011101011011111000010000001101101011111010111110111010010111110011111011011011001010000000001111011001101101110001101101001001110010111011100100001110111101011100011001010000000101110000000111001001010000100010010110101101010010100010001010011100110000100011011001011100000010111100101001010011101110111010100011110101100011011111111 
10100110011110110011101010000101111100001111100010100100000101101011110110110111110100001101101000100110000010101010010011110100100101100010110001100010100010000110010110011111110011001011010100000101010010010111100000001100000010111001010010000111010111000110111111111001111101001000000011010001010111101101010100000101111111100111011111111100000100001001011110111111111000000110001000011110001110000101100000110011100110011110100010111000000110100101011101110111110001000001011010000010100101101100100001010011 
00100011110001010110111011000001110010110110011001100011111010100100101000100111100100010100011011011110001111001111001110111011100110001101101000110101001010110010000010110011101110011111011001111101110011001100001011010010011010001110100101000111000101010000010100101110010000100101100101011001110101011110110110011010011011101101111000111100100110010000011001001001111101001100100100101010000111111101011001001110100111100111111010111011010001010010101110111000101011101100110110100001110101001101010110010011 
10001101100110001011000000011010011011001010111101111110110001000011101001000100100101010100001111111000001001000101011011011101111101010000001011100010001111011110101110100100000100101011001101100010010101101110111100011110011010000000010110001011101000111011001011001000001000100000110010010110010101111101110010111010000100010100110011011001011010010001010101100111110000011001010110100111000111100010001000011110100011011111100001101010110100011111111100101001011110101011100101010111111110000001101111010111 
11110111001100111001100110001110111111011001010000110100110110010101010011011111001001111011001111110000101111100000000010000111000101111001000010001111011010000011101001111100100100010011010100000110000000101110100010110001100100011110010111000011000011010101000001111111110011100000100101100010100101010100000111111011110100111110001010100110100000001001100000011111111001111011111001101011000000111011011100111101101100101101000100011110111100100111010111010011011101111010110001011100110010111000001001011111 
00100110001111101110001001110110000100010111100110100111010001110100111001000000100101011110011001111000100110010111010010100101011111100011001011110101000011111100001000001001000011101010011010111000110100001010001111100011100101001000101101001100000110101001111100000100010001101000000010100100000111111001001101001001011010011000010110110111011101010001000100000110101111011101000100101011101010011100100010111110110111101011100010010110001111000001101010110110110110110110001000000110000111011001111011010001 
01000000001001010001101010010110100101011100110101001000011000000011100111100100001110000000001101111011001110111111111111001100110011001001001110010100110001011000001011001001010101000101100111010110111001110111011111000000011000110011110011111010000101010010110010111010111101111100010111000111100010010011101101100000111101101111111001001001011110100111000011001110000010010001010101101110010010000100000011111101110100000110000010101110110001011100011001011001001011110110100100100111000100110101110000000011 
01110111000101001001000110000000000101010110010111010001110101101000000000010010110100000110010101001110000101100001111110000010110111100101011001000101010010000110000110001010101011100011110100010011000100000111101100100010000100001000000101100010010101110110010011011010001001001101010000100010101000110001001101111110111001011010110010101001011110011101010010100101111010111001110001011110111010110001010010101101000111000101101101000010110111011010100010011101110000000011000010010001111001101100001111110000 
11110111100001101101000101100011111011110011011010000101111011111010101011110110111101011111111111111100111001111110011111111111101111100100111110010010101000110101011011100010101101111000110100011111001000010110101010111011101100011011111001111100001011111011101100111000100000010011010111100111111011011110011011001000100011101010111100011110110111000010110100110111010111010010100001110110010001110110000011100011011111111101100001110010001101010111000100110011111101011100101101000001101010111001001011001000 
11101110100111011001100111001001110111001111100111000010110101111110101110000111101000111011110001010011111100010101010000011110110111011110010000101000111011110100001001011100110111011110000100011001101010101100111110010010001110000011011101100100011101110011010001001010110011111110011111000111001101011011101011001110010011001111100111100001000000110100100000110111111010110011001100111010011001010100110111110001111000001100011100010001011110011111110100111111000110111101101111110000111010001001101110110110 
00110010011100000001111100011101011001010011111100111100011011111001111101001110111010111010011011111111101000011110001000011000010010011100000001010010111111110011111100110000010101011110110101110100011111111011001000000100001011011011100111010100011101100011110011011111000100000011011011001001111110000010110001110100100100111110101111100111110101110010110111000010111100011110101001111110111011111101001111011110101111111111101011101111101000000111111001010000100111110100010101101100111111101011011100001100 
11100111101010000110010111010011111011101111101110101110101001111000011010011101010111111001011111100100011100000111100010111110010110000111011011100100100001101100011101110010101011110111011011011101001110000011111111100011100010111111110100011001001101000111111000011100100001010001001100010011000011000001101010011111101111111000000010111010111100110111101101011000110001101101110101011010101100000001110011010110100011100100111010010001111101100000000001010011100111110001111010101111010010001110110001010001 
00110001110011010101000100110111011111110100100100110111100000101011101010011111110100111000000110101100101001100011111001100000001010011000001100001110010100101001000000100111000111100100110000010110010011011010110100010101111011101110111010110110100110101011111000010110111010000010100000101010111010001001001000101101101001001100110000000001110000100101000000011101000011010100010111100000001100110111001100101101100011011101000001110110101100110100100101110001010111011100001011110101101000101000101110000101 
10100100010011110010010100110110110011111100001101101110011111000011110100101011000110110100011001001011010000000001111001011110100001010000110101110100111100110011001111111111011110000111001001000100011000111101101101101010101011011101101010010001011000101101000010101100011110100110010010110110110110000011101001111101001000111101111110011100111101100011100111110100101011011000110111110001111000001010110111001100100010000000010110110100110000011101101011010100101101111010111111101111011100001100001111110101 
10011100111111101110001011101111001101110101111101100100011101110101010100011001000111111010000001100010111011100101110000000000011000000111111110011011000100011010011111100001101000100001111001101000110110110101010111010011001110110010001111111111010101111101001011111110110000111011111111001011011000001111010100010011010010010000110101110001100111000000011110101011000000010011100001010101010100111011101100011010111010011111101111001111000100100001100001011100101001100111010100010111100010011110101100000111 
00011111010000100110010100110001011011111111100100110111000011000111010110011101101011111110000011001010111000010001110011100111111110111101001011111100111100110101100100111101100101000001101100111110111101000001010000010010110000011111100000101001011111010011111101010100010001111011000000110101100111010010111011101111110011000011010100010001100000011111100100110011101001101111101100010001111111011101000111110001011010110111011001110011010011000101110001110111111010001011100110111110010100000110100000101001 
01110001011011010000111010010000000001000001100111110000000111101111010110110110101110111001101011010010001110010000010101110011010101001000010100010110011110101111100010000101001100100100000011000001101100110101000010100001101110011110110000101011110100010010000001110111100011110110001111110001101101011001100011000111110000001101110001011001000010011000000101101000100101000000010111010111000111110100000100111110100000101111110010000000011011111010101001101010010000100100100011010011100010110101100010100100 
00011101001111100011101000001010100001001001001001001010110001001000010010110101100100000110111010111011010101001101101111010010000000000011110010001011100101000100111000001010000101110110000110101100100011100101011101100110101000001100001001110011011110110010000111010101111001011110010011110010111111001011010011101111001001011011111001101001111000010100000000110110111100001000000111001001011001010000001110000100111011111011101011100111101001111110100010010111011000101000100111000010101110110010010001010001 
00110100101011011111110001110100000101100011011000110101101100010011110100011000010010100100001101000101001001111110010110110100100101100010000000101001000000001000111101101001101000000011001010000100000000000000000101101001001000101000010100110001000110001001100101101000100100000110100111111100110011011001110110101000100111100011111010000101100111101111110101100100110101100011110001100010111000011010000100101011100100101100101011111110010110011111010100110110101110010110101101001111111100000101101101101010 
11001001111110011010001011000101111101001100000101000111111100101001010100110110111010000011100110010010111010010111001100011111001111101111101111110010001100100011111000011000000001100111110100100001111111100111100001001100111111011101011000010000000000101111111011000011110001101010101000110110111100101001110101111001001000010110010110111111101001100010001011001010110011001001011101110111010111010110000110110111101111011001001010011011101010001010010010010110011000100010000111010100111110101000011100111001 
01001001101111000101011001000011010010001101001001101100110001000001110010010101110011000110010100100101001000000000100010101001010001100101011100000000100000110000101000100010011101011111101101010111110100011111010010101011011010110001111101111100100011001100000101111101011100001111101111001011111100000011111010111000101101110111100000010010010110000011001100001010010100110000001100000011101101110101010000100101000010000010001110101101011001010001100110101110011110111000001111010001101010101100010101010001 
00001110110011101100100011110001011010110010010111011011100100111111111011111000101000000000000111110001001001010100100101110011111101110000010000001001100010001000001010110101001111110110101110100111110111100001010100101101000011101000000001011110011001110101001110010011100111001111011111101000110110000001110000010100110000001111001100100010100100100011101000111010011010010101001001010011100110000111110001110111101000011111000100100010000111000000000000001100111111010100011011111000110110110010011110000111 
11101001011011100101100000110111011001001110010011001000110111011100100010100100000110110110101100111010010000101001010011110101001000011001000100110011001010101011111111101100000001100010110111000011010100101001101101101010111111010100010100111101010000010010010101101010000111010000111101100001100100010011001001101110010010000110001111101111100101011110011110111111011100001111100010100110100100110001011010001000011010110001100110100110010011110100101111000101101010111101001111010111010010000001111100101111 
00100101011111011001110101100101101011111100100111000001011011111111011000001100100000101001111111100000001111110110000100110111101110111111000010000100001000010101011111000001010110000000100001100110000101001010110101110110001000110010001101011011110010010110111100111011000100001110101010101000101110100111100010010110010011001001111001001010010101110001110100111010110001100101011000000100111011100001011101011100011010010110100011100110010100001110000110001111111100001011010001001000110111001101010101100001 
10100110011110110011101010000101111100001111100010100100000101101011110110110111110100001101101000100110000010101010010011110100100101100010110001100010100010000110010110011111110011001011010100000101010010010111100000001100000010111001010010000111010111000110111111111001111101001000000011010001010111101101010100000101111111100111011111111100000100001001011110111111111000000110001000011110001110000101100000110011100110011110100010111000000110100101011101110111110001000001011010000010100101101100100001010011 
11110111001100111001100110001110111111011001010000110100110110010101010011011111001001111011001111110000101111100000000010000111000101111001000010001111011010000011101001111100100100010011010100000110000000101110100010110001100100011110010111000011000011010101000001111111110011100000100101100010100101010100000111111011110100111110001010100110100000001001100000011111111001111011111001101011000000111011011100111101101100101101000100011110111100100111010111010011011101111010110001011100110010111000001001011111 
11000100001111111100001010011100111110101100100001001000101001100000101101101100100100010101011010001000100011101110100000110011111001001011110010011101101011110100111111000111100011110111001011111111111100001011011000101110001100101101010001100110011010101000011100101101110010111101100001001010000101111110010000100010111001110011001001010001111111101111100111000110111001100011001100001011110010011010100000000011100000000110010011000111000010001011101101110100100001100000111110000001000101010111000101101111 
11101111001111011101011011001000111011101111100010101011101010000011001000101000111000110111111001100010100110101011000100100111001101101011001011010001001001111011100011001100000011101011011111000010000001101101011111010111110111010010111110011111011011011001010000000001111011001101101110001101101001001110010111011100100001110111101011100011001010000000101110000000111001001010000100010010110101101010010100010001010011100110000100011011001011100000010111100101001010011101110111010100011110101100011011111111 
11010111011111011001011000110010010011001001110001000000001111000101001011011001110100010010111001110111001010011111000010011100010100100000011010011110111011001011000010111111001010001100011110010101011011100000110101100110101100110011111111010100101011100111010110100100111011101010110001100101111001010111111011100101001010010110001011110001001011110100011001110011101101111100101101001110100000011010101110010001110011111010000101101100110001100101010100111001010110110010000101100111001001011111110100010011 
00110001001110001101100011011001001000000101110001010001110111111000101100100000101001011100110001000110001111000111110111101011001101010000110101100010001000111010000110010010110000011111101000010101110111001000110010101101001010100011001110110000111010110100110000110010010110010000100100000110100100110100101011100111110000010100101001001111000110000111100001011101100101010010101011001101010111000111001010110100110001010101101111011011001111000111011100011101000101000110000011110101101010010010110101110101 
10001101100110001011000000011010011011001010111101111110110001000011101001000100100101010100001111111000001001000101011011011101111101010000001011100010001111011110101110100100000100101011001101100010010101101110111100011110011010000000010110001011101000111011001011001000001000100000110010010110010101111101110010111010000100010100110011011001011010010001010101100111110000011001010110100111000111100010001000011110100011011111100001101010110100011111111100101001011110101011100101010111111110000001101111010111 
01000000001001010001101010010110100101011100110101001000011000000011100111100100001110000000001101111011001110111111111111001100110011001001001110010100110001011000001011001001010101000101100111010110111001110111011111000000011000110011110011111010000101010010110010111010111101111100010111000111100010010011101101100000111101101111111001001001011110100111000011001110000010010001010101101110010010000100000011111101110100000110000010101110110001011100011001011001001011110110100100100111000100110101110000000011 
00101101100101111000011100111010110111100101000001100110000111011000000010110011011110001100111111011000010001011010111110011100101100101011011001111010110001100110010000111000001011011000101011000001010000011111100111010101010100111100101001100011100100111111010101110000111110111011110111111000101011001110000100011101110000110111010011110001001001110111010110011100000100110010111011001100011110010110111000011111000100100010010111010100000101100010101010101000100010011101111111010001000101100001000111100001 
01101100101011001011001110001010000101111100000100011001111101100001100100110100010000000010101000011011101001110110101101001000010011010011111111111110000011111001101010110011000101110000011111100011111110111011011101011010010011011001110011100101110110101100101100100011000000010111000000101110111001110011110001110100001000100101100010110010111100100101001000001110100011001011101100000111010110000111010010111110000001111111000100010101110110110100100101101010100011101011000100000011100110101110100100111011 
00000110010000111001101110000111100111010111111000101010100100110001000101001001101110110100001111100111000101010100000000001111010100110001010110010010000111001011000000011111011000001101000110110111011010010101110101001111000011001111011100100101100110111110000001001001111111000111011100011010011001101001000110111110011011010000101101001100011100101001111001011011001101100001110100111100000111010000110110010100110111000110000010110010111101101111001101011111101100010100111000100000011100001110001101000011 
10111011111011101000001001110001110010101001000101011001100001010001110011111011101011011001010100110001100111010110111111101101100010100111111111101101111100101010001110111000000000001001011011101010001111001000001100110101110100101000110011111100011010011001011001101111000000100001001011111100101010010001111010111101101100010010110001101101111110000001110110011110001000010111110001111101010101101011101001101100001000000000110010110111100110110111100101000001000001101011000110011011110000000011100001001101 
11010101101100111101001001111001001101101010000010000110000111001010101101110000001111010101111101110101111000111100011100010011000111111101111000110001111001101010101100110111010100111100100101110110100010111011011100011110000010001000011000000111001010100111111110010000110011101000111001100111010011111011110001000011110101001000011110111101000010010011101001000000111100111100110100001110100011110001011100111100001111100000110000101010101101000110111101010000010001101000010110001001110110100101101110001001 
00100011110001010110111011000001110010110110011001100011111010100100101000100111100100010100011011011110001111001111001110111011100110001101101000110101001010110010000010110011101110011111011001111101110011001100001011010010011010001110100101000111000101010000010100101110010000100101100101011001110101011110110110011010011011101101111000111100100110010000011001001001111101001100100100101010000111111101011001001110100111100111111010111011010001010010101110111000101011101100110110100001110101001101010110010011 
00111001110011100110011000100100010001001010110011100101001011000111011001000011010011110010001110010010110111111101110100110010011111100011100000011100101100000010101000000100011000111010011100101011100100010101011110111111000001110010011010101000101001111001010100101111110101111001100010000010100111100001110010010011100001111010011100011010000111011011110110000010011110111111101011110110110100001011111001000100110011101001110010001100001100100011011100000010000111011001011010011001111100000010101110110001 
00100110001111101110001001110110000100010111100110100111010001110100111001000000100101011110011001111000100110010111010010100101011111100011001011110101000011111100001000001001000011101010011010111000110100001010001111100011100101001000101101001100000110101001111100000100010001101000000010100100000111111001001101001001011010011000010110110111011101010001000100000110101111011101000100101011101010011100100010111110110111101011100010010110001111000001101010110110110110110110001000000110000111011001111011010001 
01101001111110011001010100110000100111110000101010010011111001111010000101101110011011110111010010111111110001111001101000001010010111011101001111011010000111001100111100111001111000100011001101011110111000101101110101101111100001000100101010100111010001101010001010011111000101110101011011100111000100110000000110000011101100000001001010110111000110001010001000010101110111001001010111110100101101101010111111110011011001110111100001000100101011111110110100000100001011000110010100001010101100111000111000010101 
10000011101011101110011011011000001100110000000001101011011110001110010010101001000101100101110001000000001101000111110110101010100111111100110011110110001011110000001100000001011111000000010100110110101100011010101011111111010111100010001000101011010010011000111100100111011100110101110110111101111000100110000000101000101001100000110001101111001001001001100000111001011110010100101100000001101010100110100111110111011001100001011011010010111001001000011011011101111001110110101111111101001110000110111011110101 
00101001101000010100100100011111010100000010110011010001011011100011111001000110100101010110000000011001000010110010011111011011000101101101000011010001111011101001000101001111100010111101110011100100111001101001100001110001001001111000000111111111001111000110000101101011101000100010010011110001100001011010100110111001100100110100011010001101110101011110100100000101101000101011100000111111111001101101000001100000010110011111001001101000011111011110110000001000110101111100100001110100100110100101000010111011 
01101101101101001100110001100111010001111011000001110111010110011000001000011011001000100011101101110010000011111101011010001011001001101010100110111110010001111000001001100110100001001111100001110010100110001010110001100001011001111011011010100110010111110000010110010110111100010110011000111010110111111101101111100000011000000011110100110101010111111101101000100110001010110010011011111011011100110010111110101100011000010111110010111100110100010000101011100110111101110011101001101100100000110101111100000011 
11110111100001101101000101100011111011110011011010000101111011111010101011110110111101011111111111111100111001111110011111111111101111100100111110010010101000110101011011100010101101111000110100011111001000010110101010111011101100011011111001111100001011111011101100111000100000010011010111100111111011011110011011001000100011101010111100011110110111000010110100110111010111010010100001110110010001110110000011100011011111111101100001110010001101010111000100110011111101011100101101000001101010111001001011001000 
01110111000101001001000110000000000101010110010111010001110101101000000000010010110100000110010101001110000101100001111110000010110111100101011001000101010010000110000110001010101011100011110100010011000100000111101100100010000100001000000101100010010101110110010011011010001001001101010000100010101000110001001101111110111001011010110010101001011110011101010010100101111010111001110001011110111010110001010010101101000111000101101101000010110111011010100010011101110000000011000010010001111001101100001111110000 
11101110100111011001100111001001110111001111100111000010110101111110101110000111101000111011110001010011111100010101010000011110110111011110010000101000111011110100001001011100110111011110000100011001101010101100111110010010001110000011011101100100011101110011010001001010110011111110011111000111001101011011101011001110010011001111100111100001000000110100100000110111111010110011001100111010011001010100110111110001111000001100011100010001011110011111110100111111000110111101101111110000111010001001101110110110 
00110010011100000001111100011101011001010011111100111100011011111001111101001110111010111010011011111111101000011110001000011000010010011100000001010010111111110011111100110000010101011110110101110100011111111011001000000100001011011011100111010100011101100011110011011111000100000011011011001001111110000010110001110100100100111110101111100111110101110010110111000010111100011110101001111110111011111101001111011110101111111111101011101111101000000111111001010000100111110100010101101100111111101011011100001100 
11100111101010000110010111010011111011101111101110101110101001111000011010011101010111111001011111100100011100000111100010111110010110000111011011100100100001101100011101110010101011110111011011011101001110000011111111100011100010111111110100011001001101000111111000011100100001010001001100010011000011000001101010011111101111111000000010111010111100110111101101011000110001101101110101011010101100000001110011010110100011100100111010010001111101100000000001010011100111110001111010101111010010001110110001010001 
00110001110011010101000100110111011111110100100100110111100000101011101010011111110100111000000110101100101001100011111001100000001010011000001100001110010100101001000000100111000111100100110000010110010011011010110100010101111011101110111010110110100110101011111000010110111010000010100000101010111010001001001000101101101001001100110000000001110000100101000000011101000011010100010111100000001100110111001100101101100011011101000001110110101100110100100101110001010111011100001011110101101000101000101110000101 
10100100010011110010010100110110110011111100001101101110011111000011110100101011000110110100011001001011010000000001111001011110100001010000110101110100111100110011001111111111011110000111001001000100011000111101101101101010101011011101101010010001011000101101000010101100011110100110010010110110110110000011101001111101001000111101111110011100111101100011100111110100101011011000110111110001111000001010110111001100100010000000010110110100110000011101101011010100101101111010111111101111011100001100001111110101 
10011100111111101110001011101111001101110101111101100100011101110101010100011001000111111010000001100010111011100101110000000000011000000111111110011011000100011010011111100001101000100001111001101000110110110101010111010011001110110010001111111111010101111101001011111110110000111011111111001011011000001111010100010011010010010000110101110001100111000000011110101011000000010011100001010101010100111011101100011010111010011111101111001111000100100001100001011100101001100111010100010111100010011110101100000111 
01110001011011010000111010010000000001000001100111110000000111101111010110110110101110111001101011010010001110010000010101110011010101001000010100010110011110101111100010000101001100100100000011000001101100110101000010100001101110011110110000101011110100010010000001110111100011110110001111110001101101011001100011000111110000001101110001011001000010011000000101101000100101000000010111010111000111110100000100111110100000101111110010000000011011111010101001101010010000100100100011010011100010110101100010100100 
00011101001111100011101000001010100001001001001001001010110001001000010010110101100100000110111010111011010101001101101111010010000000000011110010001011100101000100111000001010000101110110000110101100100011100101011101100110101000001100001001110011011110110010000111010101111001011110010011110010111111001011010011101111001001011011111001101001111000010100000000110110111100001000000111001001011001010000001110000100111011111011101011100111101001111110100010010111011000101000100111000010101110110010010001010001 
00011111010000100110010100110001011011111111100100110111000011000111010110011101101011111110000011001010111000010001110011100111111110111101001011111100111100110101100100111101100101000001101100111110111101000001010000010010110000011111100000101001011111010011111101010100010001111011000000110101100111010010111011101111110011000011010100010001100000011111100100110011101001101111101100010001111111011101000111110001011010110111011001110011010011000101110001110111111010001011100110111110010100000110100000101001 
00110100101011011111110001110100000101100011011000110101101100010011110100011000010010100100001101000101001001111110010110110100100101100010000000101001000000001000111101101001101000000011001010000100000000000000000101101001001000101000010100110001000110001001100101101000100100000110100111111100110011011001110110101000100111100011111010000101100111101111110101100100110101100011110001100010111000011010000100101011100100101100101011111110010110011111010100110110101110010110101101001111111100000101101101101010 
11001001111110011010001011000101111101001100000101000111111100101001010100110110111010000011100110010010111010010111001100011111001111101111101111110010001100100011111000011000000001100111110100100001111111100111100001001100111111011101011000010000000000101111111011000011110001101010101000110110111100101001110101111001001000010110010110111111101001100010001011001010110011001001011101110111010111010110000110110111101111011001001010011011101010001010010010010110011000100010000111010100111110101000011100111001 
01001001101111000101011001000011010010001101001001101100110001000001110010010101110011000110010100100101001000000000100010101001010001100101011100000000100000110000101000100010011101011111101101010111110100011111010010101011011010110001111101111100100011001100000101111101011100001111101111001011111100000011111010111000101101110111100000010010010110000011001100001010010100110000001100000011101101110101010000100101000010000010001110101101011001010001100110101110011110111000001111010001101010101100010101010001 
10100110011110110011101010000101111100001111100010100100000101101011110110110111110100001101101000100110000010101010010011110100100101100010110001100010100010000110010110011111110011001011010100000101010010010111100000001100000010111001010010000111010111000110111111111001111101001000000011010001010111101101010100000101111111100111011111111100000100001001011110111111111000000110001000011110001110000101100000110011100110011110100010111000000110100101011101110111110001000001011010000010100101101100100001010011 
01101100101011001011001110001010000101111100000100011001111101100001100100110100010000000010101000011011101001110110101101001000010011010011111111111110000011111001101010110011000101110000011111100011111110111011011101011010010011011001110011100101110110101100101100100011000000010111000000101110111001110011110001110100001000100101100010110010111100100101001000001110100011001011101100000111010110000111010010111110000001111111000100010101110110110100100101101010100011101011000100000011100110101110100100111011 
01101101101101001100110001100111010001111011000001110111010110011000001000011011001000100011101101110010000011111101011010001011001001101010100110111110010001111000001001100110100001001111100001110010100110001010110001100001011001111011011010100110010111110000010110010110111100010110011000111010110111111101101111100000011000000011110100110101010111111101101000100110001010110010011011111011011100110010111110101100011000010111110010111100110100010000101011100110111101110011101001101100100000110101111100000011 
00111001110011100110011000100100010001001010110011100101001011000111011001000011010011110010001110010010110111111101110100110010011111100011100000011100101100000010101000000100011000111010011100101011100100010101011110111111000001110010011010101000101001111001010100101111110101111001100010000010100111100001110010010011100001111010011100011010000111011011110110000010011110111111101011110110110100001011111001000100110011101001110010001100001100100011011100000010000111011001011010011001111100000010101110110001 
01100110110010110000000101010010001010001110000111100111100001010110110010000111110011111001001000110110001001101110001000011000001101000101100100100101111110110011110111110010011001010110011101011010101001101010110111101011100000100011010101000000001011110110110001010000101111111011110001110000001001000110010101100100111011100001100010000100010010010010100011111101111011111101011100011010101011110110010001000000001111110011100011100001010000000000100011010010011111010110111111100101110000001111101000011001 
00000110010000111001101110000111100111010111111000101010100100110001000101001001101110110100001111100111000101010100000000001111010100110001010110010010000111001011000000011111011000001101000110110111011010010101110101001111000011001111011100100101100110111110000001001001111111000111011100011010011001101001000110111110011011010000101101001100011100101001111001011011001101100001110100111100000111010000110110010100110111000110000010110010111101101111001101011111101100010100111000100000011100001110001101000011 
11110111001100111001100110001110111111011001010000110100110110010101010011011111001001111011001111110000101111100000000010000111000101111001000010001111011010000011101001111100100100010011010100000110000000101110100010110001100100011110010111000011000011010101000001111111110011100000100101100010100101010100000111111011110100111110001010100110100000001001100000011111111001111011111001101011000000111011011100111101101100101101000100011110111100100111010111010011011101111010110001011100110010111000001001011111 
01111111111101110010101001000001101000010100100100110011101011100110000110001001110001111111001001111110101011111111011101000010101010011100111110000001110101101000111010110000100101010101101010011010111110000001101111110000010010101100110101000011011110110001101010100101110110100111110010001111101000101111100111000010001001000100101010011101100000111100010110010101101110000110111100101001011101101111101000110111010011000110000000100100010110001001000110001111001010011110101001100000010000101111010001110001 
00101101100101111000011100111010110111100101000001100110000111011000000010110011011110001100111111011000010001011010111110011100101100101011011001111010110001100110010000111000001011011000101011000001010000011111100111010101010100111100101001100011100100111111010101110000111110111011110111111000101011001110000100011101110000110111010011110001001001110111010110011100000100110010111011001100011110010110111000011111000100100010010111010100000101100010101010101000100010011101111111010001000101100001000111100001 
01101001111110011001010100110000100111110000101010010011111001111010000101101110011011110111010010111111110001111001101000001010010111011101001111011010000111001100111100111001111000100011001101011110111000101101110101101111100001000100101010100111010001101010001010011111000101110101011011100111000100110000000110000011101100000001001010110111000110001010001000010101110111001001010111110100101101101010111111110011011001110111100001000100101011111110110100000100001011000110010100001010101100111000111000010101 
00100011110001010110111011000001110010110110011001100011111010100100101000100111100100010100011011011110001111001111001110111011100110001101101000110101001010110010000010110011101110011111011001111101110011001100001011010010011010001110100101000111000101010000010100101110010000100101100101011001110101011110110110011010011011101101111000111100100110010000011001001001111101001100100100101010000111111101011001001110100111100111111010111011010001010010101110111000101011101100110110100001110101001101010110010011 
10111011111011101000001001110001110010101001000101011001100001010001110011111011101011011001010100110001100111010110111111101101100010100111111111101101111100101010001110111000000000001001011011101010001111001000001100110101110100101000110011111100011010011001011001101111000000100001001011111100101010010001111010111101101100010010110001101101111110000001110110011110001000010111110001111101010101101011101001101100001000000000110010110111100110110111100101000001000001101011000110011011110000000011100001001101 
00001110110011101100100011110001011010110010010111011011100100111111111011111000101000000000000111110001001001010100100101110011111101110000010000001001100010001000001010110101001111110110101110100111110111100001010100101101000011101000000001011110011001110101001110010011100111001111011111101000110110000001110000010100110000001111001100100010100100100011101000111010011010010101001001010011100110000111110001110111101000011111000100100010000111000000000000001100111111010100011011111000110110110010011110000111 
10001101100110001011000000011010011011001010111101111110110001000011101001000100100101010100001111111000001001000101011011011101111101010000001011100010001111011110101110100100000100101011001101100010010101101110111100011110011010000000010110001011101000111011001011001000001000100000110010010110010101111101110010111010000100010100110011011001011010010001010101100111110000011001010110100111000111100010001000011110100011011111100001101010110100011111111100101001011110101011100101010111111110000001101111010111 
01000000001001010001101010010110100101011100110101001000011000000011100111100100001110000000001101111011001110111111111111001100110011001001001110010100110001011000001011001001010101000101100111010110111001110111011111000000011000110011110011111010000101010010110010111010111101111100010111000111100010010011101101100000111101101111111001001001011110100111000011001110000010010001010101101110010010000100000011111101110100000110000010101110110001011100011001011001001011110110100100100111000100110101110000000011 
00100101011111011001110101100101101011111100100111000001011011111111011000001100100000101001111111100000001111110110000100110111101110111111000010000100001000010101011111000001010110000000100001100110000101001010110101110110001000110010001101011011110010010110111100111011000100001110101010101000101110100111100010010110010011001001111001001010010101110001110100111010110001100101011000000100111011100001011101011100011010010110100011100110010100001110000110001111111100001011010001001000110111001101010101100001 
01111100111101000111100010101011101010000000001111100001100101001011001101100111110010110010110010111110001100100101100010011010011110100011101010001110100001110001000110001001100010001101110111001011011000000001011010011110000111100110101110101111101010010110000101001011111110101000010010110000011101101001000111101010110111110001111100101111101100010101111000001001100001110011011111010001110000000111100011110011001000011100010000111100110100000110100001000101101100000110010100110001011101011111111110000001 
11010111011111011001011000110010010011001001110001000000001111000101001011011001110100010010111001110111001010011111000010011100010100100000011010011110111011001011000010111111001010001100011110010101011011100000110101100110101100110011111111010100101011100111010110100100111011101010110001100101111001010111111011100101001010010110001011110001001011110100011001110011101101111100101101001110100000011010101110010001110011111010000101101100110001100101010100111001010110110010000101100111001001011111110100010011 
00100110001111101110001001110110000100010111100110100111010001110100111001000000100101011110011001111000100110010111010010100101011111100011001011110101000011111100001000001001000011101010011010111000110100001010001111100011100101001000101101001100000110101001111100000100010001101000000010100100000111111001001101001001011010011000010110110111011101010001000100000110101111011101000100101011101010011100100010111110110111101011100010010110001111000001101010110110110110110110001000000110000111011001111011010001 
01011110000000111111001001010100000011111100001010001011110110011100000100001100001111101101011010100001010000111111001000000000101111111000001101111110000110100110011101000100100100111101111101110001001101101110000101000100101000010011010010011111101001001011111000110110011001101100010011100001100011011001001100110011111110110101100011100011100101100100001101100111111110101001110101010100001011111110001010100001111101011100100100011010100000011101010110110110000011011100010110000101011001101111100011110011 
11010101101100111101001001111001001101101010000010000110000111001010101101110000001111010101111101110101111000111100011100010011000111111101111000110001111001101010101100110111010100111100100101110110100010111011011100011110000010001000011000000111001010100111111110010000110011101000111001100111010011111011110001000011110101001000011110111101000010010011101001000000111100111100110100001110100011110001011100111100001111100000110000101010101101000110111101010000010001101000010110001001110110100101101110001001 
11101111001111011101011011001000111011101111100010101011101010000011001000101000111000110111111001100010100110101011000100100111001101101011001011010001001001111011100011001100000011101011011111000010000001101101011111010111110111010010111110011111011011011001010000000001111011001101101110001101101001001110010111011100100001110111101011100011001010000000101110000000111001001010000100010010110101101010010100010001010011100110000100011011001011100000010111100101001010011101110111010100011110101100011011111111 
00110001001110001101100011011001001000000101110001010001110111111000101100100000101001011100110001000110001111000111110111101011001101010000110101100010001000111010000110010010110000011111101000010101110111001000110010101101001010100011001110110000111010110100110000110010010110010000100100000110100100110100101011100111110000010100101001001111000110000111100001011101100101010010101011001101010111000111001010110100110001010101101111011011001111000111011100011101000101000110000011110101101010010010110101110101 
11110111100001101101000101100011111011110011011010000101111011111010101011110110111101011111111111111100111001111110011111111111101111100100111110010010101000110101011011100010101101111000110100011111001000010110101010111011101100011011111001111100001011111011101100111000100000010011010111100111111011011110011011001000100011101010111100011110110111000010110100110111010111010010100001110110010001110110000011100011011111111101100001110010001101010111000100110011111101011100101101000001101010111001001011001000 
01110111000101001001000110000000000101010110010111010001110101101000000000010010110100000110010101001110000101100001111110000010110111100101011001000101010010000110000110001010101011100011110100010011000100000111101100100010000100001000000101100010010101110110010011011010001001001101010000100010101000110001001101111110111001011010110010101001011110011101010010100101111010111001110001011110111010110001010010101101000111000101101101000010110111011010100010011101110000000011000010010001111001101100001111110000 
