11000101011000010111010010001110110010110010000101000010010110001010000000000011010010000101000101001010101001001000010101100000000011000111100000101001101010110000011010011000001010111110010101000100101010110100001001100001010000010111011101111110101000100100000110100101110001000111000001101110100111110110000010101000010111010100110100001001010101001000011110110000000100110110000000001010110010100011100011101000111001100000010100101001110101100000100010000110101110000010000100101010010000001100010010001101 
01000011010110011110010011110100011110010001100001110010111110000101100111110011011110101011111001110011101010101111110000011001001111001000110010001000101111100110011100110110111101010001010100101101110111110110001110011101000110101010111101000111101010010111011010011010111011100110011010011111111110101100100101111011100010000111101100100100111101111111111001111010101110000110000010000110110111101111010101111011010011110110111000000111110111111001001100010001111111100110101011000000110110001110111101100111 
11000101011000010111010010001110110010110010000101000010010110001010000000000011010010000101000101001010101001001000010101100000000011000111100000101001101010110000011010011000001010111110010101000100101010110100001001100001010000010111011101111110101000100100000110100101110001000111000001101110100111110110000010101000010111010100110100001001010101001000011110110000000100110110000000001010110010100011100011101000111001100000010100101001110101100000100010000110101110000010000100101010010000001100010010001101 
01000011010110011110010011110100011110010001100001110010111110000101100111110011011110101011111001110011101010101111110000011001001111001000110010001000101111100110011100110110111101010001010100101101110111110110001110011101000110101010111101000111101010010111011010011010111011100110011010011111111110101100100101111011100010000111101100100100111101111111111001111010101110000110000010000110110111101111010101111011010011110110111000000111110111111001001100010001111111100110101011000000110110001110111101100111 
01000011010110011110010011001110110010110010000101000010010110001010000000000011010010000101000101001010101001001000010101100000000011000111100000101001101010110000000000110001000011111001100010110000000011111011111011110000000110100001100110001010001110101000100101000010110100001111001001101110111001010011001010101110100101110110011110001001010101001000011110110000000100110110000000001010110010100011100011101000111001100000010100101001110101100000100010000110101110000010000100101010010000001100010010001101 
01000011010110011110010011110100011110010001100001110011110110110011010100001010001110100010111111010010111100010110111010010111000100100010101101110011011111100110111101011011100100100110101010111000101010110110010011001011111010111000110000011101111110011101110001100001010001000010001101110011100100010111001011101010011111000101010101111110110100110100010010011111011100111110001110010100110111101111010101111011010011110110111000000111110111111001001100010001111111100010100111001101101011011100010101100011 
11000101011000010111010010001110110010110010000101000010010110001010000000000011010010000101000101001010101001001000010101100000000011000111100000101001101010110000011010011000001010111110010101000100101010110100001001100001010000010111011101111110101000100100000110100101010100001111001001101110111001010011001010101110100101110110011110001001010101001000011110110000000100110110000000001010110010100011100011101000111001100000010100101001110101100000100010000110101110001000010100010010000001100101111111001001 
01000100000001000111100000010000111100011001001011111110111110000101100111110011011110101011111001110011101010101111110000011001001111001000110010001000101111110000011010011000001010111110010101000100000111011110010011001011111010111000110000011101111110011101000111100100011001100000001010001010000001001010010111010101001100101100001010100001001001100100000010111101101000011111011100010011001001001001100000011000011011101100010110100001010110001001000111111010011010101010001101011000100011100110101110110111 
10100011001100110101000101110000111100011001001011111110111110000101100111110011011110101011111001110011101010101111110000011001001111001000110010001000101111110100011101100010101011001110100010010100011010011010110010101110110100010101100101110000000101110001001001110010101011000111110101110011100100010111001011101010011111000101010101111110110100110100010010011111011100111110001110010100110111101111010101111011010011110110111000000111110111111001001100010001111111100010100111001101101011011100010101100011 
01000011010110011110010011001110110010110010000101000010010110001010000000000011010010000101000101001010101001001000010101100000000011000111100000101001101010110000000000110001000011111001100010110000000011111011111011110000000110100001100110001010001110101000100101000010110100001111001001101110111001010011001010101110100101110110011110001001010101001000011110110000000100110110000000001010110010100011100011101000011011101100010110100001010110001001000111111010011010101010001101011000100011100110101110110111 
01000011010110011110010011001110110010110010000101000010010110001010000000000011010010000101000101001010101001001000010101100000000011000111100000101001101010110000000000110001000011111001100010110000000011111011111011110000000110100001100110001010001110101000100101000010110100001111001001101110111001010011001010101110100101110110011110001001010101001000011110110000000100110110000000001010110010100011100011101000011011101100010110100001010110001001000111111011111101100010000100101010010000001100010010001101 
01000100000001000111100000010000111100011001001011111110111110000101100111110011011110010011010110101011011000101011011101111101001001111110011011101111100011000100011101100010101011001110100010010100011010011010110010101110110100010101100101110000000101110001001001110010101011000111110101110011100100010111001011101010011111000101010101111110110100110100010010011010101110000110000010000111111011001011010110011110010000010010000110111000011110011110110101001101000100011101100100011011110100100111111111001011 
01000100000001000111100000010000111100011001001011111110111110000101100111110011011110010011010101001010101001001000010101100000000011000111100000101001101010110000011010011000001010111110010101000100101010110100001001100001010000010111011101111110101000100100000110100101110001000111000001101110100111110110000010101000010111010100110100001001010101001000011110110000000100110110000000001010110010100011100011101000111001100000010100101001110101100000100010000110101110000010000100101010010000001100010010001101 
01000011010110011110010011001110110010110010000101000010010110001010000000000011010010000101000101001010101001001000010101100000000011000111100000101001101010110000000000110001000011111001100010110000000011111011111011110000000110100001100110001010001110101000100101000010110100001111001001101110111001010011001010101110100101110110011110001001010101001000011110110000000100110110000000001010110010100011100110011110010000010010000110111000011110011110110101001101000100011101100100011011110100100111111111001011 
00101100101111111011101100111111110100001001000001100000100101011010011011111101111100110011011111110001110001111111101111110010000001010011000110001000101111100110011100110110111101010001010100101101110111110110001110011101000110101010111101000111101010010111011010011010111011100110011010011111111110101100100101111011100010000111101100100100111101111111111001111010101110000110000010000111111011001011010011101000011011101100010110100001010110001001000111111010011010101010001101011000100011100110101110110111 
01000011010110011110010011001110110010110010000101000010010110001010000000000011010010000101000101001010101001001000010101100000000011000111100000101001101010110000000000110001000011111001100010110000000011111011111011110000000110100001100110001010001110101000100101000010110100001111001001101110111001010011001010101110100101110110011110001001010101001000011110110000000100110110000000001010110010100011100011101000011011101100010110100001010110001001000111111010011010101010001101011000100011100110101110110111 
01000100000001000111100000010000111100011001001011111110111110000101100111110011011110101011111001110011101010101111110000011001001111001000110010001000101111110000011010011000001010111110010101000100000111011110010011001011111010111000110000011101111110011101000111100100011001100000001010001010000001001010010111010101001100101100001010100001001001100100000010111101101000011111011100010011001001001001100000011000011011101100010110100001010110001001000111111010011010101010001101011000100011100110101110110111 
01000011010110011110010011110100011110010001100001110011110110110011010100001010001110100010111111010010111100010110111010010111000100100010101101110011011111100110111101011011100100100110101010111000101010110100001100001010011010001101011010001000100101111001110001100001010001101001110101000001100011011100101011001010110111110100000001110000110100110100010010011111011100111110001110010100110111101111010101111011010011110110111000000111110111111001001100010001111111100010100111001101101011011100010101100011 
11011011101110101000100101011011111000011111001011000100110101011011010101000101111010101011111001110011101010101111110000011001001111001000110010001000101111110000011010011000001010111110010101000100000111011110010011001011111010111000110000011101111110011101000111100100011001100000001010001010000001001010010111010101001100101100001010100001001001100100000010111101101000011111011100010011001001001001100000011000111001100000010100101001110101100000100010000110101110001000010100010010000001100101111111001001 
11011011101110101000100101011011111000011111001011000100110101011011010101000101111010101011111001110011101010101111110000011001001111001000110010001000101111110000011010011000001010111110010101000100000111011110010011001011111010111000110000011101111110011101000111100100011001100000001010001010000001001010010111010101001100101100001010100001001001100100000010111101101000011111011100010011001001001001100000011000111001100000010100101001110101100000100010000110101110001000010100010010000001100101111111001001 
11011011101110101000100101011011111000011111001011000100110101011011010000000011010010000101000101000011101010101111110000011001001111001000110010001000101111110000011010011000001010111110010101000100000111011110010011001011111010111000110000011101111110011101110001100001010001000010001101110011100100010111001011101010011111000101010101111110110100110100010010011111011100111110001110010100110111101111010101111011010011110110111000000111110111111001001100010001111111100010100111001101101011011100010101100011 
10100011001100110101000101110111001010100111001110011110111000100011101100100001110011100111101111011101100000101011011101111101001001111110011011101011011010111000001111010110001010111110010101000100101000001111011001100001010000010111011101111110101000100100000110100101010110101111011110011011000101000110101100111001010101100000001011000010000110011011111011100110110110000010101011010100100101001001100000011000011011101100010110100001010110001001000111000010010001010010100111001101101011011100010101100011 
01000011010110011110010011110100011110010001100001110010111110000101100111110011011110101011111001110011101010101111110000011001001111001000110010001000101111100110011100110110111101010001010100101101110111110110001110011101000110101010111101000111101010010111011010011010111011100110011010011111111110101100100101111011100010000111101100100100111101111111111001111010101110000110000010000111111011001011010110011110010000010010000110111000011110011110110101001101000100011101100100011011110100100111111111001011 
01000100000001000111100000010000111100011001001011111110111110000101100111110011011110101011111001110011101010101111110000011001001111001000110010001000101111110100011101100010101011001110100010010100011010011010110010101110110100010101100101110000000101110001001001110010101011000111110101110011100100010111001011101010011111000101010101111110110100110100010010011111011100111110000000001010110010100011100011101000011011101100010110100001010110001001000111111011111101100010000100101010010000001100010010001101 
01000100000001000111100000010000111100011001001011111110111110000101100111110011011110101011111001110011101010101111110000011001001111001000110010001000101111110100011101100010101011001110100010010100011010011010110010101110110100010101100101110000000101110001001001110010101011000111110101110011100100010111001011101010011111000101010101111110110100110100010010011111011100111110001110010100110111101111010101111011010011110110111000000111110111111001001100010001111111100010100111001101101011011100010101100011 
01000011010110011110010011110100011110010001100001110011110110110011010100001010001110100010111111010010111100010110111010010111000100100010101101110011011111100110111101011011100100100110101010111000101010110100001100001010011010001101011010001000100101111001110001100001010001101001110101000001100011011100101011001010110111110100000001110000010100101000011110110000000100110110000000001010110010100011100011101000011011101100010110100001010110001001000111111010011010101010001101011000100011100110101110110111 
11011011101110101000100101011011111000011111001011000100110101011011010101000101111010010011010110101011011000101011011101111101001001111110011011101111100011000000011010110001000011111001100010110000000011111011111011110000000110100001100110001010001110101000100101000010110100001111001001101110111001010011001010101110100101110110011110001001010101001010101111111010101110000110000010000111111011001011010110011110010000010010000110111000011110011110110101001101000100011101100100011011110100100111111111001011 
01000100000001000111100000010000111100011001001011111110111110000101100111110011011110101011111001110011101010101111110000011001001111001000110010001000101111110100011101100010101011001110100010010100011010011010110010101110110100010101100101110000000101110001001001110010101011000111110101110011100100010111001011101010011111000101010101111110110100110100010010011111011100111110001110010100110111101111010101111011010011110110111000000111011110011110110101001101000100011101100100011011110100100111111111001011 
11000101011000010111010010001110110010110010000101000010010110001010000000000011010010000101000101001010101001001000010101100000000011000111100000101001101010110000000000110001000011111001100010110000000011111011111011110000000110100001100110001010001110101000100101000010110100001111001001101110111001010011001010101110100101110110011110001001010101001000011110110000000100110110000000001010110010100011100011101000111001100000010100101001110101100000100010000110101110001000010100010010000001100101111111001001 
01000100000001000111100000010000111100011001001011111110111110000101100111110011011110101011111001110011101010101111110000011001001111001000110010001000101111110100011101100010101011001110100010010100011010011010110010101110110100010101100101110000000101110001001001110010101011000111110101110011100100010111001011101010011111000101010101111110110100110100010010011111011100111110000000001010110010100011100011101000011011101100010110100001010110001001000111111011111101100010000100101010010000001100010010001101 
10100011001100110101000101110111001010100111001110011110111000100011101100100001110011100111101111011101100000101011011101111101001001111110011011101011011010111000001111010110001010111110010101000100101000001111011001100001010000010111011101111110101000100100000110100101010110101111011110011011000101000110101100111001010101100000001011000010000110011011111011100110110110000010101011010100100101001001100000011000011011101100010110100001010110001001000111000010010001010010100111001101101011011100010101100011 
01000011010110011110010011110100011110010001100001110010111110000101100111110011011110101011111001110011101010101111110000011001001111001000110010001000101111100110011100110110111101010001010100101101110111110110001110011101000110101010111101000111101010010111011010011010111011100110011010011111111110101100100101111011100010000111101100100100111101111111111001111010101110000110000010000111111011001011010110011110010000010010000110111000011110011110110101001101000100011101100100011011110100100111111111001011 
11000101011000010111010010001110110010110010000101000010010110001010000000000011010010000101000101001010101001001000010101100000000011000111100000101001101010110000000000110001000011111001100010110000000011111011111011110000000110100001100110001010001110101000100101000010110100001111001001101110111001010011001010101110100101110110011110001001010101001000011110110000000100110110000000001010110010100011100011101000111001100000010100101001110101100000100010000110101110001000010100010010000001100101111111001001 
01000100000001000111100000010000111100011001001011111110111110000101100111110011011110101011111001110011101010101111110000011001001111001000110010001000101111110100011101100010101011001110100010010100011010011010110010101110110100010101100101110000000101110001001001110010101011000111110101110011100100010111001011101010011111000101010101111110110100110100010010011111011100111110001110010100110111101111010101111011010011110110111000000111110111111001001100010001111111100010100111001101101011011100010101100011 
01000011010110011110010011110100011110010001100001110011110110110011010100001010001110100010111111010010111100010110111010010111000100100010101101110011011111100110111101011011100100100110101010111000101010110100001100001010011010001101011010001000100101111001110001100001010001101001110101000001100011011100101011001010110111110100000001110000010100101000011110110000000100110110000000001010110010100011100011101000011011101100010110100001010110001001000111111010011010101010001101011000100011100110101110110111 
11000101011000010111010010001110110010110010000101000010010110001010000000000011010010000101000101000011101010101111110000011001001111001000110010001000101111110000011010011000001010111110010101000100000111011110010011001011111010111000110000011101111110011101000111100100011001100000001010001010000001001010010111010111111100001101000100101000100100101111000110100011110110011101111100100011010100011010001001011001000000100001010010010010000100000111101101011111111101100010000100101010010000001100010010001101 
00101100101111111011101100111111110100001001000001100000100101011010011011111101111100110011011111110001110001111111101111110010000001010011000110001000101111100110011100110110111101010001010100101101110111110110001110011101000110101010111101000111101010010111011010011010111011100110011010011111111110101100100101111011100010000111101100100100111101111111111001111010101110000110000010000111111011001011010110011110010000010010000110111000011110011110110101001101000100011101100100011011110100100111111111001011 
01000011010110011110010011110100011110010001100001110011110110110011010100001010001110100010111111010010111100010110111010010111000100100010101101110011011111100110111101011011100100100110101010111000101010110100001100001010011010001101011010001000100101111001110001100001010001101001110101000001100011011100101011001010110111110100000001110000010100101010101111111010101110000110000010000111111011001011010110011110010000010010000110111000011110011110110101001101000100011101100100011011110100100111111111001011 
01000011010110011110010011110100011110010001100001110011110110110011010100001010001110100010111111010010111100010110111010010111000100100010101101110011011111100110111101011011100100100110101010111000101010110100001100001010011010001101011010001000100101111001110001100001010001000010001100000111001110110101111011111101100011001101010011000011110111010011111010001010010110110101111000001101110110001010011011101001000001011001001101000101100001100110011110111010011010101010001101011000100011100110101110110111 
01000100000001000111100000010000111100011001001011111110111110000101100111110011011110010011010110101011011000101011011101111101001001111110011011101111100011000100011101100010101011001110100010010100011010011010110010101110110100010101100101110000000101110001001001110010101011000111110101110011100100010111001011101010011111000101010101111110110100110100010010011111011100111110001110010100110111101111010101111011010011110110111000000111110111111001001100010001111111100010100111001101101011011100010101100011 
11000101011000010111010010001110110010110010000101000010010110001010000000000011010010000101000101001010101001001000010101100000000011000111100000101001101010110000011010011000001010111110010101000100000111011110010011001011111010111000110000011101111110011101110001100001010001000010001101110011100100010111001011101010011111000101010101111110110100110100010010011111011100111110001110010100110111101111010101111011010011110110111000000111110111111001001100010001111111100010100111001101101011011100010101100011 
11000101011000010111010010001110110010110010000101000010010110001010000000000011010010000101000101001010101001001000010101100000000011000111100000101001101010110000011010011000001010111110010101000100000111011100001100001010011010001101011010001000100101111001110001100001010001000010001100000111001110110101111011111101100011001101010011000011110111010011111010001010010110110101111000001101110110001010011011101001000001011001001101000101100001100110011110111010011010101010001101011000100011100110101110110111 
11000101011000010111010010001110110010110010000101000010010110001010000000000011010010000101000101000011101010101111110000011001001111001000110010001000101111110000011010011000001010111110010101000100000111011110010011001011111010111000110000011101111110011101000111100100011001100000001010001010000001001010010111010111111100001101000100101000100100101111000110100011110110011101111100100011010100011010001001011001000000100001010010010010000100000111101101011111111101100010000100101010010001011100010101100011 
01000011010110011110010011110100011110010001100001110010111110000101100111110011011110101011111001110011101010101111110000011001001111001000110010001000101111110000011010011000001010111110010101000100000111011110010011001011111010111000110000011101111110011101000111100100011001100000001010001010000001001010010111010101001100101100001010100001001001100100000010111101101000011111011100010011001001001001100000011010010000010010000110101001110101100000100010000110101110001000010100010010000001100101111111001001 
01000011010110011110010011110100011110010001100001110010111110000101100111110011011110101011111001110011101010101111110000011001001111001000110010001000101111110000011010011000001010111110010101000100000111011110010011001011111010111000110000011101111110011101000111100100011001100000001010001010000001001010010111010101001100101100001010100001001001100100000010111101101000011111011100010011001001001001100000011010010000010010000110101001110101100000100010000110101110001000010100010010000001100101111111001001 
01000011010110011110010011110100011110010001100001110011110110110011010100001010001110100010111111010010111100010110111010010111000100100010101101110011011111100110111101011011100100100110101010111000101010110100001100001010011010001101011010001000100101111001110001100001010001000010001100000111001110110101111011111101100011001101010011000011110111010011111010001010010110110101111000001101110110001010011011101001000001011001001101000101100001100110011110111010011010101010001101011000100011100110101110110111 
01000100000001000111100000010000111100011001001011111110111110000101100111110011011110010011010110101011011000101011011101111101001001111110011011101111100011000100011101100010101011001110100010010100011010011010110010101110110100010101100101110000000101110001001001110010101011000111110101110011100100010111001011101010011111000101010101111110110100110100010010011111011100111110001110010100110111101111010101111011010011110110111000000111110111111001001100010001111111100010100111001101101011011100010101100011 
11011011101110101000100101011011111000011111001011000100110101011011010101000101111010101011111001110011101010101111110000011001001111001000110010001000101111110000011010011000001010111110010101000100000111011110010011001011111010111000110000011101111110011101000111100100011001100000001010001010000001001010010111010101001100101100001010100001001001100100000010111101101000011111011100010011001001001001100000011000011011101100010110100001010110001001000111111010011010101010001101011000100011100110101110110111 
11000101011000010111010010001110110010110010000101000010010110001010000000000011010010000101000101001010101001001000010101100000000011000111100000101001101010110000011010011000001010111110010101000100000111011100001100001010011010001101011010001000100101111001110001100001010001000010001100000111001110110101111011111101100011001101010011000011110111010011111010001010010110110101111000001101110110001010011011101001000001011001001101000101100001100110011110111010011010101010001101011000100011100110101110110111 
11000101011000010111010010001110110010110010000101000010010110001010000000000011010010000101000101000011101010101111110000011001001111001000110010001000101111110000011010011000001010111110010101000100000111011110010011001011111010111000110000011101111110011101000111100100011001100000001010001010000001001010010111010111111100001101000100101000100100101111000110100011110110011101111100100011010100011010001001011001000000100001010010010010000100000111101101011111111101100010000100101010010000001100010010001101 
