11110000100100010100011110000101101101011100110100011101001111000011011000010010100100101101100000010010111000100010110110100101111010000001011001010010101100000010001001010001100101001000100111011110000001111000010101101000100011110011000000010001010101000011000010001001110010101101010111100001000101001010001001001111110111100101111010011100011000101000011111011000101100010100101111000101110001101000011110001111001111001000010101110010000000100010000101111100100100000000011011000000111000111110111101011001 
11111000101111111001011111111001101010001000010001110111010100010010010011001011111110100110100110001110111011010110100100111000010110011110100111101111101101011011111100100110010101101111001100010110000011100110100101110010111101110111110111011011010001000011100101100101110110111001101110001101100100100011001111011100110011110011001011010101111001111101001010101101011100011011100010100010010111010000000010010111100100011110111011001111111110101010111010011011011100111110000011100100110000111101111101011000 
11110000100100010100011110000101101101011100110100011101001111000011011000010010100100101101100000010010111000100010110110100101111010000001011001010010101100000010001001010001100101001000100111011110000001111000010101101000100011110011000000010001010101000011000010001001110010101101010111100001000101001010001001001111110111100101111010011100011000101000011111011000101100010100101111000101110001101000011110001111001111001000010101110010000000100010000101111100100100000000011011000000111000111110111101011001 
11111000101111111001011111111001101010001000010001110111010100010010010011001011111110100110100110001110111011010110100100111000010110011110100111101111101101011011111100100110010101101111001100010110000011100110100101110010111101110111110111011011010001000011100101100101110110111001101110001101100100100011001111011100110011110011001011010101111001111101001010101101011100011011100010100010010111010000000010010111100100011110111011001111111110101010111010011011011100111110000011100100110000111101111101011000 
11111010001011010010111101111010101011111100111000110010001110110010101111101001010011101000000111001111000000100110011000011111001101110010100000101000000111110000111110001011111111010100111111110010111000110011110111011110111001001110101011111011111100001001100101011010101100100011011110011110100001010010110001011011011010111101101011110100111101111010100111111001001011000010111011010110110010001101010111100111010011100011001001011011111110100111101010100000101101001010100000010011110100101100011010001100 
11111010001011010010111101111010101011111100111000110010001110110010101111101001010011101000000111001111000000100110011000011111001101110010100000101000000111110000111110001011111111010100111111110010111000110011110111011110111001001110101011111011111100001001100101011010101100100011011110011110100001010010110001011011011010111101101011110100111101111010100111111001001011000010111011010110110010001101010111100111010011100011001001011011111110100111101010100000101101001010100000010011110100101100011010001100 
11100010010110001000000110100001011101011011010110010000010011110101010110010000000001001000000000101100101101001110110100100010000111001010101101001111010100010100001101110110100101010100110100001111001011000110100011110110100110111011000100010111010101100001100101011101011010100000111101010011100001110111010001110011110000001000110010000111000111100000001000110101001010101100111101001010010110001110101011101011001001010001011101110000000000010111010011010111101010010110000010111001101011010010100010001011 
11100010010110001000000110100001011101011011010110010000010011110101010110010000000001001000000000101100101101001110110100100010000111001010101101001111010100010100001101110110100101010100110100001111001011000110100011110110100110111011000100010111010101100001100101011101011010100000111101010011100001110111010001110011110000001000110010000111000111100000001000110101001010101100111101001010010110001110101011101011001001010001011101110000000000010111010011010111101010010110000010111001101011010010100010001011 
01111100001000111101011011011100001000001100111001100101111010000000101001111110010001101000100100001110001000010101111001000000000011110011011011100010100010010110000111111010001011001110110111111101000000101000101001101101000100001001111011011101100101000100001101100110000001101000110110111011001111110011000011001000000011001001001001100111100101010110011101001111111010101000011101001100101110010110000110100110010001101000111111011010101000100001110101000111010000011001011000000111001000100101110010010001 
01001001011011000110111011011101000000100011010110001011111101111110001010101010011110010100000011110110001010000010010010001000110001001011111111111111100001101101101111110000100110010100100100110000000110100001100111000000000011010011110000001111111000011111001000100011000011000001010110010100000000001100010010001101011100100010111101010100011100011010000100100111010100111111100000101101100010101010100100100001010010100011101000100011001000111000101010111010000111100000010111000101010010101111100010000001 
01100100000010101001110000111001010011010011100001011001001110100001010000110100101001100000101100000110101000011100001011000010101101011011011100100110100001101000010111100011001101001111001110111111100001100010110100010110000000000000100000010000100100110010000100000100111111101000110110011101100010101110100100010001011111010010011000011000010100011001010011111010001110010110111011110001101110100000011100101100110001110111111110001000100000110000011100000110111010110010011100011101101011011000101111010101 
01100100000010101001110000111001010011010011100001011001001110100001010000110100101001100000101100000110101000011100001011000010101101011011011100100110100001101000010111100011001101001111001110111111100001100010110100010110000000000000100000010000100100110010000100000100111111101000110110011101100010101110100100010001011111010010011000011000010100011001010011111010001110010110111011110001101110100000011100101100110001110111111110001000100000110000011100000110111010110010011100011101101011011000101111010101 
01001001011011000110111011011101000000100011010110001011111101111110001010101010011110010100000011110110001010000010010010001000110001001011111111111111100001101101101111110000100110010100100100110000000110100001100111000000000011010011110000001111111000011111001000100011000011000001010110010100000000001100010010001101011100100010111101010100011100011010000100100111010100111111100000101101100010101010100100100001010010100011101000100011001000111000101010111010000111100000010111000101010010101111100010000001 
01111100001000111101011011011100001000001100111001100101111010000000101001111110010001101000100100001110001000010101111001000000000011110011011011100010100010010110000111111010001011001110110111111101000000101000101001101101000100001001111011011101100101000100001101100110000001101000110110111011001111110011000011001000000011001001001001100111100101010110011101001111111010101000011101001100101110010110000110100110010001101000111111011010101000100001110101000111010000011001011000000111001000100101110010010001 
01110111001011110001111010001110111110000100000101011011100111010010010111001010111000101110100010010001100100110101011111110010001101101011101100101010000111001001100000111111000001111110110011110001110110111111001011110110000111100111000001100011100010011110001110010000111101110011100110000111101000100011001110010000111000100100110100010100001010011101001000000101000100001010001110111100101011111011100011000001110011010101100101110100101011111001111110111100110001110101101101111110011110010101110111010011 
01110111001011110001111010001110111110000100000101011011100111010010010111001010111000101110100010010001100100110101011111110010001101101011101100101010000111001001100000111111000001111110110011110001110110111111001011110110000111100111000001100011100010011110001110010000111101110011100110000111101000100011001110010000111000100100110100010100001010011101001000000101000100001010001110111100101011111011100011000001110011010101100101110100101011111001111110111100110001110101101101111110011110010101110111010011 
11110111101010010100010111100110000011001000000100100011011000110000100100110111111011010101010010010000000010111100010101100001010011010011001101011110010011011000111100100011101001011010001011011110000000001001100110011001010110010011110101001000010100011010110011111001101100110110000111111011010001000111110010111101000001110001101101010010110111101011111001101000100110100000101011101010110111000000000101111011111000110000111001111111010101100111101011001110010101000001101011010111011000111110101011100110 
01101110011110111101011100000001001000011110100001100111101011110011000111111010010001010110000111011001101000101010110101100011000101110101100111010001100011010011100000010101110001010100011011101010110010000110100101110001011101101101000110101001101001100101011010111000110100100100000000101001010011001000110100100000000111100010111010110111000010010110111001101100101101010101010011000011000001111101111111100111100101100100000110001000111100111111010010111111111011001001111001000100010001001101000000000111 
01011111000011110010010100001011010001010111010101111001101111011001110010010001101110100111111011001011001101011001001101100011001100110100101001011001001100101000000110011111110101001000010000001010101111111011001011110100011000110110111101101000110011111001111010110100001011011001000111101111010011011101011100100101010011011101000000011011011000011000110001000010100101011110001100100100101110110101000011111110000110101100101011101010111010111000000011011011100100100110110100011001001111110111111010110101 
10010110000011111001100110001001011000100001101111011100100010011001010100011111000100001010000000010101111000000000110001110011100011010110111000111110001101111010000100110011111010101000101100011011110010110100010100011011100000100000111101111000110110011001010001100000111010101000111000010011010101001001000010111010001111111000101110100000011110010101000101000100000010010011011010101000100000011010011001001111111011101011010011111101111110110001101000000011110111000011100001111001000111011011101101100011 
00100100011110011000000110000000100000001111001011001111010000101111110001001111011111000000110010010011111000100100111010100011110111100011101001010000001101111010101001011100110100101110011100100011111110011111010001000001111111011011010111001110011111010111111100111111000011010000011000101011001000101110010011011110010000011100101110100111111111010111101100010101100001010001000100011110100111001101101011110111001010111110100100101110111100111000110111110011110111110110111100011010100101101010001101010111 
00101100111001001011100010000011011101110111010101100110011001000001100001001100100000101101111010010110010010001101011011000110001010000101111000000000111101010010010010100010010111001111101100010101100100000011011111111000101001101000100001110000111101100011010100011011011010110100011111110110100101000011001001110111010110011001100100101010101100001001111000110001001101010110010011001101000011111010111010100110000100110110011010111111100010000010111110001001111001001010101110100010110100111000001101010001 
01011010101011010011111001001000010110000111101001101010001111100101001101111001011100101111000010010111010001011100111011001100110100000000011110100110111111011001010000010111101110111001010110010111010101101111101011001110011001000111010011101111100110001111100000011010111111110111010010100111110110101001111000111010101110000111110011000111000100010111111110100100000000010010100110100110010001101011111000000101011111011100110010100000110100001111111110000011011100011101010111110101100011101001011000000101 
01001111111101100011111010111010000011110010001111100010110000111010111111101110111001100101101111001010100000000000100111101001111001001111010110101100010110011111010001111001100100011101110111011001010101110011100110100010010100001001101100001001000100111111010000011000010101110100111001111101110110100000001010110101011011100111010100111101001110100101010010100011010000000101000010001111000011001011101110011110000100011001010100011000000110000010001101011111101110000100001001010000011010110100101101000001 
10111111001010100111111010101100110101000101001100100010011110000011000001010101000111011110111111101000000110010001011010110010010000111110000110011010111101111101111100011100010111100100100100011101011100110100110101110100010011011000111001001101101100001011011001001110101111101100100010101101100000100111111000001100110001011101010100111011010001101100100011011100111110011110010000011010010001000011001010110111011000111100001111000110011110000111011101000101000000011011111011000010000111011001010101100001 
01111000011011011110010100010111101000000101100011110110010110111011101001100011011110000001011010011101010010000001100011111001111011110011100000110111000001011011011001000111000110010010001001010100010110100111111111010010000101100000010001000000101100110011010001111110100101111100010010011111100100011110011100111111111011000110101110110101000001100101011010110111110101011000001001010111011110111101111001110111100001011100111001111001001011100100101111011110001101011011011011111111101110111100011110101011 
01111000011011011110010100010111101000000101100011110110010110111011101001100011011110000001011010011101010010000001100011111001111011110011100000110111000001011011011001000111000110010010001001010100010110100111111111010010000101100000010001000000101100110011010001111110100101111100010010011111100100011110011100111111111011000110101110110101000001100101011010110111110101011000001001010111011110111101111001110111100001011100111001111001001011100100101111011110001101011011011011111111101110111100011110101011 
00101100111001001011100010000011011101110111010101100110011001000001100001001100100000101101111010010110010010001101011011000110001010000101111000000000111101010010010010100010010111001111101100010101100100000011011111111000101001101000100001110000111101100011010100011011011010110100011111110110100101000011001001110111010110011001100100101010101100001001111000110001001101010110010011001101000011111010111010100110000100110110011010111111100010000010111110001001111001001010101110100010110100111000001101010001 
01011010101011010011111001001000010110000111101001101010001111100101001101111001011100101111000010010111010001011100111011001100110100000000011110100110111111011001010000010111101110111001010110010111010101101111101011001110011001000111010011101111100110001111100000011010111111110111010010100111110110101001111000111010101110000111110011000111000100010111111110100100000000010010100110100110010001101011111000000101011111011100110010100000110100001111111110000011011100011101010111110101100011101001011000000101 
01001111111101100011111010111010000011110010001111100010110000111010111111101110111001100101101111001010100000000000100111101001111001001111010110101100010110011111010001111001100100011101110111011001010101110011100110100010010100001001101100001001000100111111010000011000010101110100111001111101110110100000001010110101011011100111010100111101001110100101010010100011010000000101000010001111000011001011101110011110000100011001010100011000000110000010001101011111101110000100001001010000011010110100101101000001 
01100001010000111110011011011101101011001010011111011001101101100111010011001000011011001110010101111001010100100001111001000110010000010101111111110010110011110010101010101001110011011111000110001111010011100011101110011100101111110101101100111011110101101011010010010110101111110001000111000010110101001010011110111011101101001111110010011001001110111101010111001010110100010110010101101010100111111001111000011100001001010111101111100011000001010000010001000111110110001111010111011010000110001001101111101110 
11111110011011011101110100001011010010101111111101011010101011001010010111001100010100110111100111001011001001011001110001111111101100000010111101001011110100000000010100111110010101011001101111010111011100101011111011101111110010010110001100000110111010101101101010100001111011110010110000010000011000110010000000010010100100111110101010000111101000010001010000100110010010011000100010111000111110101001100000110001010101010010110001101111100100100000011100100011101000010101100111101001101011000010001101011010 
00100100011110011000000110000000100000001111001011001111010000101111110001001111011111000000110010010011111000100100111010100011110111100011101001010000001101111010101001011100110100101110011100100011111110011111010001000001111111011011010111001110011111010111111100111111000011010000011000101011001000101110010011011110010000011100101110100111111111010111101100010101100001010001000100011110100111001101101011110111001010111110100100101110111100111000110111110011110111110110111100011010100101101010001101010111 
00111001010011110100100010110000001010100100010011001000011101010110000001110110111101010000101011101011011000100101010000000011110110011000011000110110100000010011010110101000101011101110110111000110101001101100000111011101000111000111011011101101011100000100100000010011010010000000011101101011101111010111000110111010101010100100000001000010111010110101110000001010010011111011011100111100000111101000000111001011011011111011010101010010010100101011011110000110100100111001100001011011000010000101101011100111 
01101110011110111101011100000001001000011110100001100111101011110011000111111010010001010110000111011001101000101010110101100011000101110101100111010001100011010011100000010101110001010100011011101010110010000110100101110001011101101101000110101001101001100101011010111000110100100100000000101001010011001000110100100000000111100010111010110111000010010110111001101100101101010101010011000011000001111101111111100111100101100100000110001000111100111111010010111111111011001001111001000100010001001101000000000111 
01100001010000111110011011011101101011001010011111011001101101100111010011001000011011001110010101111001010100100001111001000110010000010101111111110010110011110010101010101001110011011111000110001111010011100011101110011100101111110101101100111011110101101011010010010110101111110001000111000010110101001010011110111011101101001111110010011001001110111101010111001010110100010110010101101010100111111001111000011100001001010111101111100011000001010000010001000111110110001111010111011010000110001001101111101110 
11000111111101011000011101010111101100010010101101010110010100110000010011101110110011111110000110110010110110100001111010110101000111000100100001011111010000000010101111011110111000011111111010001100010111100010001110011101101110001100100101100010000101100001011001011110111111001101001001010100111001010101011010011111110110010011000100111001100110101000101111011110111011010101010010110010111111101010111000010101111101111000111101011100100011011101111011011110101010010111001010110010011100101100011000011011 
01011111000011110010010100001011010001010111010101111001101111011001110010010001101110100111111011001011001101011001001101100011001100110100101001011001001100101000000110011111110101001000010000001010101111111011001011110100011000110110111101101000110011111001111010110100001011011001000111101111010011011101011100100101010011011101000000011011011000011000110001000010100101011110001100100100101110110101000011111110000110101100101011101010111010111000000011011011100100100110110100011001001111110111111010110101 
01010001111101010111110100101100001101011101100111100000001010010000101010010101011000000010001011010010001000001011111101100111000110111110011110110000011101111001110011110001000100110111111111000001111000011000110000001101100101010100011000101111011101001000110101000000100110000011110101111001100110011011000000101001001100001111010110100010110101100000010011110111011011011010001001000101110111111001110000001010011011011100011110110001010110101011100111010111101110111011100000110100100010001110010110001111 
10111111001010100111111010101100110101000101001100100010011110000011000001010101000111011110111111101000000110010001011010110010010000111110000110011010111101111101111100011100010111100100100100011101011100110100110101110100010011011000111001001101101100001011011001001110101111101100100010101101100000100111111000001100110001011101010100111011010001101100100011011100111110011110010000011010010001000011001010110111011000111100001111000110011110000111011101000101000000011011111011000010000111011001010101100001 
11000111111101011000011101010111101100010010101101010110010100110000010011101110110011111110000110110010110110100001111010110101000111000100100001011111010000000010101111011110111000011111111010001100010111100010001110011101101110001100100101100010000101100001011001011110111111001101001001010100111001010101011010011111110110010011000100111001100110101000101111011110111011010101010010110010111111101010111000010101111101111000111101011100100011011101111011011110101010010111001010110010011100101100011000011011 
01010001111101010111110100101100001101011101100111100000001010010000101010010101011000000010001011010010001000001011111101100111000110111110011110110000011101111001110011110001000100110111111111000001111000011000110000001101100101010100011000101111011101001000110101000000100110000011110101111001100110011011000000101001001100001111010110100010110101100000010011110111011011011010001001000101110111111001110000001010011011011100011110110001010110101011100111010111101110111011100000110100100010001110010110001111 
01010000100100001010110010110001110010100101101100011001010010011101111110100110011010011110001110111010111011001001111101110010000101111000111111110010111111110110011110111000100100110010000000100111011101101001111011110000110110010000001011110101011001110110001101010011010001111110110111000111010010101011011011011101001100100111010110111111011101110110110100101100100001101001101000100011110101000100101001100011110010010010000110001110101011111001000101001101011001100000011101110010100101011101101111110011 
10111011001100101010011000000011010000010111010010100111111110111000110110111101111000011011010100111001011011101011111100101000110100110011111100101110101000010000010010010111000010011100010010000100101110001111100101010110010010001110111101010110110100010000010100111010100000110100001011110101010110100100110111000000111100110110110100110110100001111101101100000100100101011011010111000001001001011000101011001110000001100011001010010000000111001000110011100000011001000000111111010111101011100000101010001111 
00100110111100101011101011110110000111010100000001100111000011110011000101100011111111110011001000111011100010111000111111010100010111110011010011111011111011010100110000011010101001110011100100101100000011111101001100111101111000110110101111011001000100100011000100001110011110101011011011111110001010010011000110001010101010010100000000010011111000111000110110100010010000100101101011100111000001011000010010101001010010110011101101101000011001110011001110001010111100011100111010000001101010011111110111010101 
01110111010011000010100100100101000110111101110001111110010111000011100000010110101110110011000000111110110000101001110110001110110010110010010110010000100010000100010000000001111000111101110100100110100001111000001001011110011010010010111101011010111111100010001000111000000110111110101001100111001110100010010101011001010111011000000000100011011100100110000011100110110010011011101010000111101011000111100010100100001001110010110100011000100111111101010111111101100101110011011010001000101000100110100101110101 
11001000100100100011100010011010001110100101001011111001010100011001001001110100111010011011000010001110101010000000100010100000010110001110011000101000010101001000100000110110001011001010011011001101001101100100011101010001110010000000111101010000010010110010010001100100100010011011001100011111010101011010101011111000110100100100101001001011010011010001011101111111111110101101110111011000111000011000010100100111000011101100101010010000111011110110111110001101010101100101101101100101010100101000110110000111 
11011001101100101100100110001110100001101110111110011000111011101011110111100100100010100100011101011101110100110101001100110110111101001000111110100010011001011000111111011101010001101010111010111100010000101001001101100110011111100011101110001110100000111111010000110011000111010111100000111100110000010010100110110001001111100101010111100000001110001101101110000101100000011011000001001000000000111111100000000010111010111010010101010011000101001010001110110111110010101010000110110011010100111011001000111111 
01001000100110101010010010010011110100001011000111110111100010110011100101100111110110111000111110011100011110000100011111001111101100111001100101001000010000101110000101001101101000110110110111001101111011100000100111111010101010100000000011011100100110101110011001001111110111011101001010011001011110100101111001010000011010100111001100011000101110100111011101010100010011001101101001011010001111010101000101000001011110110010110011100000111001011011111100000110100100010001010011101111101100110011000110111101 
00001000001011111110110001011100101100001101011100001101101000110010001111000110101101011100011001111111110011111001001101000110011001010011100111110101001111010111101001110100110000011010100000000000111110101001101000110000101111111011101100010010000100010000100111001001011100110000000010001100110111010110101010101101010000100010101000011010010100001101000100101000011111000010110000101110010000000011100100111110111011011011100110011000010001110010110111100011010111100110111011110000000011011100110110011011 
00010110101000000010100001011101000011101101101111010101011101110101001010001001011111101010111111011101001010000010011100101001101101101011101011101000110001010111011011010100001010111001011110110110101010110000101111001011100110001100010010100011100000011100000101010001011010111100001010011100111010111010111111110011000001100101010111100110101110011000111010101000001000101010111110111000101011010101101110000100000110101001000110100000001011100010001101000111101100110000011010010010010111111111000001001001 
10111100101000010111001101000111110000000100101000100110100110100100100111000111001101010111110111101000111100111100110111101101000101110010000010101111111000101010001011101111101110101111111000111000010100110111101010110011001110111111010100000100011111111010110000111010110010100001011100001110001011111011101010100110000110111000111111000101111111101000100100001101100110101000011110000111110001111000010011111001000100110011010010010011010000000011100001101010110010001001000101101011011001101100100001100101 
11101111101010000001100111100110010000111011110100011101000000001000001001100000001110001101011001001010101010010110111100101111101011011011010000001001111111011000011111101110111101000111001111011011100111111011000110011011110011001001110110100110000000011010110101100001111110100111101101001011001011101011000110001010100101100111001001010100001110011101111011001110011010000001011111110110100110010001111100010101110111100010010110111001010010110101101010100101000110010100101010111110000100101001100000011011 
00011110001001011100011101011000110000111110000010100101111100010110111100110011010110011101101111111011001010010011110110110110101101111100010001011011100010000011101000111101011110000110111000101010011001100011011100001000111000100110011110100101110000101111000110010001101011010011110100011101001110100000010001001110111111001001011111010111111011010111010110001110010100111010000111101111100111100000001101100010101000000111110111101011111111011011100000100100010100110111100101100110100110111000011100111001 
10111101100001100010001101100000000011001001010010000011101010000110010100100111111011100001111001100011010110101010010101011110110110111110011100000000101010011011100111110000000111010110011111001010001101100000111110110010100110101010010001010001000011010011100100111011100001101010000110101100001001111001110001001100001110110100100001110000101000011000101111110101110110000111100001111001101110010100010011001011101000101001110011110010010110111110001011111000100001000010001011001010101000100000110000011111 
10001100100001100010011100110110111011110110010100011100100000010110001000001000100001001001001011011101101011110011100101000110011001010101000101001110101101101100001001000000011000011110001111100111111010011111000011001011100100001000011111100011101001000000111111000010011111110001110001111101101100101000001111001001011001100010110001011000110011010011010110000101110111101110001011111011111100101100001001000100101010101101001010001111100100011001111111101110011000000110000101110010110111100000101111100111 
00000001101001010000100010010100111110110101111101000010111110001111100001010001010000111111011110100011101000111101000010110000101001100101110100100010110001011111100010111000001100100000111110011001100001101100011011000110111000010101100111111100111110100101001011101110111100101101101010100110011111101000100101010010010010100110100010100100010110100010010010100101110111101111011011101011111101101100000000000000000101011000101000001001000000100100100000100011111101010101110001101000000001001010010100110001 
10110110110010101001101000010011101000101011101001011100000000100111010101111001010111100001100111001101100111001110101110011010001101111011111111011001110010111110111000101101111101100111111010100011111001001001110110110010101000010100100110100000111011100110001110111010000001111011110001000101101110000000000000110001010110000000011110111011111010110100011111000000111111000000010100001101010110100111001010110000011000100110011000111100100001000111011111110010011011001011100100010000010100100011001111111111 
01001000111010011100110011101101011001100111110010100101100100011001111001000010000001010110110011101011110011101000100111111000001111000100000110001111001100010110110001100110100001011100011111101000101111001110011010000110010010001110011000110011000010011000000100110001000010010100111011010000000110000000101000000001001111000001010001011000010100000110100011010100101101111110111011101110000100011100011100110010001010011111111010000111000101001001001000111001100111111110011100011111110101001110100001111011 
10111101101000001101010111011001101001111011011101001001101101001110001110011001101101100110111110000110110110100001110010000011010110011011110000001100100111001101000010110011001011110010011101101101001101011101010001111001111010111011001101101001010011010111111110101000011110001101010011011100111101110101011100100011101010110001101000000110111001111001100100001011111101001100111110100101111101101011011100101100100100100111111000111100000001001111101001110011001110000010001101110001101000001000111100011101 
01101000100100000001101100111000010001111010010010100001000111111011110111010111100010001000111011101110001001111100111110001110010000111110011001101110111010000011010001010110111110011000100011011001101010111101011100010010101010001010010101001101110001101110010010111000000111101011010000011110101000100011000111111111111001011110011010010010001010001000111011111111110001100111000001010101100000110100011111000001111101001111100110011100100011101011011110100010010100100111100111010100100111011110111011101001 
01001000100110101010010010010011110100001011000111110111100010110011100101100111110110111000111110011100011110000100011111001111101100111001100101001000010000101110000101001101101000110110110111001101111011100000100111111010101010100000000011011100100110101110011001001111110111011101001010011001011110100101111001010000011010100111001100011000101110100111011101010100010011001101101001011010001111010101000101000001011110110010110011100000111001011011111100000110100100010001010011101111101100110011000110111101 
11001000100100100011100010011010001110100101001011111001010100011001001001110100111010011011000010001110101010000000100010100000010110001110011000101000010101001000100000110110001011001010011011001101001101100100011101010001110010000000111101010000010010110010010001100100100010011011001100011111010101011010101011111000110100100100101001001011010011010001011101111111111110101101110111011000111000011000010100100111000011101100101010010000111011110110111110001101010101100101101101100101010100101000110110000111 
11110111101010010100010111100110000011001000000100100011011000110000100100110111111011010101010010010000000010111100010101100001010011010011001101011110010011011000111100100011101001011010001011011110000000001001100110011001010110010011110101001000010100011010110011111001101100110110000111111011010001000111110010111101000001110001101101010010110111101011111001101000100110100000101011101010110111000000000101111011111000110000111001111111010101100111101011001110010101000001101011010111011000111110101011100110 
10111011001100101010011000000011010000010111010010100111111110111000110110111101111000011011010100111001011011101011111100101000110100110011111100101110101000010000010010010111000010011100010010000100101110001111100101010110010010001110111101010110110100010000010100111010100000110100001011110101010110100100110111000000111100110110110100110110100001111101101100000100100101011011010111000001001001011000101011001110000001100011001010010000000111001000110011100000011001000000111111010111101011100000101010001111 
10110110110010101001101000010011101000101011101001011100000000100111010101111001010111100001100111001101100111001110101110011010001101111011111111011001110010111110111000101101111101100111111010100011111001001001110110110010101000010100100110100000111011100110001110111010000001111011110001000101101110000000000000110001010110000000011110111011111010110100011111000000111111000000010100001101010110100111001010110000011000100110011000111100100001000111011111110010011011001011100100010000010100100011001111111111 
10111101100001100010001101100000000011001001010010000011101010000110010100100111111011100001111001100011010110101010010101011110110110111110011100000000101010011011100111110000000111010110011111001010001101100000111110110010100110101010010001010001000011010011100100111011100001101010000110101100001001111001110001001100001110110100100001110000101000011000101111110101110110000111100001111001101110010100010011001011101000101001110011110010010110111110001011111000100001000010001011001010101000100000110000011111 
10001100100001100010011100110110111011110110010100011100100000010110001000001000100001001001001011011101101011110011100101000110011001010101000101001110101101101100001001000000011000011110001111100111111010011111000011001011100100001000011111100011101001000000111111000010011111110001110001111101101100101000001111001001011001100010110001011000110011010011010110000101110111101110001011111011111100101100001001000100101010101101001010001111100100011001111111101110011000000110000101110010110111100000101111100111 
00000001101001010000100010010100111110110101111101000010111110001111100001010001010000111111011110100011101000111101000010110000101001100101110100100010110001011111100010111000001100100000111110011001100001101100011011000110111000010101100111111100111110100101001011101110111100101101101010100110011111101000100101010010010010100110100010100100010110100010010010100101110111101111011011101011111101101100000000000000000101011000101000001001000000100100100000100011111101010101110001101000000001001010010100110001 
11100000010001001100101111110100011001000101011101010011101010101111100001100001001010010111010100110010101100100001010110111011011101010110011011010110111011100001000001101111000010001010000010100010110110010111000101100011000010010011001000011000100011111110110010010111010100101111101010011110000100010000011101101111101111101001100010010000111101100110000000100100101011100010000000011000010100001111111001001111100101110110011101010101111100100100101110110110111010001010011111110101100111001110011000111011 
00001000001011111110110001011100101100001101011100001101101000110010001111000110101101011100011001111111110011111001001101000110011001010011100111110101001111010111101001110100110000011010100000000000111110101001101000110000101111111011101100010010000100010000100111001001011100110000000010001100110111010110101010101101010000100010101000011010010100001101000100101000011111000010110000101110010000000011100100111110111011011011100110011000010001110010110111100011010111100110111011110000000011011100110110011011 
11001100111100000011100011111001111000010000111111111000001100010001011100101011001000111010000010100011000010110011010000110010001010000100000000001110001001101000101000101011100011011100111000101110011011000110101000111000110100011010110000001011101101100001101011010110001010100010101011100101001111010010100011111111100011010011111100001011001101000001001010010111011110001000000100110000001110010110011110100111001101111011011101000011011111111101011110011001001110110100001001101100011101010011101010111001 
01001000111010011100110011101101011001100111110010100101100100011001111001000010000001010110110011101011110011101000100111111000001111000100000110001111001100010110110001100110100001011100011111101000101111001110011010000110010010001110011000110011000010011000000100110001000010010100111011010000000110000000101000000001001111000001010001011000010100000110100011010100101101111110111011101110000100011100011100110010001010011111111010000111000101001001001000111001100111111110011100011111110101001110100001111011 
01101000100100000001101100111000010001111010010010100001000111111011110111010111100010001000111011101110001001111100111110001110010000111110011001101110111010000011010001010110111110011000100011011001101010111101011100010010101010001010010101001101110001101110010010111000000111101011010000011110101000100011000111111111111001011110011010010010001010001000111011111111110001100111000001010101100000110100011111000001111101001111100110011100100011101011011110100010010100100111100111010100100111011110111011101001 
10111101101000001101010111011001101001111011011101001001101101001110001110011001101101100110111110000110110110100001110010000011010110011011110000001100100111001101000010110011001011110010011101101101001101011101010001111001111010111011001101101001010011010111111110101000011110001101010011011100111101110101011100100011101010110001101000000110111001111001100100001011111101001100111110100101111101101011011100101100100100100111111000111100000001001111101001110011001110000010001101110001101000001000111100011101 
11011001101100101100100110001110100001101110111110011000111011101011110111100100100010100100011101011101110100110101001100110110111101001000111110100010011001011000111111011101010001101010111010111100010000101001001101100110011111100011101110001110100000111111010000110011000111010111100000111100110000010010100110110001001111100101010111100000001110001101101110000101100000011011000001001000000000111111100000000010111010111010010101010011000101001010001110110111110010101010000110110011010100111011001000111111 
00100110111100101011101011110110000111010100000001100111000011110011000101100011111111110011001000111011100010111000111111010100010111110011010011111011111011010100110000011010101001110011100100101100000011111101001100111101111000110110101111011001000100100011000100001110011110101011011011111110001010010011000110001010101010010100000000010011111000111000110110100010010000100101101011100111000001011000010010101001010010110011101101101000011001110011001110001010111100011100111010000001101010011111110111010101 
11101111101010000001100111100110010000111011110100011101000000001000001001100000001110001101011001001010101010010110111100101111101011011011010000001001111111011000011111101110111101000111001111011011100111111011000110011011110011001001110110100110000000011010110101100001111110100111101101001011001011101011000110001010100101100111001001010100001110011101111011001110011010000001011111110110100110010001111100010101110111100010010110111001010010110101101010100101000110010100101010111110000100101001100000011011 
10111100101000010111001101000111110000000100101000100110100110100100100111000111001101010111110111101000111100111100110111101101000101110010000010101111111000101010001011101111101110101111111000111000010100110111101010110011001110111111010100000100011111111010110000111010110010100001011100001110001011111011101010100110000110111000111111000101111111101000100100001101100110101000011110000111110001111000010011111001000100110011010010010011010000000011100001101010110010001001000101101011011001101100100001100101 
01010000100100001010110010110001110010100101101100011001010010011101111110100110011010011110001110111010111011001001111101110010000101111000111111110010111111110110011110111000100100110010000000100111011101101001111011110000110110010000001011110101011001110110001101010011010001111110110111000111010010101011011011011101001100100111010110111111011101110110110100101100100001101001101000100011110101000100101001100011110010010010000110001110101011111001000101001101011001100000011101110010100101011101101111110011 
00011110001001011100011101011000110000111110000010100101111100010110111100110011010110011101101111111011001010010011110110110110101101111100010001011011100010000011101000111101011110000110111000101010011001100011011100001000111000100110011110100101110000101111000110010001101011010011110100011101001110100000010001001110111111001001011111010111111011010111010110001110010100111010000111101111100111100000001101100010101000000111110111101011111111011011100000100100010100110111100101100110100110111000011100111001 
11111110011011011101110100001011010010101111111101011010101011001010010111001100010100110111100111001011001001011001110001111111101100000010111101001011110100000000010100111110010101011001101111010111011100101011111011101111110010010110001100000110111010101101101010100001111011110010110000010000011000110010000000010010100100111110101010000111101000010001010000100110010010011000100010111000111110101001100000110001010101010010110001101111100100100000011100100011101000010101100111101001101011000010001101011010 
11111000101111111001011111111001101010001000010001110111010100010010010011001011111110100110100110001110111011010110100100111000010110011110100111101111101101011011111100100110010101101111001100010110000011100110100101110010111101110111110111011011010001000011100101100101110110111001101110001101100100100011001111011100110011110011001011010101111001111101001010101101011100011011100010100010010111010000000010010111100100011110111011001111111110101010111010011011011100111110000011100100110000111101111101011000 
11110000100100010100011110000101101101011100110100011101001111000011011000010010100100101101100000010010111000100010110110100101111010000001011001010010101100000010001001010001100101001000100111011110000001111000010101101000100011110011000000010001010101000011000010001001110010101101010111100001000101001010001001001111110111100101111010011100011000101000011111011000101100010100101111000101110001101000011110001111001111001000010101110010000000100010000101111100100100000000011011000000111000111110111101011001 
11111010001011010010111101111010101011111100111000110010001110110010101111101001010011101000000111001111000000100110011000011111001101110010100000101000000111110000111110001011111111010100111111110010111000110011110111011110111001001110101011111011111100001001100101011010101100100011011110011110100001010010110001011011011010111101101011110100111101111010100111111001001011000010111011010110110010001101010111100111010011100011001001011011111110100111101010100000101101001010100000010011110100101100011010001100 
11100010010110001000000110100001011101011011010110010000010011110101010110010000000001001000000000101100101101001110110100100010000111001010101101001111010100010100001101110110100101010100110100001111001011000110100011110110100110111011000100010111010101100001100101011101011010100000111101010011100001110111010001110011110000001000110010000111000111100000001000110101001010101100111101001010010110001110101011101011001001010001011101110000000000010111010011010111101010010110000010111001101011010010100010001011 
01100100000010101001110000111001010011010011100001011001001110100001010000110100101001100000101100000110101000011100001011000010101101011011011100100110100001101000010111100011001101001111001110111111100001100010110100010110000000000000100000010000100100110010000100000100111111101000110110011101100010101110100100010001011111010010011000011000010100011001010011111010001110010110111011110001101110100000011100101100110001110111111110001000100000110000011100000110111010110010011100011101101011011000101111010101 
01001001011011000110111011011101000000100011010110001011111101111110001010101010011110010100000011110110001010000010010010001000110001001011111111111111100001101101101111110000100110010100100100110000000110100001100111000000000011010011110000001111111000011111001000100011000011000001010110010100000000001100010010001101011100100010111101010100011100011010000100100111010100111111100000101101100010101010100100100001010010100011101000100011001000111000101010111010000111100000010111000101010010101111100010000001 
01111100001000111101011011011100001000001100111001100101111010000000101001111110010001101000100100001110001000010101111001000000000011110011011011100010100010010110000111111010001011001110110111111101000000101000101001101101000100001001111011011101100101000100001101100110000001101000110110111011001111110011000011001000000011001001001001100111100101010110011101001111111010101000011101001100101110010110000110100110010001101000111111011010101000100001110101000111010000011001011000000111001000100101110010010001 
01110111001011110001111010001110111110000100000101011011100111010010010111001010111000101110100010010001100100110101011111110010001101101011101100101010000111001001100000111111000001111110110011110001110110111111001011110110000111100111000001100011100010011110001110010000111101110011100110000111101000100011001110010000111000100100110100010100001010011101001000000101000100001010001110111100101011111011100011000001110011010101100101110100101011111001111110111100110001110101101101111110011110010101110111010011 
00101100111001001011100010000011011101110111010101100110011001000001100001001100100000101101111010010110010010001101011011000110001010000101111000000000111101010010010010100010010111001111101100010101100100000011011111111000101001101000100001110000111101100011010100011011011010110100011111110110100101000011001001110111010110011001100100101010101100001001111000110001001101010110010011001101000011111010111010100110000100110110011010111111100010000010111110001001111001001010101110100010110100111000001101010001 
01111000011011011110010100010111101000000101100011110110010110111011101001100011011110000001011010011101010010000001100011111001111011110011100000110111000001011011011001000111000110010010001001010100010110100111111111010010000101100000010001000000101100110011010001111110100101111100010010011111100100011110011100111111111011000110101110110101000001100101011010110111110101011000001001010111011110111101111001110111100001011100111001111001001011100100101111011110001101011011011011111111101110111100011110101011 
01001111111101100011111010111010000011110010001111100010110000111010111111101110111001100101101111001010100000000000100111101001111001001111010110101100010110011111010001111001100100011101110111011001010101110011100110100010010100001001101100001001000100111111010000011000010101110100111001111101110110100000001010110101011011100111010100111101001110100101010010100011010000000101000010001111000011001011101110011110000100011001010100011000000110000010001101011111101110000100001001010000011010110100101101000001 
01011010101011010011111001001000010110000111101001101010001111100101001101111001011100101111000010010111010001011100111011001100110100000000011110100110111111011001010000010111101110111001010110010111010101101111101011001110011001000111010011101111100110001111100000011010111111110111010010100111110110101001111000111010101110000111110011000111000100010111111110100100000000010010100110100110010001101011111000000101011111011100110010100000110100001111111110000011011100011101010111110101100011101001011000000101 
00100100011110011000000110000000100000001111001011001111010000101111110001001111011111000000110010010011111000100100111010100011110111100011101001010000001101111010101001011100110100101110011100100011111110011111010001000001111111011011010111001110011111010111111100111111000011010000011000101011001000101110010011011110010000011100101110100111111111010111101100010101100001010001000100011110100111001101101011110111001010111110100100101110111100111000110111110011110111110110111100011010100101101010001101010111 
01101110011110111101011100000001001000011110100001100111101011110011000111111010010001010110000111011001101000101010110101100011000101110101100111010001100011010011100000010101110001010100011011101010110010000110100101110001011101101101000110101001101001100101011010111000110100100100000000101001010011001000110100100000000111100010111010110111000010010110111001101100101101010101010011000011000001111101111111100111100101100100000110001000111100111111010010111111111011001001111001000100010001001101000000000111 
01100001010000111110011011011101101011001010011111011001101101100111010011001000011011001110010101111001010100100001111001000110010000010101111111110010110011110010101010101001110011011111000110001111010011100011101110011100101111110101101100111011110101101011010010010110101111110001000111000010110101001010011110111011101101001111110010011001001110111101010111001010110100010110010101101010100111111001111000011100001001010111101111100011000001010000010001000111110110001111010111011010000110001001101111101110 
10010110000011111001100110001001011000100001101111011100100010011001010100011111000100001010000000010101111000000000110001110011100011010110111000111110001101111010000100110011111010101000101100011011110010110100010100011011100000100000111101111000110110011001010001100000111010101000111000010011010101001001000010111010001111111000101110100000011110010101000101000100000010010011011010101000100000011010011001001111111011101011010011111101111110110001101000000011110111000011100001111001000111011011101101100011 
01011111000011110010010100001011010001010111010101111001101111011001110010010001101110100111111011001011001101011001001101100011001100110100101001011001001100101000000110011111110101001000010000001010101111111011001011110100011000110110111101101000110011111001111010110100001011011001000111101111010011011101011100100101010011011101000000011011011000011000110001000010100101011110001100100100101110110101000011111110000110101100101011101010111010111000000011011011100100100110110100011001001111110111111010110101 
10111111001010100111111010101100110101000101001100100010011110000011000001010101000111011110111111101000000110010001011010110010010000111110000110011010111101111101111100011100010111100100100100011101011100110100110101110100010011011000111001001101101100001011011001001110101111101100100010101101100000100111111000001100110001011101010100111011010001101100100011011100111110011110010000011010010001000011001010110111011000111100001111000110011110000111011101000101000000011011111011000010000111011001010101100001 
11000111111101011000011101010111101100010010101101010110010100110000010011101110110011111110000110110010110110100001111010110101000111000100100001011111010000000010101111011110111000011111111010001100010111100010001110011101101110001100100101100010000101100001011001011110111111001101001001010100111001010101011010011111110110010011000100111001100110101000101111011110111011010101010010110010111111101010111000010101111101111000111101011100100011011101111011011110101010010111001010110010011100101100011000011011 
01010001111101010111110100101100001101011101100111100000001010010000101010010101011000000010001011010010001000001011111101100111000110111110011110110000011101111001110011110001000100110111111111000001111000011000110000001101100101010100011000101111011101001000110101000000100110000011110101111001100110011011000000101001001100001111010110100010110101100000010011110111011011011010001001000101110111111001110000001010011011011100011110110001010110101011100111010111101110111011100000110100100010001110010110001111 
00010110101000000010100001011101000011101101101111010101011101110101001010001001011111101010111111011101001010000010011100101001101101101011101011101000110001010111011011010100001010111001011110110110101010110000101111001011100110001100010010100011100000011100000101010001011010111100001010011100111010111010111111110011000001100101010111100110101110011000111010101000001000101010111110111000101011010101101110000100000110101001000110100000001011100010001101000111101100110000011010010010010111111111000001001001 
01001000111010011100110011101101011001100111110010100101100100011001111001000010000001010110110011101011110011101000100111111000001111000100000110001111001100010110110001100110100001011100011111101000101111001110011010000110010010001110011000110011000010011000000100110001000010010100111011010000000110000000101000000001001111000001010001011000010100000110100011010100101101111110111011101110000100011100011100110010001010011111111010000111000101001001001000111001100111111110011100011111110101001110100001111011 
10110110110010101001101000010011101000101011101001011100000000100111010101111001010111100001100111001101100111001110101110011010001101111011111111011001110010111110111000101101111101100111111010100011111001001001110110110010101000010100100110100000111011100110001110111010000001111011110001000101101110000000000000110001010110000000011110111011111010110100011111000000111111000000010100001101010110100111001010110000011000100110011000111100100001000111011111110010011011001011100100010000010100100011001111111111 
01101000100100000001101100111000010001111010010010100001000111111011110111010111100010001000111011101110001001111100111110001110010000111110011001101110111010000011010001010110111110011000100011011001101010111101011100010010101010001010010101001101110001101110010010111000000111101011010000011110101000100011000111111111111001011110011010010010001010001000111011111111110001100111000001010101100000110100011111000001111101001111100110011100100011101011011110100010010100100111100111010100100111011110111011101001 
00100110111100101011101011110110000111010100000001100111000011110011000101100011111111110011001000111011100010111000111111010100010111110011010011111011111011010100110000011010101001110011100100101100000011111101001100111101111000110110101111011001000100100011000100001110011110101011011011111110001010010011000110001010101010010100000000010011111000111000110110100010010000100101101011100111000001011000010010101001010010110011101101101000011001110011001110001010111100011100111010000001101010011111110111010101 
11011001101100101100100110001110100001101110111110011000111011101011110111100100100010100100011101011101110100110101001100110110111101001000111110100010011001011000111111011101010001101010111010111100010000101001001101100110011111100011101110001110100000111111010000110011000111010111100000111100110000010010100110110001001111100101010111100000001110001101101110000101100000011011000001001000000000111111100000000010111010111010010101010011000101001010001110110111110010101010000110110011010100111011001000111111 
10001100100001100010011100110110111011110110010100011100100000010110001000001000100001001001001011011101101011110011100101000110011001010101000101001110101101101100001001000000011000011110001111100111111010011111000011001011100100001000011111100011101001000000111111000010011111110001110001111101101100101000001111001001011001100010110001011000110011010011010110000101110111101110001011111011111100101100001001000100101010101101001010001111100100011001111111101110011000000110000101110010110111100000101111100111 
10111011001100101010011000000011010000010111010010100111111110111000110110111101111000011011010100111001011011101011111100101000110100110011111100101110101000010000010010010111000010011100010010000100101110001111100101010110010010001110111101010110110100010000010100111010100000110100001011110101010110100100110111000000111100110110110100110110100001111101101100000100100101011011010111000001001001011000101011001110000001100011001010010000000111001000110011100000011001000000111111010111101011100000101010001111 
11101111101010000001100111100110010000111011110100011101000000001000001001100000001110001101011001001010101010010110111100101111101011011011010000001001111111011000011111101110111101000111001111011011100111111011000110011011110011001001110110100110000000011010110101100001111110100111101101001011001011101011000110001010100101100111001001010100001110011101111011001110011010000001011111110110100110010001111100010101110111100010010110111001010010110101101010100101000110010100101010111110000100101001100000011011 
10111100101000010111001101000111110000000100101000100110100110100100100111000111001101010111110111101000111100111100110111101101000101110010000010101111111000101010001011101111101110101111111000111000010100110111101010110011001110111111010100000100011111111010110000111010110010100001011100001110001011111011101010100110000110111000111111000101111111101000100100001101100110101000011110000111110001111000010011111001000100110011010010010011010000000011100001101010110010001001000101101011011001101100100001100101 
00001000001011111110110001011100101100001101011100001101101000110010001111000110101101011100011001111111110011111001001101000110011001010011100111110101001111010111101001110100110000011010100000000000111110101001101000110000101111111011101100010010000100010000100111001001011100110000000010001100110111010110101010101101010000100010101000011010010100001101000100101000011111000010110000101110010000000011100100111110111011011011100110011000010001110010110111100011010111100110111011110000000011011100110110011011 
00000001101001010000100010010100111110110101111101000010111110001111100001010001010000111111011110100011101000111101000010110000101001100101110100100010110001011111100010111000001100100000111110011001100001101100011011000110111000010101100111111100111110100101001011101110111100101101101010100110011111101000100101010010010010100110100010100100010110100010010010100101110111101111011011101011111101101100000000000000000101011000101000001001000000100100100000100011111101010101110001101000000001001010010100110001 
11001000100100100011100010011010001110100101001011111001010100011001001001110100111010011011000010001110101010000000100010100000010110001110011000101000010101001000100000110110001011001010011011001101001101100100011101010001110010000000111101010000010010110010010001100100100010011011001100011111010101011010101011111000110100100100101001001011010011010001011101111111111110101101110111011000111000011000010100100111000011101100101010010000111011110110111110001101010101100101101101100101010100101000110110000111 
10111101101000001101010111011001101001111011011101001001101101001110001110011001101101100110111110000110110110100001110010000011010110011011110000001100100111001101000010110011001011110010011101101101001101011101010001111001111010111011001101101001010011010111111110101000011110001101010011011100111101110101011100100011101010110001101000000110111001111001100100001011111101001100111110100101111101101011011100101100100100100111111000111100000001001111101001110011001110000010001101110001101000001000111100011101 
10111101100001100010001101100000000011001001010010000011101010000110010100100111111011100001111001100011010110101010010101011110110110111110011100000000101010011011100111110000000111010110011111001010001101100000111110110010100110101010010001010001000011010011100100111011100001101010000110101100001001111001110001001100001110110100100001110000101000011000101111110101110110000111100001111001101110010100010011001011101000101001110011110010010110111110001011111000100001000010001011001010101000100000110000011111 
01001000100110101010010010010011110100001011000111110111100010110011100101100111110110111000111110011100011110000100011111001111101100111001100101001000010000101110000101001101101000110110110111001101111011100000100111111010101010100000000011011100100110101110011001001111110111011101001010011001011110100101111001010000011010100111001100011000101110100111011101010100010011001101101001011010001111010101000101000001011110110010110011100000111001011011111100000110100100010001010011101111101100110011000110111101 
11001100111100000011100011111001111000010000111111111000001100010001011100101011001000111010000010100011000010110011010000110010001010000100000000001110001001101000101000101011100011011100111000101110011011000110101000111000110100011010110000001011101101100001101011010110001010100010101011100101001111010010100011111111100011010011111100001011001101000001001010010111011110001000000100110000001110010110011110100111001101111011011101000011011111111101011110011001001110110100001001101100011101010011101010111001 
00011110001001011100011101011000110000111110000010100101111100010110111100110011010110011101101111111011001010010011110110110110101101111100010001011011100010000011101000111101011110000110111000101010011001100011011100001000111000100110011110100101110000101111000110010001101011010011110100011101001110100000010001001110111111001001011111010111111011010111010110001110010100111010000111101111100111100000001101100010101000000111110111101011111111011011100000100100010100110111100101100110100110111000011100111001 
01010000100100001010110010110001110010100101101100011001010010011101111110100110011010011110001110111010111011001001111101110010000101111000111111110010111111110110011110111000100100110010000000100111011101101001111011110000110110010000001011110101011001110110001101010011010001111110110111000111010010101011011011011101001100100111010110111111011101110110110100101100100001101001101000100011110101000100101001100011110010010010000110001110101011111001000101001101011001100000011101110010100101011101101111110011 
11110111101010010100010111100110000011001000000100100011011000110000100100110111111011010101010010010000000010111100010101100001010011010011001101011110010011011000111100100011101001011010001011011110000000001001100110011001010110010011110101001000010100011010110011111001101100110110000111111011010001000111110010111101000001110001101101010010110111101011111001101000100110100000101011101010110111000000000101111011111000110000111001111111010101100111101011001110010101000001101011010111011000111110101011100110 
11111110011011011101110100001011010010101111111101011010101011001010010111001100010100110111100111001011001001011001110001111111101100000010111101001011110100000000010100111110010101011001101111010111011100101011111011101111110010010110001100000110111010101101101010100001111011110010110000010000011000110010000000010010100100111110101010000111101000010001010000100110010010011000100010111000111110101001100000110001010101010010110001101111100100100000011100100011101000010101100111101001101011000010001101011010 
11111000101111111001011111111001101010001000010001110111010100010010010011001011111110100110100110001110111011010110100100111000010110011110100111101111101101011011111100100110010101101111001100010110000011100110100101110010111101110111110111011011010001000011100101100101110110111001101110001101100100100011001111011100110011110011001011010101111001111101001010101101011100011011100010100010010111010000000010010111100100011110111011001111111110101010111010011011011100111110000011100100110000111101111101011000 
11110000100100010100011110000101101101011100110100011101001111000011011000010010100100101101100000010010111000100010110110100101111010000001011001010010101100000010001001010001100101001000100111011110000001111000010101101000100011110011000000010001010101000011000010001001110010101101010111100001000101001010001001001111110111100101111010011100011000101000011111011000101100010100101111000101110001101000011110001111001111001000010101110010000000100010000101111100100100000000011011000000111000111110111101011001 
11111010001011010010111101111010101011111100111000110010001110110010101111101001010011101000000111001111000000100110011000011111001101110010100000101000000111110000111110001011111111010100111111110010111000110011110111011110111001001110101011111011111100001001100101011010101100100011011110011110100001010010110001011011011010111101101011110100111101111010100111111001001011000010111011010110110010001101010111100111010011100011001001011011111110100111101010100000101101001010100000010011110100101100011010001100 
11100010010110001000000110100001011101011011010110010000010011110101010110010000000001001000000000101100101101001110110100100010000111001010101101001111010100010100001101110110100101010100110100001111001011000110100011110110100110111011000100010111010101100001100101011101011010100000111101010011100001110111010001110011110000001000110010000111000111100000001000110101001010101100111101001010010110001110101011101011001001010001011101110000000000010111010011010111101010010110000010111001101011010010100010001011 
01100100000010101001110000111001010011010011100001011001001110100001010000110100101001100000101100000110101000011100001011000010101101011011011100100110100001101000010111100011001101001111001110111111100001100010110100010110000000000000100000010000100100110010000100000100111111101000110110011101100010101110100100010001011111010010011000011000010100011001010011111010001110010110111011110001101110100000011100101100110001110111111110001000100000110000011100000110111010110010011100011101101011011000101111010101 
01001001011011000110111011011101000000100011010110001011111101111110001010101010011110010100000011110110001010000010010010001000110001001011111111111111100001101101101111110000100110010100100100110000000110100001100111000000000011010011110000001111111000011111001000100011000011000001010110010100000000001100010010001101011100100010111101010100011100011010000100100111010100111111100000101101100010101010100100100001010010100011101000100011001000111000101010111010000111100000010111000101010010101111100010000001 
01111100001000111101011011011100001000001100111001100101111010000000101001111110010001101000100100001110001000010101111001000000000011110011011011100010100010010110000111111010001011001110110111111101000000101000101001101101000100001001111011011101100101000100001101100110000001101000110110111011001111110011000011001000000011001001001001100111100101010110011101001111111010101000011101001100101110010110000110100110010001101000111111011010101000100001110101000111010000011001011000000111001000100101110010010001 
01110111001011110001111010001110111110000100000101011011100111010010010111001010111000101110100010010001100100110101011111110010001101101011101100101010000111001001100000111111000001111110110011110001110110111111001011110110000111100111000001100011100010011110001110010000111101110011100110000111101000100011001110010000111000100100110100010100001010011101001000000101000100001010001110111100101011111011100011000001110011010101100101110100101011111001111110111100110001110101101101111110011110010101110111010011 
01011010101011010011111001001000010110000111101001101010001111100101001101111001011100101111000010010111010001011100111011001100110100000000011110100110111111011001010000010111101110111001010110010111010101101111101011001110011001000111010011101111100110001111100000011010111111110111010010100111110110101001111000111010101110000111110011000111000100010111111110100100000000010010100110100110010001101011111000000101011111011100110010100000110100001111111110000011011100011101010111110101100011101001011000000101 
01111000011011011110010100010111101000000101100011110110010110111011101001100011011110000001011010011101010010000001100011111001111011110011100000110111000001011011011001000111000110010010001001010100010110100111111111010010000101100000010001000000101100110011010001111110100101111100010010011111100100011110011100111111111011000110101110110101000001100101011010110111110101011000001001010111011110111101111001110111100001011100111001111001001011100100101111011110001101011011011011111111101110111100011110101011 
00101100111001001011100010000011011101110111010101100110011001000001100001001100100000101101111010010110010010001101011011000110001010000101111000000000111101010010010010100010010111001111101100010101100100000011011111111000101001101000100001110000111101100011010100011011011010110100011111110110100101000011001001110111010110011001100100101010101100001001111000110001001101010110010011001101000011111010111010100110000100110110011010111111100010000010111110001001111001001010101110100010110100111000001101010001 
01001111111101100011111010111010000011110010001111100010110000111010111111101110111001100101101111001010100000000000100111101001111001001111010110101100010110011111010001111001100100011101110111011001010101110011100110100010010100001001101100001001000100111111010000011000010101110100111001111101110110100000001010110101011011100111010100111101001110100101010010100011010000000101000010001111000011001011101110011110000100011001010100011000000110000010001101011111101110000100001001010000011010110100101101000001 
01011111000011110010010100001011010001010111010101111001101111011001110010010001101110100111111011001011001101011001001101100011001100110100101001011001001100101000000110011111110101001000010000001010101111111011001011110100011000110110111101101000110011111001111010110100001011011001000111101111010011011101011100100101010011011101000000011011011000011000110001000010100101011110001100100100101110110101000011111110000110101100101011101010111010111000000011011011100100100110110100011001001111110111111010110101 
01100001010000111110011011011101101011001010011111011001101101100111010011001000011011001110010101111001010100100001111001000110010000010101111111110010110011110010101010101001110011011111000110001111010011100011101110011100101111110101101100111011110101101011010010010110101111110001000111000010110101001010011110111011101101001111110010011001001110111101010111001010110100010110010101101010100111111001111000011100001001010111101111100011000001010000010001000111110110001111010111011010000110001001101111101110 
01101110011110111101011100000001001000011110100001100111101011110011000111111010010001010110000111011001101000101010110101100011000101110101100111010001100011010011100000010101110001010100011011101010110010000110100101110001011101101101000110101001101001100101011010111000110100100100000000101001010011001000110100100000000111100010111010110111000010010110111001101100101101010101010011000011000001111101111111100111100101100100000110001000111100111111010010111111111011001001111001000100010001001101000000000111 
00100100011110011000000110000000100000001111001011001111010000101111110001001111011111000000110010010011111000100100111010100011110111100011101001010000001101111010101001011100110100101110011100100011111110011111010001000001111111011011010111001110011111010111111100111111000011010000011000101011001000101110010011011110010000011100101110100111111111010111101100010101100001010001000100011110100111001101101011110111001010111110100100101110111100111000110111110011110111110110111100011010100101101010001101010111 
10010110000011111001100110001001011000100001101111011100100010011001010100011111000100001010000000010101111000000000110001110011100011010110111000111110001101111010000100110011111010101000101100011011110010110100010100011011100000100000111101111000110110011001010001100000111010101000111000010011010101001001000010111010001111111000101110100000011110010101000101000100000010010011011010101000100000011010011001001111111011101011010011111101111110110001101000000011110111000011100001111001000111011011101101100011 
10111111001010100111111010101100110101000101001100100010011110000011000001010101000111011110111111101000000110010001011010110010010000111110000110011010111101111101111100011100010111100100100100011101011100110100110101110100010011011000111001001101101100001011011001001110101111101100100010101101100000100111111000001100110001011101010100111011010001101100100011011100111110011110010000011010010001000011001010110111011000111100001111000110011110000111011101000101000000011011111011000010000111011001010101100001 
01010001111101010111110100101100001101011101100111100000001010010000101010010101011000000010001011010010001000001011111101100111000110111110011110110000011101111001110011110001000100110111111111000001111000011000110000001101100101010100011000101111011101001000110101000000100110000011110101111001100110011011000000101001001100001111010110100010110101100000010011110111011011011010001001000101110111111001110000001010011011011100011110110001010110101011100111010111101110111011100000110100100010001110010110001111 
11000111111101011000011101010111101100010010101101010110010100110000010011101110110011111110000110110010110110100001111010110101000111000100100001011111010000000010101111011110111000011111111010001100010111100010001110011101101110001100100101100010000101100001011001011110111111001101001001010100111001010101011010011111110110010011000100111001100110101000101111011110111011010101010010110010111111101010111000010101111101111000111101011100100011011101111011011110101010010111001010110010011100101100011000011011 
00100110111100101011101011110110000111010100000001100111000011110011000101100011111111110011001000111011100010111000111111010100010111110011010011111011111011010100110000011010101001110011100100101100000011111101001100111101111000110110101111011001000100100011000100001110011110101011011011111110001010010011000110001010101010010100000000010011111000111000110110100010010000100101101011100111000001011000010010101001010010110011101101101000011001110011001110001010111100011100111010000001101010011111110111010101 
11011000010001001101010101000110100001010110011110111101101010111010100110001110101010101110011000100000101100110001011011000100011000111111101001100010010100111011110111010011111010011011101010010101000100100111111001110100110000110101011110001101001101010110101000100110000110010010000000100100010011001111011001010110000000010110011100110000010100011001111011001111111100110011000111011011001100001100011111010000111010100010101100110000111010000011100001001011110001111010010010110011000100011001010001100111 
01001000111010011100110011101101011001100111110010100101100100011001111001000010000001010110110011101011110011101000100111111000001111000100000110001111001100010110110001100110100001011100011111101000101111001110011010000110010010001110011000110011000010011000000100110001000010010100111011010000000110000000101000000001001111000001010001011000010100000110100011010100101101111110111011101110000100011100011100110010001010011111111010000111000101001001001000111001100111111110011100011111110101001110100001111011 
11100000010001001100101111110100011001000101011101010011101010101111100001100001001010010111010100110010101100100001010110111011011101010110011011010110111011100001000001101111000010001010000010100010110110010111000101100011000010010011001000011000100011111110110010010111010100101111101010011110000100010000011101101111101111101001100010010000111101100110000000100100101011100010000000011000010100001111111001001111100101110110011101010101111100100100101110110110111010001010011111110101100111001110011000111011 
11110111101010010100010111100110000011001000000100100011011000110000100100110111111011010101010010010000000010111100010101100001010011010011001101011110010011011000111100100011101001011010001011011110000000001001100110011001010110010011110101001000010100011010110011111001101100110110000111111011010001000111110010111101000001110001101101010010110111101011111001101000100110100000101011101010110111000000000101111011111000110000111001111111010101100111101011001110010101000001101011010111011000111110101011100110 
00011110001001011100011101011000110000111110000010100101111100010110111100110011010110011101101111111011001010010011110110110110101101111100010001011011100010000011101000111101011110000110111000101010011001100011011100001000111000100110011110100101110000101111000110010001101011010011110100011101001110100000010001001110111111001001011111010111111011010111010110001110010100111010000111101111100111100000001101100010101000000111110111101011111111011011100000100100010100110111100101100110100110111000011100111001 
01010000100100001010110010110001110010100101101100011001010010011101111110100110011010011110001110111010111011001001111101110010000101111000111111110010111111110110011110111000100100110010000000100111011101101001111011110000110110010000001011110101011001110110001101010011010001111110110111000111010010101011011011011101001100100111010110111111011101110110110100101100100001101001101000100011110101000100101001100011110010010010000110001110101011111001000101001101011001100000011101110010100101011101101111110011 
