11101111111010101111000001111110111101110001011101000110110100011101000111101100010001100111100110101000010011001001111110101010000011001101010101101001001111100011101110011100111111100101010110110010011011010011111010101011101100000101011111011111111010101111010111011111110111111010110010000011111101111001011010101011111111101101110011110011001010100111000000010000011111100001010111011101101010001010001011001011011111111000101101110011000001110101011011001101110110001011111110110111111100111110011110000101 
10011011001010010101001101101000011010000010110000010111000011001110111101110011110000010110001001101001100100100100110011100001001011111100010001010110000110001000111100011000001001001101011100000011100101101100000010000000010100101011000110110010010001001000010111110101101000011100010100101110010110000110000001011110010001000110010010010000101001111001110001011100000100100000110010001000001010000011010011001000110001111000010000100101000011110010001001010000000010011011100011010011100001010000000100010001 
10011011001010010101001101101000011010000010110000010111000011001110111101110011110000010110001001101001100100100100110011100001001011111100010001010110000110001000111100011000001001001101011100000011100101101100000010000000010100101011000110110010010001001000010111110101101000011100010100101110010110000110000001011110010001000110010010010000101001111001110001011100000100100000110010001000001010000011010011001000110001111000010000100101000011110010001001010000000010011011100011010011100001010000000100010001 
11101111111010101111000001111110111101110001011101000110110100011101000111101100010001100111100110101000010011001001111110101010000011001101010101101001001111100011101110011100111111100101010110110010011011010011111010101011101100000101011111011111111010101111010111011111110111111010110010000011111101111001011010101011111111101101110011110011001010100111000000010000011111100001010111011101101010001010001011001011011111111000101101110011000001110101011011001101110110001011111110110111111100111110011110000101 
10011011001010010101001101101000011010000010110000010111000011001110111101110011110000010110001001101001100100100100110011100001001011111100010001010110000110001000111100011000001001001101011100000011100101101100000010000000010100101011000110110010010001001000010111110101101000011100010100101110010110000110000001011110010001000110010010010000101001111001110001011100000100100000110010001000001010000011010011001000110001111000010000100101000011110010001001010000000010011011100011010011100001010000000101101101 
01001111111010101111000001111110111101110001011101000110110100011101000111101100010001100111100110101000010011001001111110101010000011001101010101101001001111100111100100011010101101001111101111101101011110110110001111010110000100111110101111011111111010101111010111011111110111111010110010000011111101111001011010101010110101011101110101100001001100110101111011110101000011010110101111110000011001011101001010011000101011110001100111001010111011100110010111111010010001111110101010001001110101100111100011011001 
00010100100001100011001100010100101100111101101000000010110010010010110011111100100110000110001101000001101011001010110000101100000011000010001100111010100110000100101011010101011000101000111011110100010100111010101001000100111010110111000010110010000100011010010000011101010000000011010100110011001011011000011011011110010001000110010010010000101001111001110001011100000100100000110010001000001010000011010011001000110001111000010000100101000011110010001001010000000010011011100011100100100001000001100010001011 
01001111111010101111000001111110111101110001011101000110110100011101000111101100010001100111100110101000010011001001111110101010000011001101010101101001001111100011101110011100111111100101010110110010011011010011111010101011101100000101011111011111111010101111010111011111110111111010110010000011111101111001011010101011111111101101110011110011001010100111000000010000011111100001010111011101101010001010001011001011011111111000101101110011000001110101011011001101110110001011111110110111111100111110011110000101 
10010110001011111000110101011000010111111110110100010101110100101100111001111010000001011110001010101001000111011011111110101010000011001101010101101001001111100011101110011100111111100101010110110010011011010011111010101011101100000101011111011111111010101111010111011111110111111010110010000011111101100010000110111001011111011111010010100101001001110010011111010010001000011111111101000101110111101110000110000110100011011111010001100101111010110001000010010110111100011011101011010010100111011110101000010001 
10011011010101000000101100111000010101000010000111010100000010000101110010001111101111011011000011010011010010100000110100001111100110100111010001101110101011100001000010011110011010101011010101001001001101100101110110111100110100101011000110110010010001001000010111110101101000011100010100101110010110000110000001011110010001000110010010010000101001111001110001011100000100100000110010001000001010000011010011001000110001111000010000100101000011110010001001010000000010011011100011010011100001010000000101101101 
11010100100101011001011011001011111101110110101001100010100000101110011111100000111110011101101111011001000011011111100011111100010100010111011100111001111111001011101110011100111111100101010110110010011011010011111010101011101100000101011111011111111010101111010111011111110111111010110010000011111101111001011010101010110101011101110101100001001100110101111011110101000011010110101111110000011001011101001010011000101011110001100111001010111011100110010111111010010001111110101010001001110101100111100011011001 
10110100101011101101111101001101001010100100010111101000111000111101000111101100010001100111100110101000010011001001111110101010000011001101010101101001001111100011101110011100111111100101010110110010011011010011111010101011101100000101011111011111111010101111010111011111110111111010110010000011111101100010000110111001011111011111010010100101001001110010011111010010111101000011111100101011001100100001010101101011100011101010001010110111110100000010011000011111001101111111000011100100100001000001100010001011 
01001100001001101011110110100000100100101010001111000100110110010011010101101100111001100101111101110011000100010010011100011011110000000010100011111000111000110111111101011110011011011001001111000011011000100100011010001011010101010010110101010100000100011010010000011101010000000011010100110011001011011001001001110011001100100000000000001100000100011110011110111110100000011111100101010011011010001111110011011000001000100111001000011010111110111000001011001111000010001110011111110001111000010001111000001101 
10011011010101000000101100111000010101000010000111010100000010000101110010001111101111110010001100111010100010110110011001101011001001010101010000010000001111101010101111111110011011001100111101110101101100111101110010000000010100101011000110110010010001001000010111110101101000011100010100101110010110000110000001011110010001000110010010010000101001111001110001011100000100100000110010001000001010000011010011000010010000111100110000110101100100101101101011110110011110000010100011000101001100100111011001011111 
10110100101011101101111101001101001010100100010111101000111000111101000111101100010001100111100110101000010011001001111110101010000011001101010101101001001111100011101110011100111111100101010110110010011011010011111010101011101100000101011111011111111010101111010111011111110111111010110010000011111101100010000110111001011111011111010010100101001001110010011111010010111101000011111100101011001100100001010101101011100011101010001010110111110100000010011000011111001101111111000011100100100010001101100000110011 
10010001011101000100110111100110101011011000000000111100110101010011010010100001101011101111101100101100101100000110000111011100101100001100011101110010011111100100011010000010011011000101000110101111111100111101000111011011110011101111111111000000000101010111101101110001111111111101110001010001000110001110011010100101000111100000001110100001010110011100011110010111111011011100001010100000001110100111001001100010100111001000100110001010010010000011110101100100100011100101111110100100110100111000011111001001 
11010100100101011001011011001011111101110110101001100010100000101110011111100010000001011110001010101001000111011011100100001011111010101111001011111100111100001011101110011100111111100101010110110010011011010011111010101011101100000101011111011111111010101111010111011111110111111010110010000011111101111001011010101010110101011101110101100001001100110101111011110101000011010110101111110000011001011101001010011000101011110001100111001010111011100110010111111010010001111110101010001001110101100111100011011001 
00001111000000001001110110110100010010000000000000001110110100001100111111111101011111011011000011010011010010100000110100001111100110100111010001101110101011100001000010011110011010101011010101001001001101100101110110111100110100101011000110110010010001001000010111110101101000011100010100101110010110000110000001011110010001000110010010010000101001111001110001011100000100100000110010001000001010000011010011001000110001111000010000100101000011110010001001010000000010011011100011010011100001010000000101101101 
11101011010011010000010010111011011011001110000100100001100011001011111011000000100110111100001011110000111100010010000100000110010011111010001100000100010101101011111010011101100100110011010101001001001101100101110110111100110100001000010110010110110100001001001011100101100010010011110101100001100000010000011011011110010001000110010010010000101001111001110001011100000100100000110010001000001010000011010011001000110001111000010000100101000011110010001001010000000010011011100011010011100001010000000100010001 
10010110001011111000110101011000010111111110110100010101110100101100111001111010000001011110001010101001000111011011100100001011111010101111001011111100111100001011101110011100111111100101010110110010011011010011111010101011101100000101011111011111111010101111010111011111110111111010110010000011111101111001011010101010110101011101110101100001001100110101111011110101000011010110101111110000011001011101001010011000101011110001100111001010111011100110010111111010010001111110101010001001110101100111100011011001 
10111111110101011010001001010010100000111010010100011110111011010011000110101111110010111000110110000110111100110010001000001101010011110011001110111001111110110001011011110010111101110110000110000101100110001111111010101011101100000101011111011111111010101111010111011111110111111010110010000011111101100010000110111001011111011111010010100101001001110010011111010010001000011111111101000101110111101110000110000110100011011111010001100101111010110001000010010110111100011011101011010010100111011110101000010001 
00011110111010000000100001101010000001001001000110010100010010110100001111001100110100001100001001110011001100111111011110100111010101000010010011110011000111110011110100110100011010000101100011010001110010111001011011101101000000100111010100000000000111010111010000101101010010110001000010100111001110110001110011111001001101111010011000100110101010000101010011000010010111000010111101110110111111111101111100110011011101000010000011101100111001011101001010011100001000010110110101111101001011000100000010000001 
00001111000000001001110110110100010010000000000000001110110100001100111111111101011111011011000011010011010010100000110100001111100110100111010001101110101011100001000010011110011010101011010101001001001101100101110110111100110101101000110010010110010010111011000010100100110111001101111001101000100001010011010000000110010000101010001000001111100100000001011001101010110010011110000011110110010110010001001001010110111101101011010011001010110110011000011111110011101010010101111000001010100011010010010100001001 
10010110001011111000110101011000010111111110110100010101110100101100111001111010000001011110001010101001000111011011100100001011111010101111001011111100111100001111100100011010101101001111101111101101011110110110001111010110000100111110101110100100001010000001101001010100101001101001001111010011000101111001011010101010110101011101110101100001001100110101111011110101000011010110101111110000011001011101001010011000101011110001100111001010111011100110010111111010010001111110101010001001110101100111100011011001 
01001111111010101111000001111110111101110001011101000110110100011101000111101100010001100111100110101000010011001001111110101010000011001101010101101001001111100011101110011100111111100101010110110010011011010011111010101011101100000101011111011111111010101111010111011111110111111010110010000011111101110001110101110001010001010001111001101101111100101000010100011011111111111101010110101110100010000111010011011010001101000001010000010110010001110000110111010111011000111010111110000001001111000011000000111111 
10011011001010010101001101101000011010000010110000010111000011001110111101110011110000010110001001101001100100100100110011100001001011111100010001010110000110001000111100011000001001001101011100000011100101101100001111100111011101000100011110101110001001101101110010010000011101000100011010011000000011011111011010000000111000100011101101101100100100010111000000111110010101100111010000110111010011101001000000100001011100011011010000010101001010011011111011011011011000001011110000110001010011001101100001001001 
00001111000000001001110110110100010010000000000000001110110100001100111111111101011111011011000011010011010010100000110100001111100110100111010001101110101011100001000010011110011010101011010101001001001101100101110110111100110100101011000110110010010001001000010111110101101000011100010100101110010110000110000001011110010001000110010010010000101001111001110001011100000100100000110010001000001010000011010011001000110001111000010000100101000011110010001001010000000010011011100011010011100001010000000100010001 
11101011010011010000010010111011011011001110000100100001100011001011111011000000100110111100001011110000111100010010000100000110010011111010001100000100010101101011111010011101100100110100111111100010001001111011110110001100010010101101000011001111000110010101000000100111010011001100010001111011110101001000011011000000001011001000110111110010011000110010010101000001100000101001001010010011010101011010000011000000000011100011111111111011110011001000010000011000000110011010001110000001001111000011000000111111 
10011011010101000000101100111000010101000010000111010100000010000101110010001111101111110010001100111010100010110110011001101011001001010101010000010000001111101010101111111110011011001100111101110101101100111101110010000000010100101011000110110010010001001000010111110101101000011100010100101110010110000110000001011110010001000110010010010000101001111001110001011100000100100000110010001000001010000011010011001000110001111000010000100101000011110010001001010000000010011011100011010011100001010000000101101101 
01100100101100010101001101101000011010000010110000010111000011001110111101110011110000010110001001101001100100100100110011100001001011111100010001010110000110001011111010011101100100110100111111100010001001111011110110001100010010101101000011001111000110010101000000100111010011001100010001111011110101001000011011000000001011001000110111110010011000110010010101000001100000101001001010010011010101011010000011000000000011100011111111111011110011001000010000011000000110011010001110000001001111000011000000111111 
10101111000110111000111010111100000101100001110111111111101110010100011110000000101101000111000001011011101110101110101100000111011000110101111000101010000001001101100110011111100011011000010000100111110110110010101000101010010001011101100000110110101101011000110111001100001000000111000110011100010100101101001000100110000101101001110010100000010010110011101001001111111000011111111101000101110111101011000011011000110000011101011110011101110000111010010110101111000011110110010110100010100110001001111011111101 
01110011000011101001000010111010100100111100001100011111000101000000101000100111111110110011010000001100011010100011100001110100001101110111010111001111100111110001001110011111110000100010000100101101011110110110001111010110000100111110101110100100001010000001101001010100101001101001001111010011000101111001011010101010110101011101110101100001001100110101111011110101000011010110101111110000011001011101001010011000101011110001100111001010111011100110010111111010010001111110101010001001110101100111100011011001 
01001111111010101111000001111110111101110001011101010101110100101100111001111010000001011110001010101001000111011011111110101010000011001101010101101001001111100011101110011100111111100101010110110010011011010011111010101011101100000101011111011111111010101111010111011111110111111010110010000011111101100010000110111001011111011111010010100101001001110010011111010010001000011111111101000101110111101110000110000110100011011111010001100101111010110001000010010110111100011011101011010010100111011110101000010011 
00001111000000001001110110110100010010000000000000001110110100001100111111111101011111011011000011010011010010100000110100001111100110100111010001101110101011100001000010011110011010101011010101001001001101100101110110111100110100101011000110110010010001001000010111110101101000011100010100101110010110000110000001011110010001000110010010010000101001111001110001011100000100100000110010001000001010110100000001010011110110000011000110001100011100000001001011101100000111001010111101100110110000100011101100011011 
11101111010000000011110100001011000100000000101001001010101100110101011110000000101101000111000001011011101110101110101100000111011000110101111000101010000001001101100110011111100011011000010000100111110110110010101000101010010001011101100000110110101101011000110111001100001000000111000110011100010100101101001000100110000101101001110010100000010010110011101001001111111000001010111001001011001000101010110000110101100100110001010110001000110110010001111011100000010101010000100100100100100000110000101001010111 
10000111001011110101101110101011000000110000011101000000110101000000101000100111111110110011010000001100011010100011100001110100001101110111010111001111100111110001001110011111110000100010000100101101011110110110001111010110000100111110101110100100001010000001101001010100101001101001001111010011000101111001011010101010110101011101110101100001001100110101111011110101000011010110101111110000011001011101001010011000101011110001100111001010111011100110010111111010010001111110101010001001110101100111100011011001 
00010100100001100011001100010100101100111101101000000010110010010010110011111100100110000110001101000001101011001010110000101100000011000010001100111010100110000100101011010101011000101000111011110100010100111010101001000100111010110111000010110010000100011010010000011101010000000011010100110011001011011000011011011110010001000110010010010000101001111001110001011100000100100000110010001000001010000011010011001000110001111000010000100101000011110010001001010000000010011011100011010011100001010000000100010001 
10010110001011111000110101011000010111111110110100010101110100101100111001111010000001011110001010101001000111011011100100001011111010101111001011111100111100001011101110011100111111100101010110110010011011010011111010101011101100000101011111011111111010101111010111011111110111111010110010000011111101100010000110111001011111011111010010100100011100010110111100111110111011101100001110111000101111101000100100110010101111110100010011100101101101111111000110001000000111101111101111111000101011101011100001011011 
10011011001010010101001101101000011010000010110000010111000011001110111101110011110000010110001001101001100100100100110011100001001011111100010001010110000110001000111100011000001001001101011100000011100101101100000010000000010100101011000110110010010001001000010111110101101000011100010100101110010110000110000001011110010001000110010010010000101001111001110001011100000100100000110010001000001010000011010011001000110001111000010000100101000011110010001001010000000010011011100011010011100001011110101000010011 
00001111000000001001110110110100010010000000000000001110110100001100111111111101011111011011000011010011010010101110100011100001001011111100010001010110000110001000111100011000001001001000111011110100010100111010101001000100111010110111000010110010000100011010010000011101010000000011010100110011001011011000011011011110010001000110010010010000101001111001110001011100000100100000110010001000001010000011010011001000110001111000010000100101000011110010001001010000000010011011100011010011100001010000000100010001 
10010110001011111000110101011000010111111110110100010101110100101100111001111010000001011110001010101001000111011011100100001011111010101111001011111100111100001011101110011100111111100101010110110010011011010011111010101011101100000101011111011111111010101111010111011111110111111010110010000011111101100010000110111001011111011111010010100100011100010110111100111110111011101100001110111000101111101000100100110010101111110100010011100101101101111111000110001000000111101111101111111000101011101011100001011011 
11100011010010010011110001101101101111011000011111100100001000101010010101010100100011110011011100111101101101110000101010100101100000100011100001100100001101011011101110101110101001101011111010111001111110111100100000011001001000110110010100001010011001110000001010101011101101001111111100111101010011110000101001000011001110101100110010101001110011011110010000000010101100011011110011111110011001011010001011001001001100000000101011101010101110101110100001100110001010011010000000011111010011100011011010001111 
00001111000000001001110110110100010010000000000000001110110100001100111111111101011111011011000011010011010010100000110100001111100110100111010001101110101011100001000010011110011010101011010101001001001101100101110110111100110100001000010110010110110100001001001011100101100010010011110101100001100000010000011011011110010001000110010010010000101001111001110001011100000100100000110010001000001010000011010011001000110001111000010000100101000011110010001001010000000010011011100011010011100001010000000100010001 
00001111000000001001110110110100010010000000000000001110110100001100111111111101011111011011000011010011010010100000110100001111100110100111010001101110101011100001000010011110011010101011010101001001001101100101110110111100110100001000010110010110110100001001001011100101100010010011110101100001100000010000011011011110010001000110010010010000101001111001110001011100000100100000110010001000001010000011010011001000110001111000010000100101000011110010001001010000000111001010111101100110110000100011101100011011 
00011001000101010001000011110110011110000000000000001110110100001100111111111101011111011011000011010011010010100000110100001111100110100111010001101110101011100001000010011110011010101011010101001001001101100101110110111100110100101011000110110010010001001000010111110101101000011100010100101110010110000110000001011110010001000110010010010000101001111001110001011100000100100000110010001000001010000011010011001000110001111000010000100101000011110010001001010000000010011011100011010011100001010000000101101101 
00011110111010000000100001101010000001001001000110011101100000010100001110111101000010000100011011101001101010000011101010000111100011000000000010000101010001000100110110111100010101100011101001011001111101011101000100001111001110000010101011011111011100110100001001000101010011011010011111010100101000000110000001011110010001000110010010010000101001111001110001011100000100100000110010001000001010000011010011000010010000111100110000110101100100101101101011110110011110000010100011000101001100100111100011011001 
10010110001011111000110101011000010111111110110100010101110100101100111001111010000001011110001010101001000111011011100100001011111010101111001011111100111100001111100100011010101101001111101111101101011110110110001111010110000100111110101110100100001010000001101001010100101001101001001111010011000101111001011010101010110101011101110101100001001100110101111011110101000011010110101111110000011001011101001010011000101010110101010110111001010101101110010000011111010001011101110011001100000001001101111110101011 
10010110001011111000110101011000010111111110110100010101110100101100111001111010000001011110001010101001000111011011100100001011111010101111001011111100111100001011101110011100111111100101010110110010011011010011111010101011101100000101011111011111111010101111010111011111110111111010110010000011111101100010000110111001011111011111010010100101001001110010011111010010111101000011111100101011001100100001010101101011100011101010001010110111110100000010011000011111001101111111000011100100100001000001100010001011 
00010000010000010101100001011010011001110110100100000101110000110001001100100111010000000100010111001101011110000111111001001111111110001011011011010000101101010100011011110110100001101101100001001100101000101001000111001110010010101101000011001111000110010101000000100111010011001100010001111011110101001000011011000000001011001000110111110010011000110010010101000001100000101001001010010011010101011010000011000000000011100011111111111011110011001000010000011000000110011010001110000001001111000011000000111111 
00011001000101010001000011110110011110100010010111001111111100010101101100100000100111101110010000010110010010110111110110001111011111100000001100010011001110010110001100111111011001001000111111100000100010000111011010001110010010011100001001001001110100000100011000110000011110111101010011100001001001101111000001101110011011100011001111111010000011111011001101001100010110111000101000111100000100111001011101101000001101100010011010100010011000001011011001110000010101101101111101001011100001001001001001010101 
00000110001110010000111110010100001110101100110110100101100101000111100111111010110010111100000111101010001000101100010100100111110110100111111000010010100010111010011110000001010111000010011010011011001000100010100110010010011011110001000111010011010001111110100100010111001011000011110111010001100001001101000001001000111010000000011111000111101111100011100111000111110011100001111101010110011001110110101001100110000000101001110001010110111100001110101101011101011100111010110100101000111110001011010000101101 
10000001001011000011100011101001111101101101010011010101101011111111010001101110000010100111110011111111000000010101101001100111101010011111111101010001101101000111100001001001110000110110101001111011010001010011110111000010010001100101000010111010100100101000010101010110110010011111110110001100010101000001000011101111101000001010011011110101001101101011011111100011111101100100000011011001101011000111011110011010011100011101000111111000110101111100100001100110010101011011011100100001111111101000011110101011 
01001001101010111001111110011001001100011101111111100001111110110011000101100110001000111110111110001110101011001000010001111101000110010111011111110100110111101011100000101100000100110101111010010000010010010100010110101010000010010110100000111011011000001100101011101110010110111010110100111011001110101000010011010011111010000010000010100001100100000111100011111100101010010010010110001101010101100000110101010011010100110000001000011111110001111101011000001100010010111101001010111011000101100110010011010011 
01111101011110011111000100100110010000000111011001010011110011001100000001101100000010010000111010111001010101101011010110101111100000100100001011101010010011101101111101101010011011100111000100000001111111000000111100111111010100001000010110010110110100001001001011100101100010010011110101100001100000010000011011010100110101111110110111111101000111111000111000111110100011011010000111001011001111001000111001000011001010110101010110111001010101101110010000011111010001011101110011001100000001001101111110101011 
11100011010010010011110001101101101111011000011111100100001000101010010101101100010001100111100110101000010011001001111110101010000011001101010101101001001111100011101110011100111111100101010110110010011011010011111010101011101100000101011111011111111010101111010111011111110111111010110010000011111101100010000110111001011111011111010010100101001001110010011111010010111101000011111100101011001100100001010101101011100011101010001010110111110100000010011000011111001101111111000011100100100001000001100010001011 
01101000110111010110011100101100011110001100011011110000100001110101100011110001000101111101111111000001011000001101001111110011100100000101101011111111010010010111101100111110000111011101101011010001000010110001100100100001100111111011101011010011010110100001110110101101110001001000111100011011010000011110000010110011111111101101110011110011001010100111000000010000011111100001010111011101101010001010001011001011011111111000101101110011000001110101011011001101110110001011111110110111111100111110011110000101 
00011110111010000000100001101010000001001001000110011101100000010100001110111101000010000100011011101001101010000011101010000111100011000000000010000101010001000100110110111100010101100011101001011001111101011101000100001111001110000010101011011111011100110100001001000101010011011010011111010110010110000110000001011110010001000110010010010000101001111001110001011100000100100000110010001000001010000011010011001000110001111000010000100101000011110010001001010000000010011011100011010011100001010000000101101101 
01110011000011101001000010111010100100111100001100011111000011100111110011111100100110000110001101000001101011001010110000101100000011000010001100111010100110000100101011010101011000101000111011110100010100111010101001000100111010110111000010110010000100011010010000011101010000000011010100110011001011011000011011011110010001000110010010010000101001111001110001011100000100100000110010001000001010000011010011001000110001111000010000100101000011110010001001010000000010011011100011010011100001010000000100010001 
00010000010000010101100001011010011001110110100100000101110000110001001100100111010000000100010111001101011110000111111001001111100110100111010001101110101011100001000010011110011000101000111011110100010100111010101001000100111010110111000010110010000100011010010000011101010000000011010100110011001011011000011011011110010001000110010010010000101001111001110001011100000100100000110010001000001010000011010011001000110001111000010000100101000011110010001001010000000010011011100011010011100001010000000100010001 
01110011000011101001000010111010100100111100001100011111000011100111110011111100100110000110001101000001101011001010110000101100000011000010001100111010100110000100101011010101011000101000111011110100010100111010101001000100111010110111000010110010000100011010010000011101010000000011010100110011001011011000011011011110010001000110010010010000101001111001110001011100000100100000110010001000001010000011010011001000110001111000010000100101000011110010001001010000000010011011100011010011100001010000000100010001 
00111111000001001111101001010000110100000111101100010100100100001000100111011000101101000111000001011011101110101110101100000111011000110101111001101001001111100011101110011100111111100101010110110010011011010011111010101011101100000101011111011111111010101111010111011111110111111010110010000011111101100010000110111001011111011111010010100101001001110010011111010010111101000011111100101011001100100001010101101011100011101010001010110111110100000010011000011111001101111111000011100100100001000001100010001011 
10011011001010010101001101101000011010000010110000010111000011001110111101110011110000010110001001101001100100100100110011100001001011111100010001010110000110001000111100011000001001001101011100000011100101101100001111100111011101000100011110101110001010101100100001101010101101000000000100110111110001111110001011111101111011111101100001100111011010010001001100100011001010000000111000100011110101111110000110000110100011011111010001100101111010110001000010010110111100011011101011010010100111011110101000010001 
10111111110101011010001001010010100000111010010100011110111011010011000110101111110010111000110110000110111100110010001000001101010011110011001110111001111110110001011011110010111101110110000110000101100110001110100110101010011000000000010110110101101101111110001001011111000011100011100001100110110101111000111001001001111100100001100101011011000001000011011010100111100101011100000010010101001001101000101011100010100000010011010101110000001101001010100000011000000011010111011100011110001001100111100011011001 
01110011000011101001000010111010100100111100001100011111000011100111110011111100100110000110001101000001101011001010110000101100000011000010001100111010100110000100101011010101011000101000111011110100010100111010101001000100111010110111000010110010000100011010010000011101010000000011010100110011001011011000011011011110010001000110010010010000101001111001110001011100000100100000110010001000001010000011010011001000110001111000010000100101000011110010001001010000000010011011100011100100100001000001100010001011 
11101111010000000011110100001011000100000000101001001010101100110101011110000000101101000111000001011011101110101110101100000111011000110101111000101010000001001101100110011111100011011000010000100111110110110010101000101010010001011101100000110110101101011000110111001100001000000111000110011100010100101101001000100110000101001000110111110010011000110010010101000001100000101001001010010011010101011010000011000000000011100011111111111011110011001000010000011000000110011010001110000001001111000011000000111111 
01001111111010101111000001111110111101110001011101000110110100011101000111101100010001100111100110101000010011001001111110101010000011001101010101101001001111100011101110011100111111100101010110110010011011010011111010101011101100000101011111011111111010101111010111011111110111111010110010000011111101111001011010101010110101011101110101100001001100110101111011110101000011010110101111110000011001011101001010011000101010110101010110111001010101101110010000011111010001011101110011001100000001001101111110101011 
01110011000011101001000010111010100100111100001100011111000011100111110011111100100110000110001101000001101011001010110000101100000011000010001100111010100110000100101011010101011000101000111011110100010100111010101001000100111010110111000010110010101000100101011101001001111101011110010010010001011111101001101000100110101001010110100010111100001000011110110010000101001101011001101111000100101000001011010000100010010001101000110100001001100101111001000000110010100111111110001101001101001100110111110001000111 
01001111111010101111000001111110111101110001011101000110110100011101000111101100010001100111100110101000010011001001111110101010000011001101010101101001001111100011101110011100111111100101010110110010011011010011111010101011101100000101011111011111111010101111010111011111110111111010110010000011111101100010000110111001011111011111010010100101001001110010011111010010111101000011111100101011001100100001010101101011100011101010001010110111110100000010011000011111001101111111000011100100100001000001100010001011 
01000001110010011000101111111100110010111010010101010001100000001000110110111111101100001010110110001111101110100001101011001110001111011010111000111110110000100011100001111010011000011011110100110010100110010110111110100100011000101101111100111111110001010010001011011110010101001011100010010011001010000101001101011100100100011110100100110001001011000010001000001111100101110011000101100010111110110000011000110110111001001110111010010101111001100101000001100000101010110111000010011110101001100110100001110001 
11011100000111110111011001111001111001001100111100111101110000010100100101001010001110110111100001010111111001000100111001111011101000011011011110011000101001111000000110000001001101101000010111100110111100000100000110110011100111000110011000101000101100101000100001001111010011100001001101111100001100001011001001001100000110000111111001101110110010101111101010101010111001100101111110100110011000010101111010000110000110111101111111111011101110011011100010000010100111101101100000111000101010001010000001101101 
00111111000001001111101001010000110100000111101100010100100100001000100111011001001111010111010001000010011011110000001001011110001101001101101100111010111011101011111010010001101000101110101010010100010110011101001111110101100111010001010010000100101111101000001100111100011101000110000000111000100010011000101111010010001010110101110000111011000110101111010111010110101100111000000100010000000110010010000110101010000011110110110000101011000000100010101010111001010000011100001110010001011110001101100000110011 
11010100100101011001011011001011111101110110101001100010100000101110011111100000111110011101101111011001000011011111100011111100010100010111011100111001111111001111001101000100011000100001000010101000001010100110011010100010010001111100101101011100010110100001111110001110101001101110101011011101011010101111010001110000111001101001000011010000000100111110101101011100001111111100011101010010111010101100010000011111010100111001001011110101100001111110111001010111110011000100010000001110100000000011100111011011 
00001111000000001001110110110100010010000000000000001110110100001100111111111101011111011011000011010011010010100000110100001111100110100111010001101110101011100001000010011110011010101011010101001001001101100101110110111100110100101011000110110010010001001000010111110101101000011100010100101110010110000110000001011110010001000110010010010000101001111001110001011100101100111000000100010000000110010010000110101010000011110110110000101011000000100010101010111001010000011111000011100100100001000001100010001011 
10110011011111011110111011011010001101000100100111110010011101100111011010110011100000101011000100111100001011001110010010010111011100011001001011010111010100100001100011001001110011010001010000001111101010011001001101001110111000100111111001110111010000010001111011001000100000101011111001000000010110000100011010000101101110000000111011000001111000111110110010011111100011001110000111111001110000110100000001010011110110000011000110001100011100000001001011101100000111001010111101100110110000100011101100011011 
10010110001011111000110101011000010111111110110100010101110100101100111001111010000001011110001010101001000111011011100100001011111010101111001011111100111100001011101110011100111111100101010110110010011011010011111010101011101100000101011111011111111010101111010111011111110111111010110010000011111101100010000110111001011111011111010010100101001001110010011111010010001000011111111101000101110111101110000110000110100011011111010001100101111010110001000010010110111100011011101011010010100111011110101000010011 
01001111111010101111000001111110111101110001011101000110110100011101000111101100010001100111100110101000010011001001111110101010000011001101010101101001001111100111100100011010101101001111101111101101011110110110001111010110000100111110101110100100001010000001101001010100101001101001110101100001100000010000011011010100110101111110110111111101000111111000111000111110100011011010000111001011001111001000111001000011001010110101010110111001010101101110010000011111010001011101110011001100000001001101111110101011 
01110011000011101001000010111010100100111100010000010011100001101101100011110001000101111101111111000001011000001101001111110011100100000101101011111111010010010111101100111110000111011101101011010001000010110001100100100001100111111011101011010011010110100001110110101101110001001000111100011011010000011110000010110011111111101101110011110011001010100111000000010000011111100001010111011101101010001010001011001011011111111000101101110011000001110101011011001101110110001011111110110111111100111110011110000101 
10111111110101011010001001010010100000111010010100011110111011010011000110101111110010111000110110000110111100110010001101100101100000100011101110011010010100010101111110101101011001010111001110101111111001011001100110110011101001101111110101101100101110001000000011000001110000110011100011101110111001100101111101011001001010111100000000000011101110111100111011101010111101000011111100101011001100100001010101101011100011101010001010110111110100000010011000011111001101111111000011100100100001000001100010001011 
10011111111010101111000001111110111101110001011101000110110100011101000111101100010001100111100110101000010011001001111110101010000011001101010101101001001111100011101110011100111111100101010110110010011011010011111010101011101100000101011111011111111010101111010111011111110111111010110010000011111101100010000110111001011111011111010010100101001001110010011111010010001000011111111101000101110111101110000110000110100011011111010001100101111010110001000010010110111100011011101011010010100111011110101000010001 
00001111000000001001110110110100010010000000000000001110110100001100111111111101011111011011000011010011010010100000110100001111100110100111010001101110101011100001000010011110011010101011010101001001001101100101110110111100110100101011000110110010010001001000010111110101101000011100010100101110010110000110000001011110010001000110010010010000101001111001110001011100000100100000110010001000001010000011010011001000110001111000010000100101000011110010001001010001110110001011111110110111111100111110011110000101 
00100011001010001001001110001111000010100011110001011101100000010100001110111101000010000100011011101001101010000011101010000111100011000000000010000101010001000100110110111100010101100011101001011001111101011101000100001111001110000010101011011111011100110100001001000101010011011010011111010100101000011111001011000000011111001110010000111110000101111110010011000010000010110111111000001010001010001101000111011010011010110001111110100000101101101000110101110010001101001101010111011100000101001010010001101101 
10010110001011111000110101011000010111111110110100010101110100101100111001111010000001011110001010101001000111011011100100001011111010101111001011111100111100001111100100011010101101001111101111101111001000101001000100000010110100100110110111001111110100001010101000000000110011011000101011100110111111100110011100100000101000001010111110010000110000010001111001011010111111111101010110111010111000100111000000000100111010110001110001000010110101111100100001100110010101011011011100100001111111101000011110101011 
01001010011110001100010110100001010011100010100011101010001100110111100100001000011011001010111110011111101111111011001000010100000001101111111101110010011101000011101000101010110100110010100011010111010001000100101001001010011011011101111010010111011000101010010101010101000010110111010000101111011011000001110101110001010001010001111001101101111100101000010100011011111111111101010110101110100010000111010011011010001101000001010000010110010001110000110111010111011000111010110000101000001111110000000111011011 
00010100100001100011001100010100101100111101101000000010110010010010101010101010110110111011100011001010001000000110001010100101111100101111100100101100001100101110101100100010100001010000111100100001100101010111101011111110101100111100010010110100011001101101110010010000011101000100011010011000000011011111011010000000111000100011110111110010011000110010010101000001100000101001001010010011010101011010000011000000000011100011111111111011110011001000010000011000000110011010001110000001001111000011000000111111 
10110110001000001100101011110010010101000110110001011100111010001100110011010110000000011100100000010010101011010000000101111000000100011111011000110001001001111000100111010011110000100111001010001110100010001011000110000010111101100100001000000000000110011001100001111010010110100110110100101111000001000101110000110011101000111000001101011100011100010110111100111110111011101100001110111000101111101000100100110010101111110100010011100101101101111111000110001000000111101111101111111000101011101011100001011011 
11111111111110100001000001000000011110101111111101111011010011110000110110111011100110011101011110111111011100011100111000000101100001111000110001011001001010111010100001001100110100000001000101111001110011001111110110000110101100100000101101111001011111001100000100101001011001110100100111000101101111111110100010101110101101100111011100100000000100011110011110111110100000011111100101010011011010001111110011011000001000100111001000011010111110111000001011001111000010001110011111110001111000010001111000001101 
10110100101011101101111101001101001010100100010111101000111000111111111101111101010001000010011100000011011111010010000001100010001011110101111010100110011101010011001001011000111111100101010110110010011011010011111010101011101100000101011111011111111010101111010111011111110111111010110010000011111101100010000110111001011111011111010010100101001001110010011111010010111101000011111100101011001100100001010101101011100011101010001010110111110100000010011000011111001101111111000011100100100010001101100000110011 
10110100101011101101111101001101001010100100010111101000111000111111111101111101010001000010011100000011011111010010000001100010001011110101111010100110011101010011001001011000001100010011101010001001001110001101101110100110000001111010100010101011011001110111011010010111001010000001100100001011001010100110001000101010011000011110001010110001000101100110000011011111000011100000001111110001000100100101011011000101100000011010010100000111010101111111100100101100001111010111010010111101101111100011111000000101 
01001111111010101111000001111110111101110001011101000110110100011101000111101100010001100111100110101000010011001001111110101010000011001101010101101001001111100011101110011100111111100101010110110010011011010011111010101011101100000101011111011111111010101111010111011111110111111010110010000011111101111001011010101010110101011101110101100001001100110101111011110101000011010110101111110000011001011101001010011000101011110001100111001010111011100110010111111010010001111110101010001001110101100111100011011001 
00010100100001100011001100010100101100111101101000000010110010010010101010101010110110111011100011001010001000000110001010100101111100101111100100101100001100101110101100100010100001010000111100100001100101010111101011111110101100111100010010110100011001101101110010010000011101000100011010011000000011011111011010000000111000100011101101101100100100010111000000111110010101100111010000110111010011101001000000100001011100011011010000010101001010011011111011011011011000001011110000110001010011001101100001001001 
01001111111010101111000001111110111101110001011101000110110100011101000111101100010001100111100110101000010011001001111110101010000011001101010101101001001111100011101110011100111111100101010110110010011011010011111010101011101100000101011111011111111010101111010111011111110111111010110010000011111101100010000110111001011111011111010010100101001001110010011111010010001000011111111101000101110111101110000110000110100011011111010001100101111010110001000010010110111100011011101011010010100111011110101000010001 
10010110001011111000110101011000010111111110110100010101110100101100111001111010000001011110001010101001000111011011100100001011111010101111001011111100111100001111100100011010101101001111101111101101011110111000110101111111100100111000111111001011101111100001010101111001001110100100111110001011001101011000001010001000000011000000110000000000011000011100011101000011101100011000011110110001000101100011110111101101101100001110110111100100001011101101111101100010100101110110001110100101100010111010001010000101 
11010100100101011001011011001011111101110110101001100010100000101110011111100000111110011101101111011001000011011111100011100101100000100011100001100100001101011011101110101110101001101011111010111001111110111100100000011001001000110110010100001010011001110000001010101011101101001111111100111101010011110000101001000011001110101100110010101001110011011110010000000010101100011011110011111110011001011010001011001001001100000000101011101010101110101110100001100110001010011010000000011111010011100011011010001111 
10000001001011000011100011101001111101101101010011010101101011111111010001101110000010100111110011111111000000010101101001100111101010011111111101010001101101000111100001001001110000110110001010001101111101100011110100011100100100100000101011111101000111101101001000010000011001000011001110010100111011100101100001001111001000101101100111000010010100011100110000011001011110110010101011000100010001011110011001000101101010101101000110111000110010000101010100001010101010011001000001011000010001001000100101001101 
00111111000001001111101001010000110100000111101100010100100100001000100111011001001111010111010001000010011011110000001001011110001101001101101100111010111011101011111010010001101000101110101010010100010110011101001111110101100111010001010010000100101111101000001100111100011101000110000000111000001010100111110101011101001101101000111101111000101110111001010011011110000011000101000100011000101010010101101110000010100110000010110110000111001110101111110110000010011100010001011001110110111100000101101110010011 
01110100010111100101111100000100011101101011101011111011110110000101000101111101011100100101010000101111011001110101100100110010101001111101111011110000110111000111001001110111000111001100110110000011001110110011001010000010010010101101000011001111000110010101000000100111010011001100010001111011110101001000011011000000001011001000110111110010011000110010010101000001100000101001001010010011010101011010000011000000000011100011111111111011110011001000010000011000000110011010001110000001001111000011000000111111 
11111111111110100001000001000000011110101111111101111011010011110000110110111011100110011101011110111001000011011111100011111100010100010111011100111001111111001111001101000100011000100001000010101000001010100110011010100010010001111100101101011100010110100001111110001110101001101110101011011101011010101111010001110000111001101001000011010000000100111110101101011100001111111100011101010010111010101100010000011111010100111001001011110101100001111110111001010111110011000100010000001110100000000011100111011011 
00010100100001100011001100010100101100111101101000000010110010010010101010101010110110111011100011001010001000000110001010100101111100101111100100101100001100101110101100100010100001010000111100100001100101010111101011111110101100111100010010110100011001101101110010010000011101000100011010011000000011011111011010000000111000100011110111110010011000110001001100100011001010000000111000100011110101111110000110000110100011011111010001100101111010110001000010010110111100011011101011010010100111011110101000010001 
10010110001011111000110101011000010111111110110100010101110100101100111001111010000001011110001010101001000111011011100100001011111010101111001011111100111100001011101110011100111111100101010110110010011011010011111010101011101100000101011111011111111010101111010111011111110111111010110010000011111101100010000110111001011111011111010010100101001001110010011111010010001000011100000010010101001001101000101011100010100000010011010101110000001101001010100000011000000011010111011100011110001001100111100011011001 
00111111000001001111101001010000110100000111101100010100100100001000100111011001001111010111010001000010011011110000001001011110001101001101101100111010111011101011111010010001101000101110101010010100010110011101001111110101100111010001010010000111111010101111010111011111110111111010110010000011111101100010000110111001011111011111010010100101001001110010011111010010111101000011111100101011001100100001010101101011100011101010001010110111110100000010011000011111001101111111000011100100100010001101100000110011 
