10001101001011000001100000100110000110010000000101011100010110010110110111111100001000001001111010000110100001011000100001110100010000000011001110001010001010101100111110001011001101000010001101000010001011011100001100001000000001000101111001000011100110101101101110000100001100111111000100010001110010010001111000010001100110111111011111101100110100110100010000011000010111010001111100000110010000100001101000010000101101011111111111001101010000110000000110000001011000001100100000101011000111001000000101010001 
10111101111010111111110011111001001100010111101010101001001000111011111010011011001101101000001100101011111000110001111110011011010111001111100111110101011010101101110101111100111011111001011100111110110001100111100101000001011010010001111110010001111110100110111101011111110000001100100000101110101101000111000001100110111110111001101101010111011111000111110001011011101110111011010011000100111011111010101101101100000111111101111101110111001001111101011111100110011010101110001100111010001101011111111100101101 
10111101111010111111110011111001001100010111101010101001001000111011111010011011001101101000001100101011111000110001111110011011010111001111100111110101011010101101110101111100111011111001011100111110110001100111100101000001011010010001111110010001111110100110111101011111110000001100100000101110101101000111000001100110111110111001101101010111011111000111110001011011101110111011010011000100111011111010101101101100000111111101111101110111001001111101011111100110011010101110001100111010001101011111111100101101 
00100000111000001001110001100110100111001011110010000000010011011101101100010100011010010000010001001000010001000011010100010001001000101010001101111111011111100000011010010110101010000111100000000111010111011011111100000000010110110010111000100100010100110000010001011100000100101001010001100001100110101110100111001101100010001100100001011110010111001011000111001111101000000001100101100110010000100001101000010000101101011111111111001101010000110000000110000001011000001100100000101011000111001000000101010001 
10111101111010111111110011111001001100010111101010101001001000111011111010011011001101101000001100101011111000110001111110011011010111001111100111110101011010101101110101111100111011111001011100111110110001100111100101000001011010010001111110010001111110100110111101011111110000001100100000101110101101000111000001100110111110111011011101010111011111000111110001011011101110111011010011000100111011111010101101101100000111111101111101110111001001111101011111100110011010101100010011100011100111001010110010011111 
11001001000111000111111010000010011100110010010101000000001010001000000001110010111001010001111011001011000100011101111001001110111101110011001000000001011101010011110101000010111100011010110000101100000000101010010011101111111101001001110111000001010011101110110001011000110010011100111011100000100110100101000110100010110011001000000100110010101100010001001110001101000111010011001000111101000100001000111000010011001010110110111010100010000011011101100011011110100001001101100001011000101010011100000110100101 
10111101111010111111110011111001001100010111101010101001001000111011111010011011001101101000001100101011111000110001111110011011010111001111100110111110010111111101101110100001010101111011010110111110110001100111100101001010110000110110100110010111110110101011001101100001000101110011101000101101110101111111000001100011110000111111001111010111000000110110110100101110110110100110000110011101011010110110110010111001011010011011110101101000001111110100111000100000010111100111010111111001101110011101001111001101 
11111001100100101100001111111011100001010000010000001011111101101111001100001010000111111011010000110101001111000100100001010101001010011111001011011100101000010101000100011011010011110110010000100001101001100000101011101111011100110010111000100100010100110000010001011100000100101001010001100001100110101110100111001101100010001100100001011110010110101100110100101000000000101101011001110100100110010110101010101100010100001000110111100000111100101000111011110001011000101111100101110101001100010100101001000111 
10110000110101001010101110001101100101111101010111101100001011101010100100111111010001010100000011110001010110110100101001110100000111100010010111001101110010101111011000001111001100100111100000000010100010111101001010111001011110111000010000111001100001011000011011011111110000001100100000101110101101000111000001100110111110111011010001111010000000011101100101000111111101010111111111011000010100010000011000111011001110100010011010100011011011101010000011111101011100111111000100111011101001010001001000101101 
10111101111010111111110010110111011110010111110110011000001101111111010110100011111011110110110001110010001000111100011110100001010000110101100110111110010111111101101110100001010101111011010110111110110001100111100101000001011010010001111110010001111110100110111101011111110000001100100000101110101101000111000001100110111110111011011101010111011111000111110001011011101110111011010011000100111011111010101101101100000111111101111101110111001001111101011111100110011010101100010011100011100111001010100110001001 
11100100100000111000101001011100000110110110001111000011100011100101011011100011110010101010010100011001010001000010010101001000111010000000011100010001101110011001001110111111000001101001111001011010000000101000011101001100011111110000000111000110101000100101111011001110011101100100110011010101110011110001001011011011001111101011000010000100101000010110001000001010011011110110011111111000001001110100110011110001111011010011001100111011110000100011110001010101101111011110111001000001111100001111011000010111 
10111001100001100000011101011100011011100011111101101111110010101101000010101111011101000101111011110011011101110110101010101010110110100100100011110000000101110010100011010010010011011110001001001110110011001011000111111000011110000010100000101110100010011001011010010010010100010101110101111101010000111101010011011100001110100110000000100111010000111111010110011110010010100111001011011110011001100010011100100110111111001100000010010001001100011000110011001010101001110001010000010011110001101111100110001001 
10111101111010111111110010110111011110010111110110011000001101111111010110100011111011110110110001110010001000111100011110100001010000110100001011110101011010101101110101111100111011111001011100111110101011110000010001000101100111110011010001010111110111001011101000100110110001010110111010101101111100100010100110011111010111111000101010011011100110011000010000110011010110110010100101010011000001101110010111010111100111001111011101110111001001111101011111100110011010101110001100111010001101011111111100101101 
10111101111010111111110011111001001100010111101010101001001000111011111010011011001101101000001100101011111000110001111110011011010111001111100110111110010111111101101110100011101011001101011111011101110110000001011111100011010011001111001000001101100110101111111101011111110000001100100000101110101101000111000001100110111110111011011101010111011111000111110001011011101110111011010011000100111011111010101101101100000111111101111101110111001001111101011111100110011010101100010011100011100111001010100110001001 
10011100001100110000100110000101000001001100111001110001011001101010101000101010010100101110101111011001001100100011001111110000011111110000011110101011010110000000100000101000010011010110001111011100101100011111000100011110000100001010101000100111010100100100010101001010101001100101001101100001100101100000000000101100110010011100101011000001010001011000010000110011010110110010100101010011000001101111010100011100100001100100101001001100001011101100001111011100011000010110100101000110100001101100000000011101 
11110000111000010110110001101011101111001000010100001011101111011100110011000001010010110001000101010101101001101011111100001110101001111101100001011011010001010010011111001010000100110001110101000110001110111010011001001011000110111110100110011000001100000101001110001010010111101110010010001000001011100001101001111101111010011111101010101000001110011100000001010101011001011010100111100110010000111101000101001001011010010110101110000011110000110101001111101010001101011000011000001110000101111010101000000001 
10111101111010111111110010110111011110010111110110011000001101111111010110100011111011110110110001110010001000111100011110100001010000110100001011110101011010101101110101111100111011111001011100111110101011110000010001000101100111110011010001010111110111001011101000100110110001010110111010101101111100100010100110011111010111111000101010011011100110010001101110000111001010001100100011010101111000101110111010101000010110101111011110011101010100100100110110000110001011110001011101001101110101011000110111110111 
10111101111010111111110010110111011110010111110110011000001101111111010110100011111011110110110001110010001000111100011110100001010000110100001011110101011010101101110101111100111011111001011100111110110001100111100101000001011010010001111110010001111110100110111101011111110000001100100000101110101101000111000001100110111110111011011101010111011111000111110001011011101110111011010011000100111011111010101101101100000111111111011101110111001001111101011111100110011010101110001100111010001101011111111100101101 
10011100001100110000100110000101000001001100111001110001100001110101011111001001101111101001111111011000100101111111110000010010111011011100101101110111011101110111101011000011101011001101011111011101110110000001011111100011010011001111001000001101100110101111111101011111110000001100100000101110101101000111000001100110111110111011010001111010000000011101100101000111111101010111111111011000010100010000011000111011001110100010011010100011011011101010000011111101011100111111000100111011101001010001001000101101 
10111101111010111111110011111001001100010111101010101001001000111011111010011011001101101000001100101011111000110001111110011011010111001111100111110101011010101101110101111100111011111001011100111110110001100111100101000001011010010001111110010001111110100110111101011111110000001100100000101110101101000111000001100110111110111011011101010111011111000111110001011011101110111011010011000100111011111010101101101100000111111101111101110111001001111101011111100110011010101100010011100011100111001010100110001001 
00111101100100101111101111001111111011110100111100010001101011000001010110011110000011000011010101000110000010010001001000011010111000110011101010111000001011000111011001101010101001101011011101101000111101010000011100010101110010011001010100111100100100101011010100100110111110011011000000011000110000110011110101101001100001111000001111011101111100011111000011011101000001111010011010101010100010010100001111100000011011011011100100010001100001011001001110000001011000001100100000101011000111001001111100101001 
00001100101001101011011011110000010101101110100111000111000110011011110101010010000111111001001000000101111010011100101101101101011100010011001111001111100100010111101110101010101110010101110110101000001100111011110010001010101010011100001010111010111101011001100111110111011110100101001011000110110000101110100110010001011011000001101101010111011111000111110001011011101110111011010011000100111011111010101101101100000111111101111101110111001001111101011111100110011010101100010011100011100111001010100110001001 
11111010111010111011111000111011000111000111011010001111111100100001110001101001000111111000011011001011000000000000011111100110111111101010000001010110011100100001001110100111110010000001011101010111111001110101000011000000101010101001000010101011110100101000100001101001001110101111010111001111101111101010110101100000001111011110100000111011111011000101001011011100001001000010010000111001010100010111011111000011101010001111101000100101001100100101101001011011111000011110001001000010001110011101011010000011 
11100111011101101010101001101111011001110010111111010100100001110101011111001001101111101001111111011000100101111111110000010010111011011100101101110111011101110111101011000011101011001101011111011101110110000001011111100011010011001111001000001101100110101111111101011111110000001100100000101110101101000111000001100110111110111011011101010111011111000111110001011011101110111011010011000100111011111010101101101100000111111101111101110111001001111101011111100110011010101100010011100011100111001010100110001001 
11011001011100111011111100010001100000110111101111001011011010100101010110110101100110100011011110110011010011001100001110000101011100101111010011000011011101000100011001100111001100000110001110111001101011100111100110011101011101000100000111111111001101111010001101111101001000011100100001110000000111100000111011010011011010000001010010011111001111010111000110000011010101110110001100001000111100110110111110010110110001010011000001101011100110110100101111110110011110011011000110001010110100100100111101001001 
10001101100111010111100111110110010111101011100110001000111111100011001110010110110011001000011011111100100110100110110001001000000110110101100100010110101001111100011000010110100110110111011010111011010001011101001111011001101110001010101000100110000011000000010110110010011101100100100110101010110011011010110111011101101010010001000111000011011100100010111100100010110111010110000011111110011000101110011001000011100110010010111111110010010110011111000101110101000111011111100000101100010011001111011110100111 
01110101000100100001011101110000010110111011110110111001110001010100110001111100101011101111001001010001111011100111100110011111000000010010011101110011101011101011100010100101100011111111011111100101010101011100001111110110011110110100111000110111000001010101100110101001101011110101111111101001101101100101000000110111110101110011000000010000001101101000010000011100111010000101111011101100000111110110100100000101010010110101100010011101100111000100000011011000101100001101000011000001110100110100100001001111 
01111010001101100011100000001010111100101101000010000000101000110011000011100101011001011011101010011111110101010101000011011101100010111110001110001000001000000000100001001110100101101010101011000110101000000010101000101010100100001000011110010101111111011000010110000100011010001110001000001110101000101011000000111100010001111110010110010001001011001011000111001111101000000001100101100110010000100001101000010000101101011111111111001101010000110000000110001011110010100110100101000000010000101001001101110111 
10011100001100110000100110000101000001001100111001110001100001110101011111001001101111101001111111011000100101111111110000010010111011011100101101110111011101110111101011000011101011001101011111011101110110000001011111100011010011001111001000001101100110101111111101011111110000001100100000101110101101000111000001100110111110111011011101010111011111000111110001011011101110111011010011000100111011111010101101101100000111111101111101110111001001111101011111100110011010101100010011100011100111001010100110001001 
01010000101111010000100011000111010110110011001000101010011011111000110011101000011011101001110001111001011000010100101011001101110010100011000000110101011001001101111000011111101001101011011011001001000011000011101011010111000100010111110000101001010000100101100000000110000011000101110000000111110101111010100100010111001001101110111010101100111110101101111111011010111010011000011111101110100111010010001000111100110110011000001011100110110001100101100011100011011100001011111101001101110101011000110111110111 
11001001000111000111111010000010011100110010010101000000001010001000000001110010111001010001111011001011000100011101111001001110111101110011001000000001011101101100111110001011001101000010001101000010001011011100001100001000000001000110001100001110001011010011011001101101001111000111001110000101000111001111101001110100011001110000100101110001011011100101101111010110001000010100111100101000111011010110010110110000101110111011011110011101010100100100110110000110001011110001000010000001100100000001010010011111 
00100000111000001001110001100110100111001011110010000000010011011101101100010100011010010000010001001000010001000011010100010001001000101010001101111111011111100000100001001110100101101010101011000110101000000010101000101010100100001000011110010101111111011000010111011000110010011100111011100000100110100101000110100010110011001000000100110010101100010001001110001101000111010011001000111101000100001000111000010011001010110110111010100010000011011101100011011110100001001101100001011000101010011100000101010001 
10101100011011011110010011010101010101001001010101100111100011110100111111110011110000101010011110001101010001000010101111001110000010100001101111001111101111000001110100010000000001011010000110111000101001011111101100000110010111110000010101110101100100011001001100110001110111101100001011100011100010110011010010111011101100011000000100000111010010111010011101111010110000010101001000011111011110110010011001100001111010111001101111001001101000010001111010011110101110100000001111101000000110001001000010100001 
11001000011100011110101011111110111100100001000010011110111111100010101000110000101101100011101111010001101011001011011111001000011100110100000010011010001011100011110100011101101110000001000010111000101001011111101100000110010111110000010101110101100100011001001100110001110111101100001011100011100010110011010010111011101100011000000100000111010010111010011101111010110000010101001000011111011110110010011001100001111010111001101111001001101000010001111010011110101110100000001111101000000110001001000010100001 
10001101001011000001100000100110000101000010011100100100011101110101000000110101011100000010011000011001101101101110111000101011101101000101110010011101011001010000111110010001001010010100010000110010101001010010011111011100101010001110111001011100001000011010001000110110011100001010000101010100000001000110000000101100110010011100101011000001010001011000010000110011010110110010100101010011000001101111010100011100100001100100101001001100001011101100001111011100011000010110100101101000000110001001000010100001 
10001101001011000001100000100110000101000010011100100100011101110101000000110101011100000010011000011001101101101110111000101011101101000101110010011101011001010000111110010001001010010100010000110010101001010010011111011100101010001110111001011100001000011010001000110110011100001010000101010100000001000110000000101100110010011100101011000001010001011000010000110011010110110010100101010011000001101111010100011100100001100100101001001100001011101100001111011100011000010110100101000110100001101100000000011101 
00001100101001101011011011110000010101101110100111000111000110011011110101010010000111111001001000000101111010011100101101101101011100010011001111001111100100010111101110101010101110010101110110101000001100111011110010001010101010011100001010111010111101011001100111110111011110100101001011000110011111111100001001010101111010010011100011010011001001010110011101011011011111000000110011000111111010010001011101100101101110100000111010100001010111101000111000001110101011001111011001000011111110001111000101011011 
10101110010001010010111001110111000101010010111111010100100001110101011111001001101111101001111111011000100101111111110000010010111011011100101101110111011101110111101011000011101011001100100110011000100010110110101010100001011010101010011110001101100111100110101100010011101110100000001101000110110000101110100110010001011011000001101101010111011111000111110001011011101110111011010011000100111011111010101101101100000111111101111101110111001001111101011111100110011010101100010101010011100111001010100110001001 
11100111011101101010101001101111011001111010101100000010000100001001011111001000111110010101011001000111001010011111001111110000000010111110000001101011110001111001011000010110101011101100001100100101000101110101011010000001011010010001111110010001111110100110101100010011101110100000000101010100000001000110000000101100110010011100101011000001010001011000010000110011010110110010100101010011000001101111010100011100100001100100101001001100001011101100001111011100011000010110100101000110100001101100000000011101 
10001101001011000001100000100110000101000010011100100100011101110101000000110101011100000010011000011001101101101110111000101011101101000101110010011101011001010000111110010001001010010100010000110010101001010010011111011100101010001110111001011100001000011010001000110110011100001010000101010100000001000110000000101100110010011100101011000001100000001110001111101110111001010010111110110110101011001011000110011111010100100000101100101101010010111100000100001001110011011000101110101000011010011111000110001011 
10001101001011000001100000100110000101000010011100100100011101110101000000110101011100000010011000011001101101101110111000101011101101000101110010011101011001010000111110010001001010010100010000110010101001010010011111011100101010001110111001011100001000011010001000110110011100001010000101010100000001000110000000101100110010011100101011000001010001011000010000110011010110110010100101010011000001101110011000111100110110011000001011100110110001100101100011100011011100001011100010000001100100000001010010011111 
10111101111010111111110010110111011110010111110110011000001101111111010110100011111011110110110001110010001000111100011110100001010000110100001011110101011010101101110101111100111011111001011100111110110001100111100101000001011010010001111110010001111110100110111101011111110000001100100000101110101101000111000001100110111110111011011101010111011111000111110001011011101110111011010011000100111011111010101101101100000111111101111101110111001001111101011111100110011010101100010011100011100111001010100110001001 
00110011011010110111110010101110110001110010011100100100011101110101000000110101011100000010011000011001101101101110111000101011101101000101110010011101011001010000111110010001001010010100010000110010101001010010011111011100101010001110111001011100001000011010001000110110011100001010000101010100000001000110000000101100110010011100101011000001010001011000010000110011010110110010100101010011000001101111010100011100100001100100101001001100001011101100001111011100011000010110100101000110100001101100000000011101 
01100110011001011010011101010001111000011000100111000111000110011011110101010010000111111001001000000101111010011100101101101101011100010011001111001111100100010111101110101010101110010101110110101000001100111011110010001010101010011100001010111010111101011001100111110111011110100101001011000110011111111100001001010101111010010011100011010011001001010110011101011011011111000000110011000111111010010001011101100101101110100000111010100001010111101000111000001110101011001111011001000011111110001111000101011011 
10001101001011000001100000100110000101000010011100100100011101110101000000110101011100000010011000011001101101101110111000101011101101000101110010011101011001010000111110010001001010010100010000110010101001010010011111011100101010001110111001011100001000011010001000110110011100001010000101010100000001000110000000101100110010011100101011000001010001011000010000110011010110110010100101010011000001101110010111010111100111001111000111011101000101110110101011100101110101100101011011100011111100100000111100011001 
10011100001100110000100110000101000001001100111001110001011001101010101000101010010100101110101111011001001100100011001111110000011111110000011110101011010110000000100000101000010011010110001111011100101100011111000100011110000100001010101000100111010100100100010101001010101001100101001101100001100101100000011011001001000001010111101100101011000101101011011110011000100011010110100000001101111001111111100011111101010001101011000001111000110110100110100101100100111011101110100100110011001010100111101001101011 
11111000011110010000010011111001001100010111101010101001001000111011111010011011001101101000001100101011111000110001111110011011010111001111100110111110010111111101101110100001010101111011010110111110110001100111100101000001011010010001111110010001111110100110111101011111110000001100100000101110101101000111000001100110111110111011011101010111011111000111110001011011101110111011010011000100111011111010101101101100000111111101111101110111001001111101011111100110011010101100010011100011100111001010100110001001 
11111010111010111011111000111011000111000111011010001111111100100001110001101001000111111000011011001011000000000000011111100110111111101010000001010110011100100001001110100111110010000001011101010111111001110101000011000000101010101001000010101011110100101000100001101001001110101111010111001111101111101010110101100000001111011110100000111011111011000101001011011100001001000010010000111001010100010111011111000011101010001111101000100101000001111010010010011101110011101111110010110010000001001011110000101011 
01111010001101100011100000001010111100101101000010000000101000110011000011100101011001011011101010011111110101010101000011011101100010111110001110001000001000000000100001001110100101101010101011000110101000000010101000101010100100001000011110010101111111011000010110000100011010001110001000001110101000101011000000111100010001111110010110010001001010101100110100101000000000101101011001110100100110010110101010101100010100001000110111100000111100101000111011110001011000101111100101110101001100010100101001000001 
10001101001011000001100000100110000101000010011100100100011101110101000000110101011100000010011000011001001111000100100001010101001010011111001011011100101000010101000100011011010011110110010000100001101001100000101011101111011100110010111000100100010100110000010001011100000100101001010001100001100110101110100111001101100010001100100001011110010111001011000111001111101000000001100101100110010000100001101000010000101101011111111111001101010000110000000110000001011000001100100000101011000111001000000101010001 
10001101100000100010000101111101100110010000000101011100010110010110110111111100001000001001111010000110100001011000100001110100010000000011001110001010001010101100111110001011001101000010001101000010001011011100001100001000000001000101111001000011100110101101101110000100001100111111000100010001110010010001111000010001100110111111011111101100110100110100010000011000010111010001111100000110010000100001101000010000101101011111111111001101010000110000000110000001011000001100100000101011000111001000000101010001 
10001101100000100010000101111101100110010000000101011100010110010110110111111100001000001001111010000110100001011000100001110100010000000011001110001010001010101100111110001011001101000010001101000010001011011100001100001000000001000101111001000011100110101101101110000100001100111111000100010001110010010001111000010001100110111111011111101100110100110100010000011000010111010001111100000110010000100001101000010000101101011111111111001101010000110000000110000001011000001100100000101011000111001000000101010001 
01100011000101101000011000011010100111000000100101010000001100111010100100111100100110110111011111110011101100000110011000110111111100110010101011011101000101111110010001101110100001101001000011100000010001100001000011010000100000110010111001000000011001011010101000010010101111101010110010110000011100101100101010010010100001110101110001111000101101011011111100000011110011100011111010011100000011100000011000110111001101011111111111001101010000110000000110001011110010100110100101000000010000101001001101110111 
10111101111010111111110010111111000111010101101110101110111101101110011010000010111001100111010111011111001110111010100110011100111010100000011110100011011011110101110100110111111010010111110010100011010110100001001011100001000111101000111011111101110010001110011101000111010000000000001101000110110000101110100110010001011011000001101101010111011111000111110001011011101110111011010011000100111011111010101101101100000111111101111101110111001001111101011111100110011010101110001100111010001101011111111100101101 
10001101001011000001100000100110000101000010011100100100011101110101000000110101011100000010011000011001101101101110111000101011101101000101110010011101011001010000111110010001001010010100010000110010101001010010011111011100101010001110111001011100001000011010001000010001001110011101100010010111101100000010011111000111001010001100100010010001001010111100010100011100111000111011000101111111011010110100100100110100100000010110000010010010000000111100000100001001110011011000101110101000011010011111000110001011 
11100111011101101010101001101111011001111010101100000010000100001001011111001000111110010101011001000111001010011111001111110000000010111110000001101011110001111001011000010110101011101100001100100101000101110101011010000001011010010001111110010001111110100110101100010011101110100000001101000110110000101110100110010001011011000001101101010111011111000111110001011011101110111011010011000100111011111010101101101100000111111101111101110111001001111101011111100110011010101100010101010011100111001010100110001001 
01000100111111001000111011010000010011011101111001101000111001010101001001110100101111010000110101010011001010010111010101001111010010010010011001110011111101011100100011110011010100111010011111010111010110001001000001110101100101110101000101110011000111011010100001000001011010001100100101111010011010001101111000111101111001000011000100110101101010100100111101010111111101111011101011101011100001111101000110000101100011110100001001100100010110001110000000010000001110100111101110001001001011110111001111001101 
10101110010001010010111001110111000101010010111111010100100001110101011111001001101111101001111111011000100101111111110000010010111011011100101101110111011101110111101011000011101011001101011111011101110110000001011111100011010011001111001000001101100110101111111101011111110000001100100000101110101101000111000001100110111110111011010001111010000000011101100101000111111101010111111111011000010100010000011000111011001110100010011010100011011011101010000011111101011100111111000100111011101001010001001000101101 
11111001100100101100001111111011100001010000010000001011111101101111001100001010000111111011010000110101001111000100100001010101001010011111001011011100101000010101000100011011010011110110010000100001101001100000101011101111011100110010111000100100010100110000010001011100000100101001010001100001100110101110100111001101100010001100100001011110010110101100110100101000000000101101011001111000011011111110110001111000111110110110101000000000010011100110110010001111001011000011110111101010001111001010111011000101 
00100000111000001001110001100110100111001011110010000000010011011101101100010100011010010000010001001000010001000011010100010001001000101010001101111111011111100000011010010110101010000111100000000111010111011011111100000000010110011100101011111010011011011110000000100100010111101001011110111001011111101010110101100000001111011110100000111011111011000101001011011100001001000010010000111001010100010111011111000011101010001111101000100101000001111010010010011101110011101111110010110010000001001011110000101011 
00100010011100101011110101100010101101000110110011010100010110010101001110110110111100010110000100000101100011010001001000001101100010111110001110001000001000000000100001001110100101101010101011000110101000000010101000101010100100001000011110010101111111011000010110000100011010001110001000001110101000101011000000111100010001111110010110010001001011001011000111001111101000000001100101100110010000100001101000010000101101011111111111001101010000110000000110001011110010100110100101000000010000101001001101110111 
10111101111010111111110011111001001100010111101010101001001000111011111010011011001101101000001100101011111000110001111110011011010111001111100110111110010111111101101110100001010101111011010110111110110001100111100101001010110000110110100110010111110110101011001101100001000101110011101000101101110101111111000001100011110000111111001111010111000000110110110100101110110110100110000110011101011010110110110010111001011010011011110101101000001111110100111000100000010111100111010111111001101110011100011000011101 
10101110010001010010111001110111000101010010111111010100100001110101011111001001101111101001111111011000100101111111110000010010111011011100101101110111011101110111101011000011101011001101011111011101110110000001011111100011010011001111001000001101100110101111111101011111110000001100100000101110101101000111000001100110111110111011011101010111011111000111110001011011101110111011010011000100111011111010101101101100000111111101111101110111001001111101011111100110011010101100010011100011100111001010100110001001 
11011001011100111011111100010001100101010010111111010100100001110101011111001001101111101001111111011000100101111111110000010010111011011100101101110111011101110111101011000011101011001101011111011101110110000001011111100011010011001111001000001101100110101111111100011100100010001000011100001111101000011100110100001100111000011001101001110011001110101101101110110100000000100101000000101001010001100010100000010001000010111111110101001001001101000100101110100000000110001000000001010001111110011011010111110111 
11100111011101101010101001101111011001111010101100000010000100001001011111001000111110010101011001000111001010011111001111110000000010111110000001101011110001111001011000010110101011101100001100100101000101110101011010000001011010010001111110010001111110100110101100010011101110100000000101010100000001000110000000101100110010011100101011000001010001011000010000110011010110110010100101101010100010010100001111100000011011011011100100010001100001011001001110000001011000001100100000101011000111001000000101010001 
01010000101111010000100011000111010110110011001000101010011011111001011111001000111110010101011001000111001010011111001111110000000010111110000001101011110001111001011000010110101011101100001100100101000101110101011010000001011010010001111110010001111110100110101100010011101110100000000101010100000001000110000000101100110010011100101011000001010001011000010000110011010110110010100101010011000001101111010100011100100001100100101001001100001011101100001111011100011000010110100101000110100001101100000000011101 
10001101100000100010000101111101100110010000000101011100010110010110110111111100001000001001111010000110100001011000100001110100010000000011001110001010001010010011110101000010111100011010110000101100000000101010010011101111111101001001110111000001010011101110110001011000110010011100111011100000100110100101000110100010110011001000000100110010101100010001001110001101000111010011001000111101000100001000111000010011001010110110111010100010000011011101100011011110100001001101100001011000101010011100000110100101 
00100010011100101011110101100010101101000110110011010100010110010101001110110110111100010110000100000101100011010001001000001010001011001101110110101011001111100101001111011101000000100010000010011001110010010101110101110101011010001001101101000010001111100100100101111010001000000100000110011100111001000110011111010011001001111100111010111010010111100110000010101001101011010101100110000110101001001010100110010101011001101100100010001010000101101101000101101011011111110111000000110011001011011010000101010001 
11100111011101101010101001101111011000011100000110001000111111100011001110010110110011001000011011111100100110100110110001001000000110110101100100010110101001111100011000010110100110110111011010111011010001011101001111011001101110001010101000100110000011000000010110110010011101100100100110101010110011011010110111011101101010010001000111000011011100100010111100100010110111010110000011111110011000101110011001000011100110010010111111110010010110011111000101110101000111011111100000101100010011001111011110100111 
10111101111010111111110010110111011110010111110110011000001101111111010110100011111011110110110001110010001000111100011110100001010000110100001011110101011010101101110101111100111011111001011100111110101011110000010001000101100111110011010001010111110111001011101000100110110001010110111010101101111100100010100110011111010111111000101010011011100110010001101110000111001010001100100011010101111000101110111010101000010110101101001010001011110110110100001110000001011000001100100000101011000111001001111100101001 
10111101111010111111110010110111011110010111110110011000001101111111010110100011111011110110110001110010001000111100011110100001010000110100001010111110010111111101101110100001010101111011010110111110110001100111100101001010110000110110100110010111110110101011001101100001000101110011101000101101110101111111000001100011110000111111001111010111000000110110110100101110110110100110000110011101011010110110110010111001011010011011110101101000001111110100111000100000010111100111010111111001101110011100011000011101 
10111101111010111111110010110111011110010111110110011000001101111111010110100011111011110110110001110010001000111100011110100001010000110100001011110101011010101101110101111100111011111001011100111110101011110000010001000101100111110011010001010111110111001011101000100110110001010110111010101101111100100010100110011111010111111000101010011011100110011000010000110011010110110010100101010011000001101110010111010111100111001111000111011101000101110110101011100101110101100101011011100011111100100000111100011001 
10111101111010111111110010110111011110010111110110011000001101111111010110100011111011110110110001110010001000111100011110100001010000110100001011110101011010101101110101111100111011111001011100111110101011110000010001000101100111110011010001010111110111001011101000100110110001010110111010101101111100100010100110011111010111111000101010011011100110010001101110000111001010001100100011010101111000101110111010101000010110101101001010001011110110110100001000001110101011000110110110110010100000110010110011101101 
00100111100000000010001101111111000111010101101110101110111101101110011010000010111001100111010111011111001110111010100110011100111010100000011110100011011011110101110100110111111010010111110010100011010110100001001011100001000111101000111011111101110010001110011101000111010000010011000010100110111000000110110101001111010011010011001100110011100000001110001111101110111001010010111110110110101011001011000110011111010100100000101100101101010010111100000100001001110011011000101110101000011010011111000110001011 
10111101111010111111110010110111011110010111110110011000001101111111010110100011111011110110110001110010001000111100011110100001010000110100001011110101011010101101110101111100111011111001011100111110101011110000010001000101100111110011010001010111110111001011101000100110110001010110111010101101111100100010100110011111010111111000101010011011100110010001101110000111001010001100100011010101111000101110111010101000010110101101001010001011110110110100001000001110101011000110110110110010101101011111111100101101 
10001101001011000001100000100110000101000010011100100100011101110101000000110101011100000010011000011001001111000100100001010101001010011111001011011100101000010101000100011011010011110110010000100001101001100000101011101111011100110010111000100100010100110000010001011100000100101001010001100001100110101110100111001101100010001100100001011110010110101100110100101000000000101101011001110100100110010110101010101100010100001000110111100000111100101000111011110001011000101111100101110101001100010100101001000001 
01100110011001011010011101010001111000011001111111010100000010000010111011101111010110001001110111001010000110110111001111100000101011111010001001100011010100111000000010011011010110000111010111000111100010011101111100000110000000010000101100100001010100100011000011001010110001110011001100010000010100011111101000101100101111011110101011000101000110000111000011111111111000010100111011101111110110010110011000110101111100011100111011001110011100100101101001011011111000011110001001000010001110011101011010000011 
11100111011101101010101001101111011000011100001111110101101111101111100000010011001100101101000011110000111111001011001001101110100000000100010101101100111110101111000000000110011100111110010100001110110011010100100111010101101000011110010101010000010000110110101010111010010000100111010010000110010010111100101001101100000100100111101110010111110110001110001111101011011001111011101110011010010100011110100010000010111110000001100010010101001000100000101010101100110101010000001000011011011110001111000011010011 
01110000111100101100011000111101001110011100110110010101011101110001010000110010110110010100111100000100010010010001010001000011011111010001101010101110000101111111000000111001010111011100100110011000100010110110101010100001011010101010011110001101100111111111000100011011100001011001101010000111010001010000010101100000100000000010100110110010000111100101000110010101001111000000101110000010001101101110010111010111100111001111000111011101000101110110101011100101110101100101011011100011111100100000111100011001 
10111101111010111111110010110111011110010111110110011000001101111111010110100011111011110110110001110010001000111100011110100001010000110100001011110101011010101101110101111100111011111001011100111110101011110000010001000101100111110011010001010111110111001011101100010011101110100000000101000110110000101110100110010001011011000001101101010111011111000111110001011011101110111011010011000100111011111010101101101100000111111101111101110111001001111101011111100110011010101110001100111010001101011111111100101101 
11100100100000111000101001011100000110110110001111000011100011100101011011100011110010101010010100011001010001000010010101001000111010000000011100010001101110011001001110111111000001101001111001011010000000101000011101001100011111110000000111000101100100011001001100110001110111101100001011100011100010110011010010111011101100011000000100000111010010111010011101111010110000010101001000011111011110110010011001100001111010111001101111001001101000010001111010011110101110100000001111101000000110001001000010100001 
11111000011110010000010011111001001100010111101010101001001000111011111010011011001101101000001100101011111000110001111110011011010111001111100110111110010111111101101110100001010101111011010110111110110001100111100101001010110000110110100110010111110110101011001101100001000101110011101000101101110101111111000001100011110000111111001111010111000000110110110100101110110110100110000110011101011010110110110010111001011010011011110101101000001111110100111000100000010111100111010111111001101110011100011000011101 
10010001101001100111011001100010001101100000000000001001010100111111001000101101111000011110111001111100011101101100101110000100011110101111101111000101111111111111000110100111110100111011011100101100000000101010010011101111111101001001110111000001010011101110110001011000110010011100111011100000100110100101000110100010110011001000000100110010101100010001001110001101000111010011001000111101000100001000111000010011001010110110111010100010000011011101100011011110100001001101100001011000101010011100000101010001 
00100111100000000010001101111111000111010101101110101110111101101110011010000010111001100111010111011111001110111010100110011100111010100000011110100011011011110101110100110111111010010111110010100011010110100001001011100001000111101000111011111101110010001110011101000111010000000000001101000110110000101110100110010001011011000001101101010111011111000111110001011011101110111011010011000100111011111010101101101100000111111101111101110111001001111101011111100110011010101110001100111010001101011111111100101101 
11100111011101101010101001101111011000011100001111110101101111101111100000010011001100101101000011110000111111001011001001101110100000000100010101101100111010101101110101111100111011111001011100111110101011110000010001000101100111110011010001010111110111001011101000100110110001010110111010101101111100100010100110011111010111111000101010011011100110010001101110000111001010001100100011010101111000101110111010101000010110101101001010001011110110110100001000001110101011000110110110110010100000110010110011101101 
11111001100100101100001111111011100001010000010000001011111101101111001100001010000111111011011001000111001010011111001111110000000010111110000001101011110001111001011000010110101011101100001100100101000101110101011010000001011010010001111110010001111110100110101100010011101110100000001101000110110000101110100110010001011011000001101101010111011111000111110001011011101110111011010011000100111011111010101101101100000111111101111101110111001001111101011111100110011010101110001100111010001101011111111100101101 
10111101111010111111110010110111011110010111110110011000001101111111010110100011111011110110110001110010001000111100011110100001010000110100001011110101011010101101110101111100111011111001011100111110101011110000010001000101100111110011010001010111110111001011101000100110110001010110111010101101111100100010100110011111010111111000101010011011100110010001101110000111001010001100100011010101111000101110111010101000010110101101001010001010011100100101101001011011111000011110001001000010001110011101011010000011 
11111001100100101100001111111011100001010000010000001011111101101111001100001010000111111011010000110101001111000100100001010101001010011111001011011100101000010101000100011011010011110110010000100001101001100000101011101111011100110010111000100100010100110000010001011100000100101001010001100001100110101110100111001101100010001100100001011110010110101100110100101000000000101101011001110100100110010110101010101100010100001000110111100000111100101000111011110001011000101111100101110101001100010100101001000001 
10001101100111010111100111110110010111101011100110001000111111100011001110010110110011001000011011111100100110100110110001001000000110110101100100010110101001111100011000010110100110110111011010111011010001011101001111011001101110001010101000100110000011000000010110110010011101100100100110101010110011011010110111011101101010010001010010011111001111010111000110001001100010111010000101110110011110000111111001110111101110000001000110101100011001010101111100111111111110001110011001110001100000011010111110010001 
10001101100111010111100111110110010111101011100110001000111111100011001110010110110011001000011011111100100110100110110001001000000110110101100100010110101001111100011000010110100110110111011010111011010001011110111010011001111001001001110110111101111100100010110110011000010011100111000001110101010101111010000100101110001111111010101001011100111100001111110011111111111101110000100101110110101001101010011101100001011100111101111111100110010000010001111010011110101110100000001111101000000110001001000010100001 
11100111011101101010101001101111011001111010101100000010000100001001011111001000111110010101011001000111001010011111001111110000000010111110000001101011110001111001011000010110101011101100001100100101000101110101011010000001011010010001111110010001111110100110111101011111110000001100100000101110101101000111000001100110111110111011011101010111011111000111110001011011101110111011010011000100111011111010101101101100000111111101111101110111001001111101011111100110011010101100010011100011100111001010100110001001 
10001101100111010111100111110110010111101011100110001000111111100011001110010110110011001000011011111100100110100110110001001000000110110101100100010110101001111100011000010110100110110111011010111011010001011101001111011001101110001010101000100110000011000000010110110010011101100100100110101010110011011010110111011101101010010001000111000011011100100010111100100010110111010110000011111111011111100101001001100001010010111101011101111011010011001110100001000000111111100110111000010110010110100001000011100001 
00100010011100101011110101100010101101000110110011010100010110010101001110110110111100010110000100000101100011010001001000001010001011001101110110101011001111100101001111011101000000100010000010011001110010010101110101110101011010001001101101000010001111100100100101111010001000000100000110011100111001000110011111010011001001111100111010111010010111100110000010101001101011010101100110000110101001001010100110010101011001101100100010001010000101101101000101101011011111110111000000110011001011011010000110100101 
00110011011010110111110010101110110001110001000111111000101100110100001000111011111110101111100011110010000101000111010101001100001101001111110011111101100010111100001111010101000001011111000110011100100000011101111101100100110011101010101010010000100111011100000100110001101000001000100010110010011101110011000010100010111100000001011111000000111110100010100110000000111011110100010000000011010100001111000000111110101111100010100111101010001110001011001001010110101101011110001100111010001101011111111100101101 
10101110010001010010111001110111000101010010111111010100100001110101011111001001101111101001111111011000100101111111110000010010111011011100101101110111011101110111101011000011101011001101011111011101110110000001011111100011010011001111001000001101100110101111111101011111110000001100100000101110101101000111000001100110111110111011011101010111011111000111110001011011101110111011010011000100111011111010101101101100000111111101111101110111001001111101011111100110011010101100010011100011100111001010100110001001 
11100111011101101010101001101111011001111010101100000010000100001001011111001000111110010101011001000111001010011111001111110000000010111110000001101011110001111001011011000011101011001101011111011101110110000001011111100011010011001111001000001101100110101111111101011111110000001100100000101110101101000111000001100110111110111011011101010111011111000111110001011011101110111011010011000100111011111010101101101100000111111101111101110111001001111101011111100110011010101100010011100011100111001010100110001001 
00110011011010110111110010101110110001110010011100100100011101110101000000110101011100000010011000011001101101101110111000101011101101000101110010011101011001010000111110010001001010010100010000110010101001010010011111011100101010001110111001011100001000011010001000110110011100001010000101010100000001000110000000101100110010011100101011000001010001011000010000110011010110110010100101010011000001101111010100011100100001100100101001001100001011101100001111011100011000010110100101000110100001101100000000011101 
11100111011101101010101001101111011000011100001111110101101111101111100000010011001100101101000011110000111111001011001001101110100000000100010101101100111010101101110101111100111011111001011100111110101011110000010001000101110011001111001000001101100110101111111101011111110000001100100000101110101101000111000001100110111110111011011101010111011111000111110001011011101110111011010011000100111011111010101101101100000111111101111101110111001001111101011111100110011010101100010011100011100111001010100110001001 
11111000011110010000010011111001001100010111101010101001001000111011111010011011001101101000001100101011111000110001111110011011010111001111100110111110010111111101101110100001010101111011010110111110110001100111100101001010110000110110100110010111110110101011001101100001000101110011101000101101110101111111000001100011110000111111001111010111000000110110110100101110110110100110000110011101011010110110110010111001011010011011110101101000001111110100111000100000010111100111010111111001101110011100011000011101 
11111010111010111011111000111011000111000111011010001111111100100001110001101001000111111000011011001011000000000000011111100110111111101010000001010110011100100001001110100111110010000001011101010111111001110101000011000000101010101001000010101011110100101000100001101001001110101111010111001111101111101010110101100000001111011110100000111011111011000101001011011100001001000010010000111001010100010111011111000011101010001111101000100101000001111010010010011101110011101111110010110010000001001011110000101011 
