00101011010110011010010111110111011011001110110110001000001001111001111110001000001001011111111001111111110110110100110100011111000111011100010011101011101110111001101111010110000111011011111110111001101111001101100101010110010001110110110111100011101001110110101110101111000111111111101001111110101111100001111101111100101001000000011001011111110000001101011110111010101100100001010001001000000011100000100011011011010101010011100110100111111010111010111001111101101001011000100011110011010010011001100100000110 
10110001000010110010000011100011110010010010010001110111000101100111100001111000000001101110101101110100111000110101100110000000101000000000000110000010001011101000011011000100001001000111010100001000001111111001000011101101000111100000101010101011000101001100000101000001111100100001000111000001111011001110000011111111110110110100000000011001100110011011100101101001111100110001010001000100100011010001000100010110110000010001000010100000110100000000100110011011111000000001100001100001011111110000011000011101 
00100011011011000100010011001011110010100001000110101000011110100100011010110110100000001100001101101000100000010101110011011000010001111110100010101011011101010110110010011000101011100001010010010110001101101000100100000011100000111000001001101110111001111001110000100111000100110011101100101000000010010011101110001010001011010011100001010101100100001011000010001101011000111011110110001100110000110100010001011000110000001000000111100000001110111111000110100000010011010000100100100110000011100011101011000001 
10000011010100011111000100100000101110000000111101010100111001010101000011101011001110000000101011010100111010011010100101001101101110000010000010100110101101010110000000111010100111110001100101011100001011000010011001100000101000100100010101100000001001110011000000000001001011110000011000011110000000001100110011000000101101001001000101001000001100101100100101101011011000111001011100001110111110001101101101110110001111001010010011111011000001101001011110100000001011110010111100110000001000000010010010000010 
10110110010110000010001111001100101100001110010001101111000011100111001011001000111010101011000110100001000010100011110111001010000111001000101100001100100110011001001110001101101100000101000000100001100010000000010100010101010101101011101000111101100101011100101111011000011001010110011001111110010001100100111010001000011011101100010001111101011101010100010001011000110001101001001000101100100000110110011000011110000010000101110001110100000011001010001000001000111000001001011101110010001011100100100100000111 
11010111101101010111101111100101001110010100010100010111111110111100110010111001000001001111101101011111001001101111000111101110000100110011111111110111101111101111110101001110110011101110011110100110110000010010100100100110010011011111101101111000110101101100111110111100111000011111011110000110111000100010100110000000111100001110000111010100010000101011111111101101011110100010100010100110001110110110111010011110000110110010110010011110010001100100011101101000111000111010100110001101001100011001110010111101 
10010000010000101000110110010110000001001111111111011110110001000000010101110101000110000001110111101100100011001010011000010000111110010100101001010001010001110001100000100100110011101000011000011000010100101111001000000010101010110000010001111111000011110100110001000011001011110100111101100110010000001101000010001100100110000000110000100010110111110010101110010000101001011000110001000101110000001111001110001001000001110010011101100001000001001100111111011001011010101100101101001000101100011111101000001011 
11101011100100100000110111000101110101111101010001000111111000101110111111100111101101100101111001011111100111011101011001110101111010100101110100001011110010001000101101110001010011010001001111011001111011000111001001010111001101011100000100110100000011100111000101111111010111010110100101001001000100101011110110111000010011001000001111001001101101111001100111011110001010110110010110001110011101011111100011111100001011111100011110000011000110111001101110000110101101101011101010001000111010101111011011011111 
00010100001100110101101011111111011101010001011100000101110110110101100111101111000111111011001011010010110011101010111011101101011111101111101100011111111010101010100011011111000000100011100000101010110010010011111100100111101101111110111000111111011011011110111101010100101110111110110011001101111011101110001100110010110110100111110001100001101101111111000101110001000101001011010010100000011101011001000001110111101010100111001000111000000001110100010001100001001000010010011000110000110101100111110101111011 
11011011000001111010001110011100111011010011100100110011110111111010101000010000101011001111100001001000001100001001010111011010010000100000000111100010000001100011101000101101101000111000010110001100001100001100110001101001101001001010100100001000000011110000010101010010110000001110110001100101010101010111000101110111000101111011011100110011010000000011100000000101000110011100001010100101000011100110011101001110101111010100011101101110010010001001011100101000011010001100100101011011011101001000011001101101 
00011010110011101000010101011001010101001000100000100110110011110100010010010110110101010001011101110111111111001011100001000000110101101000100011101111001111100011110101011110011101100111011011101010100010111010101101110111001011101101011001101111110110110101000110110101011110101000011000011000111101001110001000110001000001111001010000110011101111011011110001111101101011111111000101111000111101000000010110100001011001110111000111100110011110101110111101101110001100100110111011100000110100000111100011110011 
00011111001001101111100001000100111110000110010000111001100110101110001001011000001011110100100110101111101000010110101001010000000010001000110010110011010011000000011010101010000001110110011001000011100101110001101101000001110011111011001110101000010010101000010000101011101111011100011011001001100111111010001100110110001110001000000101110011010001110100011010011010101001101000001111010100111101100101010100000101100000100101111111010010000010001101101100011010001010100000011110101000001100100111011001011111 
11000101001001000101000101101000101100101001111000110110100000000110100010001110101010110001101111100100011000010111100101110011001001000100100010100010111101101110000000100111001111011010000000101001101010101101100111100111100010010101001111000011010101010111000100111100100100101111010111111010000110001000001101001111111101001110001111000110010001010100010101100000011100011001000110000101100000111111100011010010000010000111011101111100010000110101001000000010101110010010000101011101110110011001000111111001 
00101001110010110111111100010001001011011101101111001100010100110111011110000000111110010010000010101010101110001011111110101100000101000011000111010011001111010011110000010110110011101000001101111010100100000010110010010101010111100001100101011010001110111101101110010100110011001101011110000110011001001111001000000110101111011001011101011011011100101111000111101100010100110111001101111010101111110000011100010111001111011000111011101110111010001110010110101101001010100011111111010100001110110011010100001111 
11101100111010010101101101001110011000011110011111111001011010111110111101111010000111110110000011010111011110000111110111110010100000101011110011011100100101000111110110010000010001111101110100001111011001100100110000010101110110001111011111100111100100110000111100101111101111001001011000111111101011010101100100111001000101110011101000101000000101100110100111110010110110000010000001000101111010001010011101011100011011100101111000111011110011110011011100010110111111000011111100100001000110110111101011000011 
01100100000101110110111011011000000011111111000100110001011101001100100011001010100000101111100101011111111111110101100001111000101100100011011111001110010100101001000110010000011000000110001111011101101000110000100110101010011101011101010010110011111001101111010011101111100010101110001001100110010011010111101100101110111011001110101100000101101110111001111111010101010001000101010001010011111110111110110110010110110010010001101001101100010000101010110011100001111001111111111101111001111100111011001100000101 
10000111000110001111110010000011010111001111110000110011100001000010010001000100001110001011011000011011110100110110001111111100101011110001010110001001100011011010100010000100011011010100110100100000001000111111111101000110001111110100011010001111111011010110001011000010100000001011100110101111000101111001100000000100010000001100010101010111010110001110001010110101001001100000010110111011110010111100001010001100100001100100001110111011011011000001111001111000101011001111001100110000111110000010011000010001 
10100000110110011111111001111011000100101101100011000001110110001000001100111010010100000111001000101000101000111001100100001001011011001100101011110110100001101000011100011010100101010000000000101110010100011011110011100100100100010110101011101011011100001010010010010111000001011000011000010101011001010011001001010111000000001100110010101100000000101000101000011100100011010010001010111010110100000111000010010111001001000110010000100011010101110101111110001111001010010100011011000000001110010000100110101011 
00110010111101011000011101111110100100000111111110011101101100001110000110110101101001011010111101010110010101001110110101010010001111111010111111101100111111100011110010111111111001110110000010010101101101101000100111000011101110010000011010111001001000101101111011000010100101011011111010111010101011001010011000100111011100010111011001001011110111011010111101001111101010011111101011011010100101100001101001101110000001010011101110000100101100011101111010001110110100010111110101000001110011011000110111000111 
11010010000110001011101001100011010001000010001011000001111100011001010100011001011111101010011011010100001000000011111100101000110111001001110101010000111110010101000000110110010111110000000100000001111111011001111111011000101010110100100110101100000010000001111100010111000101011011000010010111001001110101010000000011000000001101001111100100011110111101000111001110000100101010000010110101111011001100010101000111101110000000100001000000100001010100010110101000011000001100010100000010001110111100110101110001 
00101100110001101101100111100001000100111000011100001100010001011100001101101010101011101001000101010100011011101101110001010101100010001000001100100101101110010010100111001111110110000000100001101101100101110001010001001001010101111111110110000111000010100001100001000100001111000000000010000110001101100100001001010000000010100011100000100101011101100000010010011111111010111101011110110110000010000011101001010100011001100001100000111011100001111011001110110111010110000110010001000100011101110000001010010101 
10100110000011101011111010111110100001111001000111111101000100001100111011111000011100101111111011110000100010101011101111101011111001110101111001011011000111111111111111110111001000001010100100000110001011100100100111000011100100101001111110111001111011010101110111010111100010010001100010011110111111011100001100001000101100100101001101101011011011110101100010010111011110011000111110110110001001010111111000001010110111111100101001001010011101001100001001111000101000100001111111111010111011101010010011000011 
01100011111110001111011011111111010011111011100001111110001111000111111101101100011001011010010110100111101010110001010000101101010110010001110001101010111010110111111010101011010101111010011110101010111011010000101111110010011111111000110001011110101001011110010100000110000101011001101101100110011101100001010011000110100000001111110001111111011011111001110110111000101010110011111101000111011100111001010000111100011100011011011011110001000011000001111010011110011001111100000011011000111001001101101111001011 
01000111101100001111011010001110101000111011101010110111001100100001110001100001010110101000100111101100010001000110101101010100010101110001100100000010110000010011011110101011011000110100000100100100111000010000011000101001010001010110010010000001110001001000010010011011111100110011010101000001100000100001001011001010001110011000011101001100000010101100001110010101010111010011011010111111101011000010001001000000011000111101110100001111100011001010100111010000001010001100000011010111000010010100101010010101 
10011111110110001111011000100001110010011011111011010111000110001100000100110011010001100111010101111100101100001111001011011010100011100010001101001100011101100100011001000010000001101110100110000011011110101101100000100110001110101111111010000001110000000010010101011111001101100011110100100001110100111000000101111100110000001011010110110101110010000101100011011110101001001100100010111101111100101111010100101100001100110001010000110111000000111010011101000010101011100000111101010111001100000101010011101111 
10111101110111100101111001000111101000101100110000010110011110111110100111001101111011110001101101101101111101100101110101011001011110011001110001110011000001000110100000110100001111101111110010001010011010101001011011111011111111100011110011111100010100111110110010010001101101100010111100101001011111110110101011001010011101010101000100001111010100000111010110110000110111110000110000001100001001101001011011011111110010101010111101110101011111101101001100100110110000111101111111100001110010001000101111101011 
11000001110001110011101000010010010111011100110101111100101001000000001011111001011001011101011110000100010111011110101001011000001001100101100001111111110101001011100110001010010000101111110101101000111010110010001001110110000010001100001000101101001001101100000001100101111111000110000001000011100101100000100111101011101111100001011011011100110101100111100011010100100110011100110110111001011110011110100101011010011001010011010101001010011110100010011110001010011001110001101011111101100001001011000111101011 
01010000001110011110111110010010101000100000011101110110011010111110011011101111110000000000010010011110010001010110011100110010110010111001110010001100101001100100100100001010001110011100100111111101100001010010111011101100011110111001100011101010001110100101011110101101101101100011000010111100110011101000100101001011001110100001101011100001001011101010000010000101000110110001000110000011100110011100011000101000010000010101011110001010011111000000010101110001101001111011010010011010101010010000110110000101 
00011101101111101111111011001001001101001100000110110101010011001011001001110000010110011111010111010100001111110010101101111000010110101100101101001101010101100010100001101011111011000110011001001011011111110011001011011010001101111001010110010110000111010111011101101001010010111010011011011110010101111000001000111011000100100111110000001010010100100000011000011000100011110101110101101011011011101001111101100011110100111110101000000001101110000110010000010011000010000010110101100110100110001110100001010001 
00010111001110100111001001011100110101000101111110010100110111000010001001000101111000000011000010110101001010100000010000110010101101111101001101111110100111110101010101111000101010011010000110010010111001000101101111110011010011010010111110110011000001111110011110110101000100011110010000010111001000110101001000011011010010001000111000111101011000101011101111000100011101000001010001001000111000001000111010100011111010100010110011100101011101000100101101111100101100010111000011010000111011111101101110111011 
10101110001100001110000011101011000110101011010111110101000100100101110001011011001110100101110000111110011000000110010000000110100101101001010100111000110110110100011010110100010001001101011110100011001001111000110111001000111111100110101010010100000111101010001101110111100001011111111011010000011000000001001011000011001001010010111110010000001000111101111101011111111000000111100110000000010101000010001011100000101111011101100001011110110110110000011101010001111000010000010110101101101001111111011100100011 
11010110110000001010001101101100010001011000100100011001111010101000010001101101011100100101110111100011010110111110000100011110010110101011110100000001110000000101001111111100010000100001111111110010001101000111011011111011100011100001101001111101100010111110010101111110100000011011110011000110010011111010100110100000011011011101101001111001101100001010110010111000110101101110011000011001000111110100110100011101010101010110100101001110110111110100000010010101111000000101100100001111110001101011110110011101 
11011000011110101110001000000100011110010110011000101000010101110011111111101011010111100111110111101110101110110010010011001001111111111100011001101010010001011001010101011011100000000011101111110110110100010101011111110101110101100010100010110011111100110101101110000110001011111111011001101111100101011001111110100111001111111011011000000011101001000001011001010100000000001001000011110001100100011101001101011101001001011100101111010101011101011101110110110111111010000010101111000000111001000111110111011101 
00001010100101010111010000000000000001001100110101101101101001000001011010001111110111010101110111111111001000000111001101100011000100000100010111100101101111001000001110001111001110000110000111111000110010110110100110101010010101000101101001010010110100101010001000011001000101101100110100000011010101111000100001001011001110001010000100100110101100010011000011100100010000010001010011011011111001110000101101010010010000101000010000010111011100100110100100011101101010010101110110001001110111011001110000001001 
00111000110101111000111000010001111111001110100011011110110111110100100111000000100001110100000010010001111100101011101000100000110011110011100101010111110000001001000100010011001111010111110000100011001101011101110000001010000110100111101000101101001110100101101011010001011110010000100011101110010111110011101001110110011111001001111111110001011001000011010010000110111101100000010101011010111011111001100101001110101110110111111010001110111101111010100011111001111110101010000010011110111101101011010111011001 
11000000111000101100100011111100010100110010100111011101001101110000111011111000000110011110110110000010000101101100000011010110110001110011110111110010101000011001000110001001000101011111010010110011001001001101011011000110101011111110101110111101001001110110001111111000010111011010011010001011111101100010010110000100001000011000110111101000111100001110101101000001001100010110000011101110110110111101011101100100001000001111000000000101000111010000101100011100111111110000101010001100111001100000011011001011 
11111011011000011111110110001111010101000001010110010110110011011101010101001001001110101101101000111101100011011011110010011111110110100011110101101010001110111111000010011110101001101001101001101010110001000001010001111111010111001101011100001011000100100000111011111010001110110001101011000110010001101001000110100101011110101111010011100100011001010100101010111100110010110010100010110011011101010111010101001111001111101101101101011101011011111001111111111111001001010101001000000011010111111000000101001001 
11111010011101011110000001010010110100010011100100011011111010110000001011000000110010101110001100110011101110011001101101111000011000000100111101100101000101110101011110100101100111100010010100111111100011110011001110011011111000110111000110001010110000010100110101001111111000000001111101110010100000110110011100001100010110111101011011011010100000011010110001101011111111101010011111011101000111010111001111101111110010011101000000001011111101010000000111001000110110011111101111011010100111110011000110101111 
10100010111111110101010011010100001100101000110111101010110111010100011111000001001011001110110001001110111011100110001001110001001111110010010101001001010111101001110111001111100011111111011001010011110010100000100100010100111111011100101101100000111000101100011101100001000101001100010101101000010001100110011111101101111000000000001100111100001111111110010011100100101110100011111100001001110100110110100100111011110111111110101011100101101001001111101101000111100101111101100100000110101110001011110000010001 
10001001001011011100011111101000100001110111111100110100010101111100011111100101000000001111010001100110010101110111010000111110000010111010111010001011110000110110111010101100110000010001001111110101101100111010111011111101111101100101100101100001110001001100101111010010011011001011011001111100110101000000111011110010101111001011010010101101111111000011011111000000100000000011110101000101101010101011101111011101001111011010111111111101101100101100110000101111001011000100111110011101100011101001010010011011 
01001101101010110100010011010111001110100100010010110010111101010001100001011110000101011110110110011101011111001011100110101101001100000111111000101100010010111000010011011010111110110000110100111110110111010111011010011000001010111101101101110100100101100110111110000111001111000100100101001110101011011000101010111111110001100111110111100001111011110001110101101101111011101101110100111101000111001001000000100110101111101001010110101110001111110011000000111110101111001011001100110101000001010000111100000011 
01111010110001011000100100111111010110111000100001001011110110000010100000011000111101011011100111001010110010000111111101011101010111001101100111001010001111010000111000101101101100100001111111100001010010000000011110100001100011101010100011100111011111011110001000010100110010100101001110000110000000101010100010011100000100010000000110010010011000001000110011001011011101000110011010010010100101011100011101110110000011100110011010011111111010111100000001111000010110000111110110111011011011010001110010000011 
01110101110111001111110001111110011110000100101100101000011100110010111111001011010011111111110110011100010000000011100110101011000111011100010000111001100001001100110001110101000001100100000101110111100000001011100100111111110100110110110111011111111100100111000010111101011001101000111110001101000111110110000100110101010010000000101101110111001000101000101110011011000101101101110001000011100110101000110101110010101000000000000000100010101011110010100110110011010010000110010000001000100111101100001010000001 
11110101010100001000010110101000010010010010100111001101000101110000011010100100101110001110000000110000110101100110011110001111010101110000111101000000110111010100101100100101110010001001100100000111110110100001010010011110010111001101001000001110001011010000010111111111110000010011110010001000111001000011110001010010100110001110000100000001111000110011000110010011000111010000001110001110110001111000000100001101000001111101110101011110110000000111011101111010101110111000011001111010111011101010001010010011 
01001000011010001011001011101100011110011001110000011001011101010101001011110000001111101011001100001010110000111011001111111110000001101000101000010110001000100101010101001100101011100010111110010001000001010011011000111010100100000101000011110001001110001111101011110011011100010101001011101100000111011101100101101100001010010100000011000000101110101101111111110111001011111000001010010000101000010000100100001111011010011010010101110100101001001110101000000101111100111010100010110111001110011001100011101011 
10000111001101100001010010100101011100101010100011011000000001100010000110101110001111011000101000000000010111010010101100011000110001001000111101010111010010100001100101000110111101001000010100010001001000100110100010100010111000111100000000100011010000110000000010101100011010010000011000101101100111101101011110110011110010011100101101101101101001001000001001010000001001110110110100111011111010001100011100001111101000100001100101011100101010111001100000101011110010111010011111000010111001010011011100011001 
11001000111111110001100110011111110111111000101110000101011000011100001011000000000000101111111010100101000100001001100001011010101100011110101011001001000110111001110100000100111001000010000000011111100010100110000011101101111101101010001101111110001100100011000001101110110101101010000010110011001011100000111100000010010100100101100111000011000111100010101001010101011000011110000000111101100000010000110010000000001000010000100110001101010110000100100011111010101001100111001100100100101011000100001110010001 
10010010000010010000010011100010001010110101100001101100010000000010110111011001011111111100000110101110110100111000011011111101110011110001000110001100001101110110010010001000010010100011111100000100011011000010001010111111000000100110110010100100110011010000000011100011000000001010101000000011111110101111100011010110001111100111100001000001000110000001010110001111101110100000011100001110111011000000110111110001001001111000100001010101011111110010000100001100100110001110001011000011111100110001000111011011 
11111001100111000101011000100111000000000010111001100001000011111110011110101110101110001010000100011010001000010101001000111000011010010101101111000000100110111011011000001010001100000111111111010000101100001010111001110011001001000000111110100001001000110110100100011001001001101011010111011110000100001000110001111111001011110000101011100101110001100111111010011000001011011101011000110110000100111100110011110010100000101101111001001111111001010000111011011000010011000101110011100100100001110100101011100001 
11011100011001100000001100000100000011111111010111011011011010101011101111101010111110111001110011011111000110111001011001100011001100101100101111110011111111000000010110101110001111000101111001000011011000001011010001010100100000101101010111101101100000010011100011011000000011110100000001100111100001010101000111101000011101011111000111110101101101101111000100110010111001101000001011100101101101100100000110111100101001001101101111111110110000101110001000011010001100100001011011111101001111110100010000001101 
11100111110110100101010001100000101101111011110010011010000101000110010101001110011011111100110011100001010111011000111000000101111011101000100110100001011001111010111110000110000110111111000011000010110000100111011001000110000110111101001001000010110110100111101010000001000101000001001100100110000110001000100001111101010001111101100000011101011001101010000110000011111101110001100010001100001100100101000110000111000101010001101111101000100100101000111001011100000001001111011100100111000011111001101110000101 
01010010010111101010001100111011000000011010111110100100011000111010000110000101010110111100000001101111100000010101010010111001001000111101010001101111110101111010011110011111011110001100101010000001001100001001010011001000110100111111101001010011011000010001111010010010101000110000110111000111100101010000100010000010001101101010101000110110101110010100110000101011000101010010111010000001101101010010110010110111010000101100011101110000110011101000000000000101100001010110111001010010100001110000001100110111 
10010011010011101111111100000110100010100101011100001001000000001001000111001010110111101111101000100011001101010101110111010110001111010010111100111011111100110011000000010000011010101001010101001100101111111111110100011101000010100101111111011100100001101001110001000001000111111011101111101010100111010110101000011111111110110010100111010111100010001011111001001101011100001101001111101010101100000100010101111101010100000001111010011001110100111000000000010111001101011101100001011100110110111110110101001001 
00100010110110100010010110001110011101000111010100111100100001001100000111000010000110000000010010111011110101001100010011000000101100010111111000010010100011001000000110101011000111110001110100111011111001000110100101110010110010010001000101010011100100001010100010011101001100101101101101011110011011101101010010111001100110001011111110000001100101111111101110110010110010101000100110010010101000111110100100001011000111110101010011110100110000111111101001011101111010111001100101100001011111101110110010010111 
00001101111000110000011000100111011110100001001101101010110100100101011011010101011010101110011011111011001101000101100110111001001110001100010011100001001101101111011100111010000101010100010110111111011111101010001011100001010111000011111010011011100110011010101100000110010101111010110001111000010111010011011101001101000000010010110001111001011011110101011010100000111001101100000011100101111011111010111100111111010011011101101010110101101100101101000100100111011101001001001100000111000001100101101010000011 
10100100010111000011111001001100101000111101111011001110111100101111001110000111000110001010000100001101010101111100001001110010110010010101111000001101000100001010011111110110100010010100011000010001010100111001000001101001011100111100010000000001001010110101011100111010000100100000110001101101000111010101011000111011010111010110110111000111110000001011111000001011001111011100000110000100001011010110101010110100110100011110000100001100100011001001011101011110100101001011001011011000101011111000111000100001 
01111001111010100011001100111010000100111111000111010100100110101000111111110101001001000010111111101010111110000001110001110111110100100001101101000100111000111001011110001110001001011100110101111111110000111100001001100100101110101101110010101010001111011101001011110110111100110000111110000110101101000011111000110100000001000011111111110100100000111001111111110001000111011100010001100100111000100010100100001000011110010001010011001111100101111001010000010001100110011111000000000111010001001011000111010111 
10000100000001010110001110100000011000100010011100111000010010111101001010011000111100010011100010100000001111110101011000111010111111010111001111101110011000101010010100010001101100011000100101100111010111100010000111101000010010101110110000100010101000111100010111001011111010111111100010000111011110110101001100100100011010011000111100000000010000101001100111100100010101100101110110000111011001011100101000110100010101101011101101100111101100101100000111101100011101110111010000101100000011111100101101101001 
01111000001010100110110010101111001010011111111001001100011001101100011010001101101111111101011000000010001011111000100110000100001111110001101011010010010110011011100110000111000100000110000100100000001010111100010011000000011101000011111101100100000001100111000110011011100110000100110100100100010100011010110100101010100101101100100111011110111101100010011000100011011100010110111100010001001010110110010001100110101101000011000000000011000001111110110001000101110001011011001111000100000000011011010101000001 
00111100001011011011011011111000100101110111101000000110000011111101010110101011000100100000001110010100010111010011011111100110111011101001000011101110011111000100000110101101110101110111010011000001100011011001011000110100111110101010010111111001000001001011010100110011010101110110000000001111111010101010000111000011111110101011101010011100011111011101000010101010110010110000111101010011110111000000111001000110111011001101000001110111110010110000010000010000100011101101101111100011101100101110000111111001 
11010100110011011100101000111111110101100110000011111101000001100001101100011110100110001011000110100010110011011110000111101011011110101110101101001001100011101100101100100111101111000100011101111111000000010010101110000001010100010111101100110100000011001100110101111010110011000101010100101101011101010010111111010110000100011110010111110001100110010011001011110010111111101011110000001101010010001011101000011010100111111011101001101000011101010110110011011001001101111110110101100100010011101100000001110101 
11011101001111001110011111101011110011001010110110000010001100011100100110100000011101110011011101000001000100110000000011000001000010100100001100011111011001011000001111100000000100011011000000110011110110000000110111111100011100010001111011110011101000110110011011010110011110000100111010111111001100011000001100110101111010111010111110010000011111100110101110000111011111100101001100111101111111101010001010101000100100111001110110001001100010001011011010111010001101110001000111110010011011000110000110101011 
11011010001110010110000011110001000100110100110101000110001111101011100000000001001110011011100100000000001110000001111111001011000001010110011110000010101000111010001000111110000001001110001010010000110010100111010001010101010010100101001011001000001111101110111100111100001100000011110111111001110100110011111101011010100011010101101010110111010101100110100010000011110010101001010001110100111010100110101011101001010010110011110011101000010011110011100110001010111110100101010110000001011010010111010111010101 
00011001110011010111011100110111110000000000000111011100110001100101011111010100011100101100101000001110101011011111011011010001110101100110100101101000011101001011011011011001101010100101110100100101010111110011111000001110100000010111111110101000111010111101000001100100011010000101001010011011101001110111000001001101111101111011111110110100101111010000111100111011110011111110100001100110001000001100010111011000111001101100011110001101100001111111101010111011000110000010000011001011011101001100001100001101 
11011100111011110101000110100000001111111100001011000010010101110101110100101000110101101000010000101111000110101101111101100010111001111100101010110001111001111101101110011110000101001101011001101010111001100001011111010000111101100010101011101100101001010101101000110011111110010000011110010111101011100101100010011000001010011000000000101011001001001110010101010110010110011010000000001111001011010100111110011001000110101010001010000000100011111110100010111100011101011010101001001010001000111001101010011101 
10100111100101000110110001001101101000000111000000110111111010110110010001101110000010000011111010101011000001111001001000110010000000000110101101110110110011001000100110110110110110010100001110110100110110100101110110001111000100100110111010001111011111110101101101011100111011011111110100111111010111111101001001011000001000110011101101111000101101111001010010000000101110110101011010110011101000011000000010101110000000001011000111111011000100011001100110110110000001110110011111111010101010101100000000110111 
11110010001101000001100100000111001011010100110101101100111101100111000011000010000100100101010110001000011010100011011001010010011101001110000010011100100000100000000001101110010100101011101100111010101111110110010010111100101000011101010001000011101111100110111100110001001111101011000000011011110100101001001001001001100100000000110111100011000011100000100101011011101101111000001101000000010010000011111111000100011001001101110001101011000100110111000110001011000100010011011010111110011010100101111000000011 
00001001010111010110000001000110101111111101111000101100001000111100001110000001011110001011111111010000110011100001000111011110010011010000110000011111100010010100000101001111101111001101110110010111010011110100001100111100100110111110010110110111011011100011111000010001101101000001111001001100010111100100100111011110110110111101001111110011001001110011001101011101011001100000011100010001101001000000101110000011100010100000010011000001011100011001001010100111010101111100110100101101111100011111100101001111 
00110101010001001101101101101101111101010110011101110101110110001000101011111011011110101101100010100110111011010110101111011111000101110110110001000110011111110111110010101010001111111011111100011011011111110101100100101000010101111110100111011010010111100110101010100101100100101111010111111010110110000010110111100011100001010000010001001100101011011111111010001000001101000110010100101000011101001000000101111100101111001100100000011100010000010010101101110101110111100001001010111000011101010101001100000001 
10110000001110011011010011110110100101000000101001111110111010000010101010001101011000110110010000011010011100101001000000010010100001111111100000010110110100000111010111001001111111111110011001110001010000100110101001110010001101000100001111011101101011010101001000010000000111011011100100000100100001010101101101101011111000000000100001011110001101101110001011000100000000011011011001000010001100111100001010000110100110010001010111100000100001011001101001111010011001111100000011001010100101010011101110000101 
01010000001000000111111101011010100011101101000000111001101110011111111010011101000111000100011101100101010100000010001010110101111101010111100100000101111000001111000001110101100010001111001001111000000011100100001001110010101100110010010000111000001110000011101010100101100010110001000011101110010001101110111000000001011000010000110000001100000001010010001011101100101111001001010000001000001111000100011111010000011010000010001011000111011100010111011100000011100010110000001100011011010011011001110110110011 
10100000001001101111101011010101001101001000010111001110101010010001100011101101110111101000000010111000001100101111001011100100110100011011010000001110110110011011001101100101100100000000000011010110000000111101111101110100100010101010000010110001001000110010010010001100110010111001111001010000000111100110110100010010000101001010111011100001100000111010001100010011101101000100110001010101011010101001001001010101011101101000110101011010010001011100000110011010100010101011011011000001101000010110001100000001 
01101011000110001011111110110111000000101100100001000110111101101111000011000000001110010000001011001010011001010010010111011100111111010100001010011101001010010100100100010010111111001100101110111000000001110110111111001000011010010101000000001100100100100101001010011101110000110000110111111101100100110001001111000010011011101100100111010110100010010000000111000100000100010000000000001011100011100110100011111010000111010100000000100000110011000111010100111001101010110011111000001100011110010000011110001001 
01110100000110010100101011110100000001010000111011111010101011111101001010110110001000010101011001101001000101111110001110010001101101100000111011000011100010111101011000100100011111101001011110000100101101111110100111111011100110111101111010111101000110101101000011100011110010001110111101100111010110010101001100001111011001100101100010110110011011110111100001011010100011011011001110001101000100110100101000101000101110011100111101110110111111100101010010101110010001111110101010111110111110110100000111101001 
00010001010010101101100010001011011101011011100000000101111010010110110011001111100100010011000101111010000000001011011101100011000011100111001110011100000101110100010000010101100110000010010011100101011000011010010000000101100000011110011100001001000111000000100000100011001111011101011111110110001111100001010010100011110011001110111100010001110110011110010010001100101001100001101000101001011111011010000101110100001011100110000110101010101001110010001011111011100000010111111001000010001100011100101101000111 
11001010110101010100110001001010010010011101010111010101110010001010001111010101001000010100111001000110110001100110010010011110101001000100110110111111110001111101101110010100110110011110001100111010100100110111101101001101101000010111111101000101000111111000111010000111010110011101111000001110111011111111000001001001101110101111001100111110111101001101100100001110001111000101000100011111101111000100110111110010101000001111101011011111110111011101001101001110000111101000101110000001111110111110100001011101 
00000000111001101111110110001000101000011011110010100001100000001101011100010001100101100101100100100001001000100110000111101000001000100110110000111110011001000100101100000000011101100001010001010101110000011001100010010101111001100101001100000111010110000101110000010100001111001100011010100101101101111011100111110111010010111101010110001110101100111111111010111001011111111111110011111001000010000100101011011001111110101011100100010001011011111111010000001000011100000111101100001100011100010011011111011011 
01001011011000101010111001100001101000001110111101101101010000101100111000101001100100010010001010001000011010000101100101110111010010010011001110100000000101110011010111001011000101101010000000100111010001111000110010011001001000101010111110100110111010111101011000011111101011101011111100100000100111110000111110000011101011110011010001101101000001100100100101010010100011001001001100110000001010111010010101000001001001010110101111100111100000010001111010100010100101010100001010011011100100100011011001101011 
11001110011100011101101100111111100001001000010010101000100010000111111111111010110100000000011010111111000101001100111110101010101100101100001011000000011100100001101100000100011001001001011101010110110011110000000000001111100011110011000001111000010101110000100110100000101100111100001011000010001110000011110001111000111001100100110111110111100100001000111010001100111100101001011010110101100000001101001101010001001101000001011100101001100110100000010010000000100100101011010011011000000011111001000011000111 
01011010111001001110010010000000000011100001111010010101010101110110110010101110010110000101101000000011011001011011010000011101011011000000011110000001111101010111110010101111011000000000111000101001011001001011010100001010100011100010111110110010011000000111000001010101110010000100000011100010100010110001101001001011111001110010101011111011010011111110011000001010110111010010010110010011000100000001101100100110110011001110010111000111101010000001010110000011011101000101101000101011000001001100000101001011 
11011111000001010011110000111011111010000111101010010010010010110010001011111011011100101000110101110000011100001101110001011011101101001100001011100101110011011111011010001001010010111110011000111011111010000011010011011010001100100111000111000100000010001001111011100010001100110100100010101100001100101100010000111101010111110011100010101000110110110001111000000010111001100101100011000101111111001010010000110100100110110110100100011100111100111001000011110101000010010000111111010100000000000001011000010111 
00111111101000010011111101111100111001011101010100000100101110101001101011010101111000001011100100111011100001010100001101100010111110110111010001000110011110111101000010101100101101111111100001111000010110110001100001010101001100000011001101100111000011101110010111001111111101011100000111110000110101000010101101101111001011101001001011000111101110100000010000110001110011010011011111001011110100011000011111101010010100101000010011110000010101100001000010111010101100001001011111101010111001101111001110011101 
00001011000000101000111000011010110011111101010111110110111010110101011110110110110000001111100110111000011000101101010011110100001111001110010111100010110001101011000100111101111000001011010110010110111011100100010010010100001011011001011010111100010011110101000111010111111010101011010011110010000101001110101101010001011001110100011110001110110101011110100110111000110011011110111000001101101001101000101111111000000001110011101010101101101000100100110001101001111101111110010001111000010011010110101111111101 
00011110100111100010001001001000110111011011111100001001111101010111100010000011110010001010110100010010010000010000001101010011111111100000001001110011011000000100010010011001100001100110001010001100111100000100100101010110111110100110000110011000110110101110011111100101010011010110000100001011011100001001111001011001111010000011100100001001100011111100000111100000101111100001000011110001101001101100001111100000001000111011100011001001101000001000001001100110101000100111100111110110100010101100010000110101 
00000001000000101010001111110010011010011000011100001111011001100001110010001010011001011001110101101001101011101000101011011000110010111010111000010001100100010111110110001111100000101010001001100100101000000111110101011001100011000100110111100010100001001010001100110010011000000101011001110000011100101100011001110111001111110111011100100100111000010011010101110100100011110110110011111101111111101000010111010101000010001111100111000000011111100000000111101100111111001111000100001100110000011110111010011001 
10101001100110001011000100111110100000111011011011010101100100001000011000000101001100001001000001111100111000101100000101110100000010011001001011111111100111010100100000000000001100110000001011001000011001011110001010010011001111001011101101001000011011011110111110011011110100011111110001111101110011100111000010011101011100101001110111111010010001101110101010001100001110000011110001000000011011100111000010011001111000111001101011100011110100000010111001101011100000011101000011000101100010100011001001100011 
00101100011100011100010111111100011001001100000010110101001111010111100000101010011010000110001101101100110100101001110100010011000011110100010010100110100100101110111011101100101000001110101111110001001100111110011010011001110000100100000111101100000111010110011001111111111000000001100101110110001010001011011100001011011000010000001010010011100100100000100110011101010000110011010101010100110001010111100111101010011011110000111010010100011000101101010101111000110001011000011111010000000111001011001001001111 
00111001010110101111011100010011011010100111101101111011001010001100001110100101100011001001110000101101000010001100010000100101011010000010011100001111001010111101011101000100001111101000110011011000000000011000101010011011100110011010111010110100111101000011001011001111011110110100111001111001010101010000110101000111110110110111100101111111100011001001101111111100010011011111101000001011000101101111110101101001110010110111011110101100110110100111011000111111101010000010001000011101110010011101010101101101 
10010101001011001111001000011010001011100001101101001001111001100011111100110001100010111001111111111001000110010010100101110110011110101101101110110010000001100000111101101100010000110001000110100100101010101111011110101010101111011010010010010110101101011111101010101101110111000011110000100111110001111100011110000101010111001010010011110110000001001000110101001110001110100010010001010011101000001010110010001110101111100001110101111100001001111101101101100110010101101110001011101010110011001100101010010011 
01001111101100000011100110011001001011111010010101111000000010101111111001110110101001110111110011010110010110010111110111110101110101001111110111111111010100111001010011010000010101100110001101000010110001000000110110100001001011100011011110100110100100101110010111101010000100100000011110011101111101101110000001011100110001010101100101000011111100100101110000010100111010111101011001100100100110001100010001101000111010010011010010010111100101111110011000000011111100000011001001001010110000001010110000001101 
01110100001110110110110110001100110001001111101010100000000101000001011000010001110010001000000000011100011111101101011001111110001111100001100000101011000001001000110000001100001101111011100110001101010010101101111001111001110011010001110000000110010011001010011010011010100000001000110111010100011110001011001011100111001110010001110100001001010111010101001100001101000000001101000100010100110011111101001110011110100000100010111101111001001101000000110011001011011011001110001110100111011001010001001100101001 
11000100011101100111011101010010110110011100011000000011111100000101111001110000111010101010111101110011010110100011000011011010111101101101110101100011110111110111110111001100100011111000010100011101110101010100111111010000110110101000100011011011010000010110111101101010001010011011100101110011100011111010001001000011011011001111100101011000100111101100100101011001101010000100111110000110011010000100100001011100110101110110101001101101111110110011000000100010000000001111001111001110000101010111001001010101 
11010111010101101110011110010011111111111000110000001011000101010111111111110011100110110110111100010100110000101101111101100000010100110011110010010100100010101000010101101010000110100000011001001010011100110011100010110001100000101100110100111111011010010101000100110111111101011110100000011011110001100000001110111001000010010011111001011111101110110010001111011110000111000111100111101110111010111111111010100010001101010110001101011110011000010100110111001011110010011001010100001100001100100101111010101001 
11011101111011010101010001001000111001111010101110110100110010010100111011111100111010110110110011100100010111101111110010001110001100000011010100100111100100010111011000001100001111010101110011000110110111101111110110010001100001101000010001010010110100100111000100011011110111110010011001101011000100110111111011100000010001110010001101011101110000101000011110110000001101010011101110000010100010000111001001110000010000011010000111101010110011001100110010100111000001011101010001100001100100000111111010110011 
11011111001011101010001001001001100001010100110100100111010100101110010110001111111010111110101100100111110000110111111010011001000110111100010111101110010100110010111001010001110001010001110010110001001101111001111011101010011001110001110011010101110111101011100010010010000010010100101101010101000110001010100111000101011111110101111011000100111011001101111000100010000100110100100100100000000100110000110011011000110110100001100101011011010001011001001100001101111101001111111001001011110101111010000111001101 
01010101111010000110100100101001000000100100011011001001111101101010110100100000101011011011110011001011011001000111110110001010010000111111000110001101001101011000101110111010010001010111101101000111100011101010110101110101101100110100111110001110001100111100111100111101100011010100100100110001000101010101001111001101010010110010111011001000010000101100110110000011000110000111111000101100101000111111101001001100111110100111001111011100011111110110111101001000111100111111000010000011110110000110000000101001 
01000110011110001000111101100101111111001111111011011101010001000100000011111011001010100010110101110111001110100111100110010100001110111101011111000001101110000000101111001011111111010011010000000111111100011000001101101111010011011111010010000001101010000000000001110111110101010101110111111011000010000010001011001110001010100011111111110100110000001000110100000101000010001001000010011110011001011100000111010100010111010110000000001110001001110000110100111011011100011000000100001101000111101000010001100001 
01011100001101110111110000000111010000101101010110010011011100110001110010100100100010001100111110110100101010011011001111111100010011100111111011100101111110011110000111011000001111111110101001110100001100000100101111000110100101011100111111101101001100000111011011111001111111111010100011100010111001110100010110011101001111010110010011011011011101011001100011010000110001100011000000000100101110010000110001000011100011101001100011000010100110100101110110000000011011001101001000111110111111011100010001110001 
10011011111111001000100111011101100011111010000001110010111110011100100010110000110000111001101011011110010111011111000001110101110110101010100011011100000001000110100100111010101000010101000110001000010100011001111011100100001010100101111110001110111010011111000110100011100010110010010101100000001100100100011011100011000010101100111010110000000000111110000101110011111010111101011011010011101010100110001010101000111101101001110011111001011110111001010001101111111000101111010011000010101011010001100100111001 
11111101000010110000011001001101111101111011100100000111011100000010010000101011010001111100011110000110010000001110101011101001000010000111010000100000010000110011010101000011011111100010101101100100001000010110001011000001100001110010010110011000101000100111110100000011000000100111101101111011011000000111000001110010001101101001011110001111011001001000110101100010111010111011110110100011001110011110111100111001100011010000110011101111000100000010111001000001011010101011100001000011011110111111110011001101 
