00000000010111000000011000100001011000101110111110000001010010001000101000101000000011010001101011100011011100010011100011111000010111010001000010100100011011110010010110010000110110011110110010000111111010101000010010100111110011100010010110000010100111110000001001001010001000100100000101000001010110011011110001000001010110100010100101000001101101010110001001110100000110000101100111000101010110111100101010100110101011011111010001110000101001000001000100110010101111011100001110101000010000100000001100010001 
00000000010111000000011000100001011000101110111110000001010010001000101000101000000011010001101011100011011100010011100011111000010111010001000010100100011011110010010110010000110110011110110010000111111010101000010010100111110011100010010110000010100111110000001001001010001000100100000101000001010110011011110001000001010110100010100101000001101101010110001001110100000110000101100111000101010110111100101010100110101011011111010001110000101001000001000100110010101111011100001110101000010000100000001100010001 
10011101011101111101010111010101111001001111100110011000110001011010010000110111011001110111100010110111111011111011101010110010011010100100000101111010111001010101000100001111001011101111111110110101111101001101110111110111000000010100111000111111011111111101110110111110011111111101110000110101100010111101001011101010111101001001110111110101111010010001001000001110011011101111011011111000010001011010101011111100001001101101111111101010110101100011100101001010001110001110011010101110101001111101111111010111 
10011101011101111101010111010101111001001111100110011000110001011010010000110111011001110111100010110111111011111011101010110010011010100100000101111010111001010101000100001111001011101111111110110101111101001101110111110111000000010100111000111111011111111100001010101110011111111101110000110101100010111101001011101010111101001001110111110101111010010001001000001110011011101111011011111000010001011010101011111100001001101101111111101010110101100011100101001010001110001110011010101110101001111101111111010111 
10011101011101111101010111010101111001001111100110011000110001011010010000110111011001110111100010110111111011111011101010110010011010100100000101111010111001010101000100001111001011101111111110110101111101001101110111110111000000010100111000111111011111111100001010101110011111111101110000110101100010111101001011101010111101001001110111110101111010010001001000001110011011101111011011111000010001011010101011111100001001101101111111101010110101100011100101001010001110001110011010101110101001111101111111010111 
01110000010111000000011000100001011000101110111110000001010010001000101000101000000011010001101011100011011100010011100011111000010111010001000010100100011011110010010110010000110110011110110010000111111010101001011000000100011001001001010000001100011001001101001010110100100100110011001010101001011000011011110010000101110000010011010010001111011110010001010100100101011110011000111000011101010001111011010011101000101101011011000001101000011010110001011110111111111000011000011000000110110101110010000100000101 
00000000010111000000011000100001011000101110111110000001010010001000101000101000000011010001101011100011011100010011100011111000010111010001000010100100011011110010010110010000110110011110110010000111111010101000010010100111110011100010010110000010100111110000001001001010001000100100000101000001010110011011110001000001010110100010100101000001101101010110001001110100000110000101100111000101010110111100101010100110101011011111010001110000101001000001000100110010101111011100001110101000010000100000000000111101 
00000000010111000000011000100001011000101110111110000001010010001000101000101000000011010001101011100011011100010011100011111000010111010001000010100100011011110010010110010000110110011110110010000111111110001110010010100111110011100010010110000010100111110000001001001010001000100100000101000001010110011011110001000001010110100010100101000001101101010110001001110100000110000101100111000101010110111100101010100110101011011111010001110000101001000001000100110010101111011100001110101000010000100000001100010001 
00100001010111110001111001101100100110001111010010011011100100111100001000110011111011001010011111111101100001000001011001000011110011101000101000010000111111011110011100110001111101111001100110111001100110101001110111011100111111001100110010111001111001001011001100001011001010101101100000001111110001011001110010110110010111101010011101011011010101111010010100110010001010101001111110111000111100100110100011011010000111111010000011011000011001101110111100011001000010111000001001001000111000101100110101010101 
10010101001100111001001000100101011101010110110110101011101010101101111101110001000110111111111001111001001000000011001000110000110011000100111001111000001100000001100001001001100110110000010010010011101111001100101110100101110110001110001110111001111100110000000101001100010000111110010001101001101111101111101110100000110010110110110100010010000000101110010100110100010110110101000111010010100100000101101100101010110100111101101110100100001010111010110000010001110111100001100011000111011100000000111010111101 
11011100000110011101010111010101111001001111100110011000110001011010010000110111011001110111100010110111111011111011101010110010011010100100000101111010001110011011010010000100111010100110001010111101100010110001100001001111011011111111110001010011010110111101110110111110011111111101110000110101100010111101001011101010111101001001110111110101111010010001001000001110011011101111011011111000010001011010101011111100001001101101111111101010110101100011100101001010001110001110011010101110101001111101111111010111 
01010111011101110010011011001101111010100111000101101010101011001000001111100001100101100100100101101110000100100110101001101000011101000111111111100101011010111010000000000000111001111001110110000001000101101001010100101110100101100001110001000110010110110011001101101101001011011100110000000100010010011111111111110101000111000000001110111100110001001000110001010011010101010001100001111111001101111001001110100101101101110001010111110101100100011001011010001100101101010010100000011011100001111111000010011101 
11100010010101111011100110001111001111101101100110010000011101110101001110101100110100110010100101001111110101100100111000100000010011011000011100011010000000011000001110010100111011001101100010110111011110001110010010100111110011100010010110000010100111110000001001001010001000100100000101000001010110011011110001000001010110100010100101000001101101010110001001110100000110000101100111000101010110111100101010100110101011011111010001110000101001000001000100110010101111011100001110101000010000100000001100010001 
11011110001110110000101001011100100111101101110010111000110011001010101010001011001000011010101110111100111110101001110100000001100111101000000101111010001110011011010010000100111010100110001010111101100010110001100001001111011011111111110001010011010110111101110110111110011111111101110000110101100010111101001011100110100101100010110010011101000001101010011010110101010000111011101001110101110101111110100001011010011011111000100100011101101101111111010110110000011110011111001100110000001011010110111110000101 
00001111000110011101010111010101111001001111100110011000110001011010010000110111011001110111100010110111111011111011101010110010011010100100000101111010001110011011010010000100111010100110001010111101100010110001100001001111011011111111110001010011010110111101110110111110011111111101110000110101100010111101001011100110100101100010110010011101000001101010011010110101010000111011101001110101110101111110100001011010011011111000100100011101101101111111010110110000011110011111001100110000001011010110111110000101 
11110101011101011100010001010101111001001111100110011000110001011010010000110111011001110111100010110111111011111011101010110010011010100100000101111010001110011011010010000100111010100110001010111101100010110001100001001111011011111111110001010011010110111101110110111110011111111101110000110101100010111101001011100110100101100010110010011101000001101010011010110101010000111011101001110101110101111110100001011010011011111000100100011101101101111111010110110000011110011111001100110000001011010110111110000101 
10101100111111100101100100101100111111111110000110111001010110001011110011110111011001110111100010110111111011111011101010110010011010100100000101111010001110011011010010000100111010100110001010111101100010110001100001001111011011111111110001010011010110111101110110111110011111111101110000110101100010111101001011101010111101001001110111110101111010010001001000001110011011101111011011111000010001011010101011111100001001101101111111101010110101100011100101001010001110001110011010101110101001111101111111010111 
00001111000110011101010111010101111001001111100110011000110001011010010000110111011001110111100010110111111011111011101010110010011010100100000101111010001110011011010010000100111010100110001010111101100010110001100001001111011011111111110001010011010110111101110110111110011111111101110000110101100010111101001011101010111101001001110111110101111010010001001000001110011011101111011011111000010001011010101011111100001001101101111111101010110101100011100101001010001110001110011010101110101110110000011111111111 
00001111000110011101010110011001110000000100011010100110110001110011010100010010000001010100001011100001010101111100011100001001011001111000101000101111111100001000011100000100110011001000101010110111100100111001000010010101110000101111001010011000111001010110101010110010100001011100101000101101100001000011011001100111100110000101001000100011110100010110001000010001101100011111000001001100100100101000011111000000001110100000010100001001100100111111000010110100100110010110001001101110101001101100101010010111 
01110000010111000000011000100001011000101110111110000001010010001000101000101000000011010001101011100011011100010011100011111000010111010001000010100100011011110010010110010000110110011110110010000111111010101000010010100111110011100010010110000010100111110000001001001010001000100100000101000001010110011011110001000001010110100010100101000001101101010110001001110100000110000101100111000101010110111100101010100110101011011111010001110000101001000001000100110010101111011100001110101000010000100000000000111101 
01000100111000010100001100011100001000010101001000101101000110110011100001100011000110101110010110101000111010011000110000101001110101111000100010100110111001001010111000100110110011001101001110011100110000010110001001011011110011100010010110000010100111110000001001001010001000100100000101000001010110011011110001000001010110100010100101000001101101010110001001110100000110000101100111000101010110111100101010100110101011011111010001110000101001000001000100110010101111011100001110101000010000100000000000111101 
01110000010111000000011000100001011000101110111110000001010010001000101000101000000011010001101011100011011100010011100011111000010111010001000010100100011011110010010110010000110110011110110010000111111110001110010010100111110011100010010110000010100111110000001001001010001000100100000101000001010110011011110001000001010110100010100101000001101101010110001001110100000110000101100111000101010110111100101010100110101011011111010001110000101001000001000100110010101111011100001110101000010000100000001100010001 
11011110001110110000101001011100100111101101110010111000110011001001001110101100110100110010100101001111110101100100111000100000010011011000011100011010000000011000001110010100111011001101100010110111011110001110010010100111110011100010010110000010100111110000001001001010001000100100000101000001010110011011110001000001010110100010100101000001101101010110001001110100000110000101100111000101010110111100101010100110101011011111010001110000101001000001000100110010101111011100001110101000010000100000001100010001 
11100111010111011011010000111001011100000010010001001111111001000001010000011011001001100100111010010011100111101100111001111000110011011100000101111010001110011011010010000100111010100110001010111101100010110001100001001111011011111111110001010011010110111101110110111110011111111101110000110101100010111101001011101010111101001001110111110101111010010001001000001110011011101111011011111000010001011010101011111100001001101101111111101010110101100011100101001010001110001110011010101110010010011110000110011101 
11001000010010000001100101000010111101111100011011110010010000110100110111010101100101010101000101111110100011000001101100100001101000100001010011000000101001000110001000000011100001111001100001111001011011000000111010000001111010100111011011011111001110110111100010010110001011010001001010110000010100000101010101110111010010010101001101011100011010110001101111110110110110010111011010101101111100001001001011110001011000101110111011101111111100101101101100011110111101000101000101110100111011001100000111101111 
00001111000110011101010111010101111001001111100110011000110001011010010000110111011001110111100010110111111011111011101010110010011010100100000101111010001110011011010010000100111010100110001010111101100010110001100001001111011011111111110001010011010110111101110110111110011111111101110000110101100010111101001011101010111101001001110111110101111010010001001000001110011011101111011011111000010001011010101011111100001001101101111111101010110101100011100101011011111011111000100000101011001101000101111000111001 
10101100111111100101100100101100111111111110000110111001010110001011100010010011010100011000011001000111111011010101000001000100011110100101011101110111111010101110100111010000110011100011000000000000101010100010101110111001000111001110101010010101101101111111011000011101000100100100111010010011000100111000011010011000100100011100110110001101011110101000101110110001101110110110011010100001011100111000100011110011011011001000111011101100110101010110001011000010101100100100101010100011101001111101111111010111 
01110000010111000000011000100001011000101110111110000001010010001000101000101000000011010001101011100011011100010011100011111000010111010001000010100100011011110010010110010000110110011110110010000111111110001110010010100111110011100010010110000010100111110000001001001010001000100100000101000001010110011011110001000001010110100010100101000001101101010110001001110100000110000101100111000101010110111100101010100110101011011111010001110000101001000001000100110010101111011100001110101000010000100000000000111101 
11111110001101001000010000001000110001100000100001000100110011101111110101110110010011100111101101010001110110110010100000000010001000110011110010000101000101011001001010111001001100110000011011010011110001010010111011000010010111100011100111000110001110000110111000001100111101011010010000110011101100000011100011100100110110111000101000111110100010100100010011010000000110110000101111110000101000110011101100010111101000110001001111100100101101001000000101101101110001011001110011101111101000010101001100010011 
11011100100010100101010011001001101010101010111001010010111110111000110001000011000110001100010101011010100010010011000101111011001010010111101011101011111000010000100000111100011010101011001110100001100000011001000110001010111110000101001001110010000101001101101110010110100001110100011011010101100101100100011001010011000101110000111100100001101001000101101111101101101101000111011000101000001110001011101000000111001100110010100001111101111001110010101100111101000110001100011110101110101110110000011111111111 
11011100100010100101010011001001101010101010111001010010111110111000110001000011000101010101000101111110100011000001101100100001101000100001010100011010000000011000001110010100111011001101100010110111011110001110010010100111110011100010010110000010100111110000001001001010001000100100000101000001010110011011110001000001010110100010100101000001101101010110001001110100000110000101100111000101010110111100101010100110101011011111010001110000101001000001000100110010101111011100001110101000010000100000001100010001 
01101110111100111100111010001110111011111000101100101111001101101001010101001111011001110111100010110111111011111011101010110010011010100100000101111010001110011011010010000100111010100110001010111101100010110001100001001111011011111111110001010011010110111101110110111110011111111101110000110101100010111101001011101010111101001001110111110101111010010001001000001110011011101111011011111000010001011010101011111100001001101101111111101010110101100011100101001010001110001110011010101110101110110000011111111111 
11100010010101111101010111010101111001001111100110011000110001011010010000110111011001110111100010110111111011111011101010110010011010100100000101111010001110011011010010000100111010100110001010111101100010110001100001001111011011111111110001010011010110111101110110111110011111111101110000110101100010111101001011101010111101001001110111110101111010010001001000001110011011101111011011111000010001011010101011111100001001101101111111101010110101100011100101001010001110001110011010101110101001111101111111010111 
11100111010111011011010000111101100110011110100011101111001101101001010101001111011001110111100010110111111011111011101010110010011010100100000101111010001110011011010010000100111010100110001010111101100010110001100001001111011011111111110001010011010110111101110110111110011111111101110000110101100010111101001011101010111101001001110111110101111010010001001000001110011011101111011011111000010001011010101011111100001001101101111111101010110101100011100101001010001110001110011010101110101110110000011111111111 
00001111000110011101010111010101111001001111100110011000110001011010010000110111011001110111100010110111111011111011101010110010011010100100000101111010001110011011010010000100111010100110001010111101100010110001100001001111011011111111110001010011010110111101110110111110011111111101110000110101100010111101001011101010111101001001110111110101111010010001001000001110011011101111011011111000010001011010101011111100001001101101111111101010110101100011100101001010001110001110011010101110010010011110000110011101 
10011101011101111101010111010101111001001111100110011000110001011010010000110111011001110111100010110111111011111011101010110010011010100100000101111010111001010101000100001111001011101111111110110101111101001101110111110111000000010100111000111111011111111100001010100000110101001010110011101101011110100000001011100110100101100010110010011101000001101010011010110101010000111011101001110101110101111110100001011010011011111000100100011101101101111111010110110000011110011111001100110000001011010110111110000101 
01101110111100111100111010001110111011111000101100101110110001011100000010010011010100011000011001000111111011010101000001000100010011011000011100011010000000011000001110010100111011001101100010110111011110001110010010100111110011100010010110000010100111110000001001001010001000100100000101000001010110011011110001000001010110100010100101000001101101010110001001110100000110000101100111000101010110111100101010100110101011011111010001110000101001000001000100110010101111011100001110101000010000100000001100010001 
10111100111100010101110001101111001010111010011011000011001110110100111011100001000000100110010101110101010001101001101110001010110110000001101110110111001011000010010110010100010100111010101110101001110100101100000111001001101010111010111101010010011001010001010110001101110001010011011110000001100111110000010001010100101011111110101010001101111010100100101110000100000110110000010001110100110110110011000111011011101001000110010111000111010000001110100101011011111011111000100000101011001101000101111000111001 
11100111010111011011010000111101100110011110100011101111001101101001010101001111101111010011011011001111010010101000101001011011110010101100111101110111111010101110100111010000110011100011000000000000101010100010101110111001000111001110101010010101101101111111011000011101000100100100111010010011000100111000011010011000100100011100110110001101011110101000101110110001101110110110011010100001011100111000100011110011011011001000111011101100110101010110001011000010101100100100101010100011101001111101111111010111 
10111111111111111111011000100010000110100010011111011100001011110100000000110011101001000101000110010011100111101100111001111000110011011100000101111010001110011011010010000100111010100110001010111101100010110001100001001111011011111111110001010011010110111101110110111110011111111101110000110101100010111101001011101010111101001001110111110101111010010001001000001110011011101111011011111000010001011010101011111100001001101101111111101010110101100011100101001010110100010010110010011101011011001001000110100001 
10010100100110010000100111110010111011010010010001001111111001000001010000011011001001100100111010010011100111101100111001111000110011011100000101111010001110011011010010000100111010100110001010111101100010110001100001001111011011111111110001010011010110111101110110111110011111111101110000110101100010111101001011101010111101001001110111110101111010010001001000001110011011101111011011111000010001011010101011111100001001101101111111101010110101100011100101001010001110001110011010101110010010011110000110011101 
10010010011000100101001011010011100001011011100001011111000010000110011100111001111010111101001110100000101100010011110100101100101100110101000100011000110100001000111100111100010001000000010100011011101110001010000010101001110011111110001011110100111101000010010011101100111011111111010111010011010101000100101011111100000001110001111011010010111001011101101001010011001011100011000100010000111001011100100111111100000101101001011111100111101101110101100111010001011100010101000110000000011110100001001101101001 
00000000101101100100110011110001110111001100011110010001010100110001010101111000100001011100011111010110100000101110100000000100110001111010000101101001000110100101001111110101101111110101111000000111111101011101010110111010100010111100011011010110011011101111111000001111000100000001001111001101100110000110100010101001110101010011101011100111001101100001001000000100011101101110001000111110010100111100011001010101111100110000111100111100010011011011110111101011001010000010111100110101001010111001011001011111 
01110000010111000000011000100001011000101110111110000001010010001000101000101000000011010001101011100011011100010011100011111000010111010001000010100100011011110010010110010000110110011110110010000111111010101001011000000100011001001001010000001100011001001101001010110100100101110100011011010101100101100100011001010011000101110000111100100001101001000101101111101101101101000111011000101000001110001011101000000111001100110010100001111101111001110010101100111101000110001100011110101110101110110000011111111111 
01101110111100111100111010001110111011111000101100101110110001011100000010010011010100011000011001000111111011010101000001000100011110100101011101110111111010101110100111010000110011100011000000000000101010100010101110111001000111001110101010010101101101111111011000011101000100100100111010010011000100111000011010011000100100011100110110001101011110101000101110110001101110110110011010100001011100111000100011110011011011001000111011101100110101010110001011000010101100100100101010100011101001111101111111010111 
01101110111100111100111010001110111011111000101100101111001101101001010101001111011001110111100010110111111011111011101010110010011010100100000101111010001110011011010010000100111010100110001010111101100010110001100001001111011011111111110001010011010110111101110110111110011111111101110000110101100010111101001011101010111101001001110111110101111010010001001000001110011011101111011011111000010001011010101011111100001001101101111111101010110101100011100101001010001110001110011010101110101001111101111111010111 
00101010011100001100111100110010101100010110000010011101111100001011101011000111101001000100101000000001110010100100010011011100001011001111110001101000011100000110011110001001010010111111011001001011101100010101010101001010100101100100100010011011010010110110001001000101000000101100010110010001111111010110001001010001110011011101011110111010010101011111000110010000101101011000011111110100111101000111000010111001001110111011100110001101100010100110011010100110100000100101010011010111000000101100010010000101 
10101100011000001000100010011010101111111001111111010000111011111111100000001110111010100001011000011100100110010010001101100001011001000000001101101100000011010101110000011100110011001010000110011110100010110111001001100010110010100111001000110100011111001111011001001000100111000100111001110110110001100110111001100010100101100011110110000011010100000010101111010111011010000100110010101001001000110111101110111100110101011111110100100001110000000000100000001001011000111000011110000001000111110110011111111111 
01110000010111000000011000100001011000101110111110000001010010001000101000101000000011010001101011100011011100010011100011111000010111010001000010100100011011110010010110010000110110011110110010000111111010101000010010100111110011100010010110000010100111110000001001001010001000100100000101000001010110011011110001000001010110100010100101000001101101010110001001110100000110000101100111000101010110111100101010100110101011011111010001110000101001000001000100110010101111011100001110101000010000100000001100010001 
11011100000110011101010111010101111001001111100110011000110001011010010000110111011001110111100010110111111011111011101010110010011010100100000101111010001110011011010010000100111010100110001010111101100010110001100001001111011011111111110001010011010110111101110110111110011111111101110000110101100010111101001011101010111101001001110111110101111010010001001000001110011011101111011011111000010001011010101011111100001001101101111111101010110101100011100101001010001110001110011010101110101000110011011100111011 
11011110001110110000101001011100100111101101110010111000110011001010101010001011001000011010101110111100111110101001110100000001100111101001010111001111010011000101110101001110010110001011000011111011010110000000101101001010001110010111010010100001110100111110110001110010110100010100100101011000000111110110011110011111101010110011011111101011110011110000000101110001100101011001001100001100110111011110010100111011100000000010010011010010000111001100101111111110011011001110000000101111011010010011110101010011 
11110101011101011100010000011001110000000100011010100110110001110011010100010010000001010100001011100001010101111100011100001001011001111000101000101111111100001000011100000100110011001000101010110111100100111001000010010101110000101111001010011000111001010110101010110010100001011100101000101101100001000011011001100111100110011111101000101011111101010011011101110001110000000001100011011001111100100110101011101010110011000001111100000010010101011110001010100101100000000011101010001001101001010011001011000001 
11100010010101111011100110001111001111101101100110010000011101110101001110101100110100110010100101001111110101110100010010001101011000011011100010000011000010101111001100001110011011111111010000001001001110000011100110110000110110001111101100010001101010000111101100111111100100100110101101110001000001011011101011101111100101010000111000000010110111101100111001110111000111101010111101100011111010101001011101100001101001101101011101111000111100101011111001100000000110110010011110101011001100011001011111011001 
01110000010111000000011000100001011000101110111110000001010010001000101000101000000011010001101011100011011100010011100011111000010111010001000010100100011011110010010110010000110110011110110010000111111010101001011000000100011001001001010000001100011001001101001010110100100100110011001010101001011000011011110010000101110000010011010010001111011110010001010100100101011110011000111000011101010001111011010011101000101101011011000011101100110101010110001011000010101100100100101010100011101001111101111111010111 
10111100101010110101100100000110011000101010001100001100101110011001010010000101000101011001000011010111111110011111001000100111100010010110000111101101111100101111001100000001010101001010100101010001010110101100101110111100110100101001000001001000111011111010010110011000001111011111111100011000111001000100001010000001101001110001010100010010000110111000111010001100001001000010000000000000001100110101111100010011110010110110100011001110100100011001100010011001110100010010110010011101011011001001000110100001 
11000001110011110100111100010000100100111101101101101010001000100101001110101100110100110010100101001111110101100100111000100000010011011000011100011010000000011000001110010100111011001101100010110111011110001110010010100111110011100010010110000010100111110000001001001010001000100100000101000001010110011011110001000001010110100010100101000001101101010110001001110100000110000101100111000101010110111100101010100110101011011111010001110000101001000001000100110010101111011100001110101000010000100000001100010001 
01110111011111010001001111111110101001101110111100111101011111000101000110100001001110110011100110110110001100100110001110111110010000101100110100001100001010111101010111100111101011010011101100010110111101001111101110100001010100011001011000011010101100001011100100101011111000011101010010000011101100011101101110001111011101011011111101111011000100010001110110011000110100111111100111000101001001110101000101000000001011110011110110111010100110011010010111100100011000110001001011001101010111001010001110100011 
01101110111100111100111010001110111011111000101100101110110001011100000010010011010100011000011001000111111011010101000001000100010011011000011100011010000000011000001110010100111011001101100010110111011110001110010010100111110011100010010110000010100111110000001001001111000100000001001111001101100110000110100010101001110101010011010010001001111000110001010000010110100110101000101101111100101111001010001011011001011010000001101010101001001011011001001010010100000111111110100001001011111000011001101100001011 
01110000010111000000011000100001011000101110111110000001010010001000101000101000000011010001101011100011011100010011100011111000010111010001000010100100011011110010010110010000110110011110110010000111111010101001011000000100011001001001010000001100011001001101001010110100100100110011001010101001011000011011110010000101110000010011010010001111011110010001010100100101011110011000111000011101010001111011010011101010110011000001111100000010010101011110001010100101100000000011101010001001101001010011001001101001 
10011010010001111111010011010111101110111101000100011011110111010101001111010111000001001111011001000111111011010101000001000100011110100101011101110111111010101110100111010000110011100011000000000000101010100010101110111001000111001110101010010101101101111111011000011101000100100100111010010011000100111000011010011000100100011100110110001101011110101000101110110001101110110110011010100001011100111000100011110011011011001000111011101100110101010110001011000010101100100100101010100011101001111101111111010111 
01000100110001001001001101101000000001110001011010000000010000011010000111110100100000100001001110010001110100001101100011111101111010001111100100101110000011011001001110000011000010110010000110011000001010111000111111111111101011101001000101111101111110011110100000011001111011011101000111001011100110100000000010010100001110110101011100110010111000110111010001100001110000101010011100111100101010000001011010001100001101000000101011001000010010110100001100010000001101010111010101100001110110011010100000010101 
00101010011100001100111100110010101100010110000010011101111100001011101011000111101001000100101000000001110010100100010011011100001011001111110001100101011010111010000000000000111001111001110110000001000101101001010100101110100101100001110001000110010110110011001101101101001011011100110000000100010010011111111111110101000111000000001110111100110001001000110001010011010101010001100001111111001101111001001110100101101101110001010111110101100100011001011010001100101101010010100000011011100001111111000010011101 
00001111000110011101010111010101111001001111100110011000110001011010010000110111011001110111100010110111111011111011101010110010011010100101000110100000001110100010100101010111111011100111000011001010011001101010011101101011110110111100101011110110111000000100010011010100111101111001001011010001011000110010000110001100111101110011100001110010001010011101111000011110101010000000111100000110100000110110110110110101000111001010111110010110101101010011010000010011100000100011010100110101001110100111110111011101 
00110011000110000000101011111110001100000000101010011011111001001100001110001011000100010100000011000010100100001110000011010101001000110010100000111111101101010000000100110100001101100001110000011111011011010111000011111000101001011010111001100000011001100101110000001010110110100011010100111110100001110101011000111110000101000000101110001101001000010010110001101111001110101101110010010101101110100011010110100111001001000010010101111110011000101011010000010011100000100011010100110101001110100111110111011101 
01101000111101111111110001101001111001100101100111001100100111011100100111000100011111010100011111010110100000101110100000000100110001111010000101101001000110100101001111110101101111110101111000000111111101011101010110111010100010111100011011010110011011101111111000001111000100000001001111001101100110000110100010101001110101010011101011100111001101100001001000000100011101101110001000111110010100111100011001010101111100110000111100111100010011011011110111101011001010000010111100110101001010111001011001011111 
00110011000110000000101011111110001100000000101010011011111001001100001110001011000100010100000011000010100100001110000011010101001000110010100000111111101101010000000100110100001101100001110000011111011011010111000011111000101001011010111001100000011001100101110000001010110110100011010100111110100001110101011000111110000101000000101110001101001000010010110001101111001110101101110010010101101110100011010110100111001001000010010101111110011000101000011001001110111100100111011000101001000000010101101111010001 
11100010010101111011111001101100100110001111010010011011100100111100001000110011111011001010011111111101100001000001011001000011110011101000101000010000111111011110011100110001111101111001100110111001100110101001110111011100111111001100110010111001111001001011001100001011001010101101100000001111110001011001110010110110010111101010011101011011010101111010010100110010001010101001111110111000111100100110100011011010000111111010000011011000011001101110111100011001000010111000001001001000111000101100110101010101 
01000111010000000000100011110001010101001100001100110101101010000110110101101101111011100010110011011000001011111010101000000101001111100111100011000101111011110011101100101010111110000100011001011111101101001101011100101110010010111110100111000110101110110011110001110011101010010010101010110101100110110110010011001111010000010100010101100110101010111011001110011010111111111001000011101000000010011111000110000011000000011001000110101010010110101001111100110000001010101010001001011010110011011100000001111101 
01110111011111010001001111111110101001101110111100111101011111000101000110100001001110110011100110110110001100100110001110111110010000101100110100001100001010111101010111100111101011010011101100010110111101001111101110100001010100011001011000011010101100001011100100101011111000011101010010000011101100011101101110001111011101011011111101111011000100010001110110011000110100111111100111000101001001110101000101000000001011110011110110111010100110011010010111100100011000110001001011001101010111001011101100001011 
10010010101100000101110111101100111101001111000011110000011010101100001101000000111001101111000010010111111000111000100010111100101110000110010010001001111000001110111011001000011100101110010011001111000000101011110110110000100000110101000011000011011011000100100000111011101100101111111010111100110111101110110110011001100111110011000110010000000001001111101111010110000111111101001101101000011101001000100001000001100101010000101001100101011110111001011010000011110101110000111101010011011110101011101111010111 
11001000010010000001100101000010111101111100011011110010010000110100110111010101100101010101000101111110100011000001101100100001101000100001010100011010000000011000001110010100111011001101100010110111011110001110010010100111110011100010010110000010100111110000001001001010001000100100000101000001010110011011110001000001010110100010100101000001101101010110001001110100000110000101100111000101010110111100101010100110101011011111010001110000101001000001000100110010101111011100001110101000010000100000001100010001 
10011101011101111101010111010101111001001111100110011000110001011010010000110111011001110111100010110111111011111011101010110010011010100100000101111010001110011011010010000100111010100110001010111101100010110001100001001111011011111111110001010011010110111101110110111110011111111101110000110101100010111101001011101010111101001001110111110101111010010001001000001110011011101111011011111000010001011010101011111100001001101101111111101010110101100011100101001010001110001110011010101110101001111101111111010111 
10111111111111111111011000100010000110100010011111011100001011110100000000110011101001000101000100000010010100100011101000010000000101011100100101111001111001010101000100001111001011101111111110110101111101001101110111110111000000010100111000111111011111111100001010100000110101001010110011101101011110100000001011100110100101100010110010011101000001101010011010110101010000111011101001110101110101111110100001011010011011111000100100011101101101111111010110110000011110011111001100110000001011010110111110000101 
01010111011101110010011011001101111010100111000101101010101011001000001111100001100101100100100101101110000100100110101001101000011101000111111111100101011010111010000000000000111001111000001001110001010001101100101101010100010110010011100000011011010111010010100011101100000110000011111000011001000011111010011110000001111000100000110111011000100110100000011001100011111111010101110000010011100101011010101100010010000011101011101001000110011010100110110110101001010000001001011011001100111000111001001001101101 
00001111000110011101010111010101111001001111100110011000110001011010010000110111011001110111100010110111111011111011101010110010011010100100000101111010001110011011010010000100111010100110001010111101100010110001100001001111011011111111110001010011010110111101110110111110011111111101110000110101100010111101001011101010111101001001110111110101111010010001001000001110011011101111011011111000010001011010101011111100001001101101111111101010110101100011100101001010001110001110011010101110101001111101111111010111 
11101011100110100001011000011001000101011111000001000110010111001110000010111101110001101100100110000000010100110000010001101101101011011000101100110111011000101000101101011001001010111001111010110010110011111000110010010101000010111000011011110001011110101101111110001111100010110100001100101100011111001110111100101001000011000010101000101001100110110011110101001110010110010101100111000111110011001001100111110011011000101011101111100101100010100001010111010011100101001100100100000001100100000110000000111101 
10111100110111001111101100111110000101111100001001111100100011101110101110110000100100010011000101011000101110101001100001111000001000001100000110111011100000101110111000011111001001101011110000101110110101110011011011110111011110010101111101011010100011100011101101101110001110111010100011101001000111100110011111010010011010100010010000011100110001001010011000000011010100110001001000110100110010110010101110010101001001011010101001110111001001010011000011101101010110101100000010011101101010010011111011000001 
01000100111000010100001100011100001000010101001000101101000110110011100001100011000110101110010110101000111010011000110000101001110101111000100010100110111001001010111000100110110011001101001110011100110000010110001001011000110101100001101011011111001110110001101100101011100000111000100011100110110001000111001110010110101011001111100000110000110011100101111000011001000111001111000010010111010100111001000101101111011001011111101000111010010100001001001001100101000101010011110000110000011110000100001110011101 
11011100000110011101010111010101111001001111100110011000110001011010010000110111011001110111100010110111111011111011101010110010011010100100000101111010001110011011010010000100111010100110001010111101100010110001100001001111011011111111110001010011010110111101110110111110011111111101110000110101100010111101001011101010111101001001110111110101111010010001001000001110011011101111011011111000010001011010101011111100001001101101111111101010110101100011100101001010001110001110011010101110010010011110000110011101 
00001111000110011101010111010101111001001111100110011000110001011010010000110111011001110111100010110111111011111011101010110010011010100100000101111010001110011011010010000100111010100110001010111101100010110001100001001111011011111111110001010011010110111101110110111110011111111101110000110101100010111101001011101010111101001001110110011111000100001101101010011000111011011001001111111011010101000001011100100000100111101110000001110010111011010110111001001110101001110110010010001111000001111110001010011001 
10011101011101111101010111010101111001001111100110011000110001011010010000110111011001110111100010110111111011111011101010110010011010100100000101111010001110011011010010000100111010100110001010111101100010110001100001001111011011111111110001010011010110111101110110111110011111111101110000110101100010111101001011101010111101001001110111110101111010010001001000001110011011101111011011111000010001011010101011111100001001101101111111101010110101100011100101001010001110001110011010101110101110110000011111111111 
10011101011101111101010111010101111001001111100110011000110001011010010000110111011001110111100010110111111011111011101010110010011010100100000101111010001110011011010010000100111010100110001010111101100010110001100001001111011011111111110001010011010110111101110110111110011111111101110000110101100010111101001011101010111101001001110111110101111010010001001000001110011011101111011011111000010001011010101011111100001001101101111111101010110101100011100101001010001110001110011010101110101110110000011111111111 
10111111111111111111011000100010000110100010011111011100001011110100000000110011101001000101000110010011111011111011101010110010011010100100000101111010001110011011010010000100111010100110001010111101100010110001100001001111011011111111110001010011010110111101110110111110011111111101110000110101100010111101001011101010111101001001110111110101111010010001001000001110011011101111011011111000010001011010101011111100001001101101111111101010110101100011100101001010001110001110011010101110101001111101111111010111 
00011100011111001010100011000010100101110000011011100000100011100110111100010101011011110101101101100101111000011011101010000110100001010100101001011000101100010010000100001110110101111100111001101010010011001101101110011111011110000001110101110110011000010110001110111100010000001110110101111110000100001110010001111101101001110100001110011111000100001101101010011000111011011001001111111011010101000001011100100000100111101110000001110010111011010110111001001110101001110110010010001111000001111110001010011001 
11110100101100100010000011111001011100000010010001001111111001000001010000011011001001100100111010010011100111101100111001111000110011011100000101111010001110011011010010000100111010100110001010111101100010110001100001001111011011111111110001010011010110111101110110111110011111111101110000110101100010111101001011101010111101001001110111110101111010010001001000001110011011101111011011111000010001011010101011111100001001101101111111101010110101100011100101001010001110001110011010101110010010011110000110011101 
10101100111111100101100100101100111111111110000110111001010110001011110011110010001011101100011101000000100101001000000010110011110010010100001111100100111110000001000011101001010110101000000001011100000110100110101000010100010011101110101000001100011010111101001011001110100101010101010000011010010100111011110000010001000011100110010011010110010100111000011100101011110000111110111000110001001001101111001010100000001110100011010101110101101010011110000000001111000101011111101101000010010010110011011100111011 
00110011000110000000101011111110001100100010011111011100001011110100000000110011101001000101000110010011111011111011101010110010011010100100000101111010001110011011010010000100111010100110001010111101100010110001100001001111011011111111110001010011010110111101110110111110011111111101110000110101100010111101001011101010111101001001110111110101111010010001001000001110011011101111011011111000010001011010101011111100001001101101111111101010110101100011100101001010001110001110011010101110101001111101111111010111 
01110000010111000000011000100001011000101110111110000001010010001000101000101000000011010001101011100011011100010011100011111000010111010001000010100100011011110010010110010000110110011110110010000111111010101001011000000100011001001001010000001100011001001101001010110100100100110011001010101001011000011011110010000101110000010011010010001001111000110001010000010110100110101000101101111100101111001010001011011001011010000001101010101001001011011001001010010100000111111110100001001011111000011001101100001011 
01101110111100111100111010001110111011111000101100101110110001011100010011110010001011101100011101000000100101001000000010110011110010010100001111100100111110000001000011101001010110101000000001011100000110100110101000010100010011101110101000001100011010111101001011001110100101010101010000011010010100111011110000010001000011100110010011010110010100111000011100101011110000111110111000110001001001101111001010100000001110100011010101110101101010011110000000001111000101011111101101000010010010110011011100111011 
11100000001000110101000110111000011011010000101000001100010100011100101001100110011001110000101010001100111110111100110010111011011011001111011000101010101100110101011111000110011000000011011101111001111000010110111001110111011001100100000100010100100110001101010011011100110101101010011100011000101100100100010011001001001101101111010101101111000100110111111101111000001100101000001011011110001100001000111110111001111110100101000100101111101110011111011001011010100001101000101111010000101011010010111111101001 
11001011101001011010011011010101001010000100111111000101111010111101011110010110100100010111011011110001001101010011101010011010011100011000010110010110100000000111111000110110100011101010011000000111010011101000011110010100111110001110110000001101101000101110111001101001101000000100011110100011000001101100110111100001001110111000000110001001111000110001010000010110100110101000101101111100101111001010001011011001011010000001101010101001001011011001001010010100000111111110100001001011111000011001101100001011 
10011010010001111111010011010111101110111101000100011011110111010101001111010111000001001111011001000111111011010101000001000100011110100101011101110111111010101110100111010000110011100011000000000000101010100010101110111001000111001110101010010101101101111111011000011101000100100100111010010011000100111000011010011000100100011100110110001101011110101000101110110001101110110110011010100001011100111000100011110011011011001000111111101010110101100011100101001010001110001110011010101110101001111101111111010111 
01000111010000000000100011110001010101001100001100110101101010000110110101101101111011100010110011011000001011111010101000000101001111100111100011000101111011110011101100101010111110000100011001011111101101001101011100101110010010111110100111000110101110110011110001110011110110100011010100111110100001110101011000111110000101000000101110001101001000010010110001101111001110101101110010010101101110100011010110100111001001000010010101111110011000101000011001001110111100100111011000101001000000010101101111010001 
01000111010000000000100011110001010101001100001100110101101010000110110101101101111011100010110011011000001011111010101000000101001111100111100011000101111011110011101100101010111110000100011001011111101101001101011100101110010010111110100111000110101110110011110001110011101010010010101010110101100110110110010011001111010000010100010101100110101010111011001110011010111111111001000011101000000010011111000110000011000000011001000110101010010110101001111100110000001010101010001001011010110011011100000001111101 
01110000010111000000011000100001011000101110111110000001010010001000101000101000000011010001101011100011011100010011100011111000010111010001000010100100011011110010010110010000110011100011000000000000101010100010101110111001000111001110101010010101101101111111011000011101000100100100111010010011000100111000011010011000100100011100110110001101011110101000101110110001101110110110011010100001011100111000100011110011011011001000111011101100110101010110001011000010101100100100101010100011101001111101111111010111 
00000000101101100100110011110001110111001100011110010001010100110001010101111000100001011100011111010110100000101110100000000100110001111010000101101001000110100101001111110101101111110101111000000111111101011101010110111010100010111100011011010110011011101111111000001111000100000001001111001101100110000110100010101001110101010011101011100111001101100001001000000100011101101110001000111110010100111100011001010101111100110000111100111110110101100011100101001010001110001110011010101110101001111101111111010111 
10010010101100000101110111101100111101001111000011110000011010101100001101000000111001101111000010010111111000111000100010111100101110000110010010001001111000001110111011001000011100101110010011001111000000101011110110110000100000110101000011000011011011000100100000111011101100101111111010111100110111101110110110011001100111110011000110010000000001001111101111010110000111111101001101101000011101001000100001000001100101010000101001100101011110111001011010000011110101110000111101010011011110101011101111010101 
11100010010101111101010111010101111001001111100110011000110001011010010000110111011001110111100010110111111011111011101010110010011010100100000101111010001110011011010010000100111010100110001010111101100010110001100001001111011011111111110001010011010110111101110110111110011111111101110000110101100010111101001011101010111101001001110111110101111010010001001000001110011011101111011011111000010001011010101011111100001001101101111111101010110101100011100101001010001110001110011010101110101001111101111111010111 
11100111010111011011010000111101100110011110100011101111001101101001010101001111101111010011011011001111010010101000101001011011110010100100000101111010111001010101000100001111001011101111111110110101111101001101110111110111000000010100111000111111011111111100001010101110011111111101110000110101100010111101001011101010111101001001110111110101111010010001001000001110011011101111011011111000010001011010101011111100001001101101111111101010110101100011100101001010001110001110011010101110101001111101111111010111 
10011101011101111101010111010101111001001111100110011000110001011010010000110111011001110111100010110111111011111011101010110010011010101100111101110111111010101110100111010000110011100011000000000000101010100010101110111001000111001110101010010101101101111111011000011101000100100100111010010011000100111000011010011000100100011100110110001101011110101000101110110001101110110110011010100001011100111000100011110011011011001000111011101100110101010110001011000010101100100100101010100011101001111101111111010111 
