10101111010111100111110011101101000001011111111010010011100110000101000000010010011100001001111111000001100111101011010010101101100001100100000101011000100100000101001100100001011000010001001110101101001000010110100000001101001100011010101011101101010000010110001100111001000011101000000000100010000000001101010110100000110100110010101000010101110100011000110010000000001100001001011010111000101111011010000000010000100000111000100000001010001110010001000011010100100111000001000100100001001011000001001001101001 
00001111110100011101000111110101101000110001000110000110111011010110011100101111110010010011011111001100100101101111011101001000111000011111111010111100100000110001100111100110101100101011011110101101011011110010010010110111001101111100111011011011010110101110001100101101111100111000011010011100011101100001010111101111101111101101100111000111110000110001100001111101111110111100100011101111110101001001011101011100011110101100101111101110101111000111111011111111111111011101011000111100110011110001101110010011 
01111011110011101111001011101111000100000000000110101011110101101110010110010111101110110101110100011101100110011101111101111000011110100011111001101111101000011111010100001101011001010110101101111001101010001010111110101110100100101110110001011111111001100011111011111110100000110110111110111100000110001100100000100101100010011100110100010101000011011111011101111110011010010111001101110111110110101110101010111110010111110000111110010110111101010110010100011111000001111001011000110001010011110101110001000110 
10011011011001100110000110011001111011001101001010001101011001001000110110100101001011110011000001000010010011101000000000000000111010101001001000100100001100101101000000100001001000001011000000101110000011010001100110110011000101010111010100010100010110110010011000010011111000100010010010000111000100010101010101110000001001010111001101110000100101100001011100001000100001110000110100101000000010110011100011010001100100101111000011101000010000100011100101101111000010000000100100111101111110010000110000001101 
10111001000001001000010011010000111010010010000100111110010100110110001100000010100110110001001100000000101101000001011100011110111101010000000110000010110000010111010011110000011000101000101011100100000010001111110101001110001010010000100100100010110001000101011000101100010100111100100010111000011010001001000010010110110001111010010011010000001011000000000100001000110111110010011000100001101100110110001110100101111000010001010011001000111010101000100111000101111100101011101001001110000110001101000110001100 
10110000000101110110011010001100001001110001000101110011011001001110011011110010011110100011110011000011000010100010101011100100111011010110110101010011010010000001011100100100101100000010111000110011100101111011001111001011110101001001000000011011000010110001100000000001010100100001101000100000110100011001011001100001100101001011010101001100100010010101101001000111010000001001010010111101000011010100100100011100100000100010011000000111111011011011001011000010000000001011101001100010001001100000111100101100 
10000000001001101001001010011111100111001001101000000000011001001110000001101000100001110111001100100100101010001001010101000110010010101001011100100001011001001000001011010001010001011001001000010100101001000000000111000101110110011100101110010101111100101010010010111010101101001010101001000100000101110101000001001000111100100011001010111100001011001111011101011001111101001010011110110011100100101111010000101111000110000110110001100000001100000101010011001101011101100010010011001111001001000100000001000010 
11010011101011110001100100000010010110001110100101100100001000001101100101000110110000011010011000101101000101010101010001010001001100110110110100011101000010100010010111111101000110001110010100000010111001010001000001111100000110000001110001111000011110010110000010000100010011100100100011001100010101011100111111110101100010000101010100011000000011100110001000010000101110101001100001011100011000110011110100110100101011111001000111011010101011000101000111000000101000000010011000100101011000100101010000000001 
11111110010111001110001100100001001101000101000110011001011100100111100000010100000010000001100011100010100101000010000111010100110100111001000100000110111100011011011100110100101010011001111110000100010000001001100101001010100000101100110010101101001001010111101000001110101001100011000000100000001010001001100101001000100101100101010001100110101110001110110001100001101010100101101000010100000000000010011010100110010111000110001011111000101010101010110110101001010000111010100000000110010110000101110101100001 
00001101100010011011100110101101111010100010100001011011110011010001101110101001111000001001100100010110010111011110011010100010011110010010010011001110101100100010010001111001011001100101011000001011010101100111000100100010101000011110000010000110110000000000011101110010010010100000111010010000000100010001111111000100110010001111000001100100010011101101110111000011100010001101010011010001100000000011000011110001010000001100100010001101111000100001000001110001000100111101001110000101101100110011010101001101 
00011110101000001011100110110000111000001001100010011101101001101010000101101011000111110110101001011010110000011010011001100110111000101010100100100100100001001000111000111000111101111011101110110001010101000000001110010001011001010110100000001000010000011000000000100000111001111001101011110001010001000100001110100110110100111100001100101001010000101010100111110101110100001000010010001110110110101110011011001100000001110001100101010001111100010110000111100000101101100000000100000111111100001001110101001001 
11111010101100011001011111110101001001101011011001111110010000011101010101000000011101100100111001111111111110001100010111110101110011111010001101110101011100111110110100101100100101111111000010000111110101000110101001011011100111100101110101111010001011000111011101011011000100101000110110000111110111000101100110111011001111101110010010100111001110001101110101101011100111101000110110101111011000100001110000111000111000001110000011110111101101110101010111100111000110110101101000111011010001001100111011001001 
00011110111011011110111111011110111010000111111110100000010010011101111011000101001101111010100010101110011000101110111011001011111100011111101110101110010011101011101110110111010000111011010111010000100000111111111011001000011100011111110001001100010001001000001100000011011101001011101101110011101011011100010000111001001110000000110101110001100110011011000001110101001110101111000011111111011011010001101111111110010101101000011100100001111000111001111010111011100111111111001000100110101011111110001101011101 
11010110110010011101010111101111110100010001110111000010110000101111110110101010000011110100000011110100100111100001101011110010011100100111100100010011101011111101010111010111100011101001011000111001110100101001010111100011010111000110111110001101100111010000101010111100011110111011001111001000011000011111000100101111101011010100011110110000000010101100111101010101111000101011111101111111010010001010011111110011111010110011010111011111011111000000111111110111011110111001001010100001110111000011100011001111 
10101001101101011110100011110111110000011010101110000011100111000010000000110000100011001000010100100001000001110111100001011000011111010101100011011000010001001001010001111010011010000001111001011000011010010110010110101101001110011010101110000110010101101000100010100101100000010111101110000001001000010011010001000100111100001100101000111010001000100100110010010100101010010001011001101010001101101010001101000111010011100001010000001001010111001010100010000001001001101010001111001000000011111111011110101011 
00001000001111101110010111110101000011001101100111001100100010100001111111011111100000100010010101111101010110010100111011010110010101100110111110111100000111101001101101010000011001110111100011101110111010000111110100010100110101110000110001111100011010011011111110111010011101001000101101100111000110011011001000011011111111100011011111111110111110000101000011100111011111011100100010001101010000100101110001110101111111111111010010100100110001010010100010100111010110001111011101011111011011110000110010011011 
10101000110100100111110010010010001011011101111101011101001000010011010000110101110011000101100111011111011011010000110110100101111110110101001010010001000110110001010010111101110011111011101100101100010111100100110011110100011101111111000111101110010101101100111001101111101101101111100110001000000110011101011011101101000011111011000101010011110110010101010001100100111010001110011011101110010001111000011100110011010110111110001101100010000001001101010011100101101111010110111011111000011111011001011111111111 
11010010111001001000101111100011011111111000010011001101100111010101011111111010111111110111000011011000001000101110100010011110011100000101001101101011101111111010001110011111101111011000010010000011100111100100011010010000100100110001011011110010001110011100111101111111101100001101110110101110101100010010111010101100001111100000111110011010100100111110100010011100100001010101111011110101001011011101000000101100000011011100001100001111101000110100000001011000111101111110000010011100110111000010001011011101 
11100110010101001010000101100100011100110001010100111001000011101010000010010100011001000101100011101000000000110010001110101001110001111110000000000110010101010001001100000101101101000001101111001101010010010100010110100101111001101010111101101101001111110110010101011101011011110110001000100100100101001101010110100011010000100001010110100101001010000110100110000000100111110100111010100000110110010011110000000111110111011011010110101100000011000111111010111101001101101101000100101110100100111111100000000001 
10011000000010011101010000011011010111110010111000111100100011011111101111111110111111110000000000110100111000001111011110100010100000100101010000100100111100101110100010011010100000110111101111011101111110101000101010111010001100111111011101101011011010110101001011001010101110010101100110111111100011110110101101110100111101011010101010110000110111110101110010110001000010001011000001011000111100011110010101100101011010110000001111100011101100111000110000101011010010100101110000011111101110011110101100010111 
10111001100111100110100001011011001011001110111011101100011100011111101100000110011111101011010111111100011011100100101001010001011001110001110001100011001111100000000111010010110010101011011001101110100001111011001111011100110101101001001001101000110111111010000001001101000010111010100010101010000001101001100000000111110110101011110011101001001101001111110111100110100111010110111110001110010000111100010101101011101100000011011100100000111011011011100000001111101100111011110011001111001100001101110011100111 
01010101001011000011111010000110010111111010101111111001000111111001000001010000101001000100100001010011110010011000111011110100000010001001011100110011100110001011101000001011001001010010000111001001100111101111001110101100111111000110100101100100011001011001110000111010001100000000100000001000110010011100001011010100100001111010011010000000001111001110011110001000010011001000010110110100000110010110010101100101001001010010000100110010010110110000110100001010110001100001101111010011000100000101101011000111 
10110101100111100100000010000101111010111000000001001011100010111000111111001010100110111101100110101101010001110111101001110010100111010100001010111110011001001001110011101100010101110001100010010101110010101000101100100010111011110100001000100011110011011100111001000101010001001001011110000110100010001001100100000101100010011010000010010101011101000100111101001100101011011011000110100010011110001000010110010101110010110000110000100011100001011000110110110010100110011111000000111100110001110010101111101111 
01110101100100010010101110111010001111100101100011101110110100101110111011101010100111010011101000110110011100100011101111010001011110000010111000001111000011010010110111011001000111001101100111011110111110001111111011000011011110101101101101010010110011101101101000100101100100010011110101000111010111011111111100011111011110000100011101000110101011101110010101111110000110110110100000001001001000110100000111101100011101011101010001110111010001111100111001111010001000001100011101111110110011111010101001100101 
11000010100101000011000110100111100111011000101101000110101010011111101001010110000100010001000000101010000000100000110001010000111111001100111011011111001010110011010011010001110010010001111001011100100110111011000001111001011001100010111111001000011001101111011111100000010100110111010101011001001100100100000111111110101001001110101001011101010001001110111111010100010011100001101001101011011001100010001001001110000101000001100101101110111011110010111100100100000000100011111000111000101001010100001110111111 
00010100001111010110110011011010101101011101100101001100001001111110001011001100000001110010011001100111100011000101100101110101010001111101100101101000010100011111001000101110100001111100001101110111010111011100110011111011110111011101101101011001010101101111100010110100111111001010110110100100001011101100010110100100010001100001011101110111110101010010100100110111001011000000010000011100101001000110101111001001101100110100011001011110101010111110100111000000110110010111010111011101000000110001110101010011 
10000001011010000111111000101100001101111011000101111011101000001100001100111100010101010001011010000110010111100101010101110011100001100001001010001000001000011010111010111010110100010110101100101000001011011001110110110010100100110000000110111010111001010101010010000010110010100001000001101001101111101010001101000011011011100111011111101111100010111101001001010011101010001001100100111100000001001001000000110001011001100000011011010001101111111010100110101000010001110011111010011111010110111011010010010001 
10110110111111101101011011101011001000100000011111000000100001001111001011110010011000011001110000000011010000001100100100010011100000010010000011111000010110111000110001100000100001001100001001000111010101011110110000110100001000001011101111001011111110000101101010000110000011011011001001001100010100010110110001000000010110001101110111111111100001100100111010011100010000110010000111100011101010001100101110110110000110000111101111001111111111010010001000110010100100010100001110101011001010111001110001010001 
11000010100001010010100111111000110111111101111010111010110001110010111110001010101101000111111000000011110000010011111001100011011101111111011010101000111101101000010000110110000001110011110000010010010001010111011000000101100011011101010101000101000011011010100011100110101110100010001010100011011010100101000001001010110111010011010011011000010100000001101000001110001110110001000000001011001101000110101010111110000110001100100100011010111111010111101010110101110100110110011111010110001101110011010001110101 
10101010011010100101010100101001000100010111111110010010110101110011101100011011110011001101010000110110100100100001100010110101010001101001011101111111111101000100111001101110101110100010010000110011010011000000011000110111110111110000111111001001000010110110110110011011000000111000110100111100010110001011101110000110110001101110001111010101011000100001111101001010000011010010110100100000100010011001100000000011101011001001100011000101100101000110100101010101011011100000101111101100110001110100010010000011 
01110000111100101010101000000010001100011011011011101011101111111011110010001110000001000000110110010011110110000001011010000010111011101000000011001100101011000101010111000001111101011011011100110001010010000111011110011111011011000010100000100000101100101010000101000001101101010001010110000100100111110100100100010011100010110010011000100010010010110000001101010111000011100111100000000000011101101011111101100010001000101010100001011101111100101111001000010110111011100110100110111011111101101011001010110011 
11111010111011010110000101011010100010110100110110100011001011000100000000001101101010101001111100101010010010001011111100110001000000110111100001011010100001011110111001000001100011000100100101000100111011101010000010011100000000100011000110011000000111001100011011101101100001110110101011000010110000100000111010000100101011001011101001110111010111111000000000111110000000000010100010011010001111001000011011110011110111001000110000111010011110010110111000101011000000001001111011111100000100111010000000100101 
00110011001110111111001101010011100111001001111110010001110100100011001111111110111101101101111000101000101100111000111000000111011000001110010010110001011101101010011100001101011100001000000001110010111110010101010010101011010010110111111001011101101010110110001001111110000110100010111111000000010001011110000100110010101110001000011110001110100110011010011111100101111001101110101001011110110111110101100101101111011011110111001111101100110011110111000011011101110010000010010000010111001001000101110001101111 
01011011100111010010110110010011000011001100010111110111101010110010001011000100001111111010101101110011001011011010011111111000100010111001011001110110111111011010100110111011111101110110111101001011001010100001110101101110011111100010001100100000111010010101100100100001110000101101111000100001011010101111101011011111000000011101110010101111101100100110011000010101001000010011001011000010010011011000101111100000110101010111111100110001110011111100000101100111011101110100000001010100011111111000111100010011 
10010101101010011011111011111100000011101010110001001110000111111010011100111101110001110111100101010101001010110001110011010111101110001001111001011001001010111001100010001001011011101110101101101010010111100110000100010100011001010001100110011011111111000001110011101011010001110111101111110110011001110100000001100110111110100010111100110101000000010101011010101110010100001110010111111011101101001100010000001011001001110001101100001101000101011101011011011100101101111111010101010001110001111111101111110111 
00000001010010100010110001111111111000010001111110010110101010000000101010010110001010001011000011011111000111100010011011111010010001001110010000001000010111000100101011100111010101010010010100011011000101110110101010110010000111011111111000111100111100011000001110110101111011010111101000010001000000100100011100110000011011001010000001101011010001010110001110011000110000010110110000101110110010100100101110011101100101001100111010101110100111100111001001111100110101000000100001011100101000111011010101110011 
10110110010100001100001000001111000011001100000010010100101110011101100010000001101100010101010011000110110110101010010100110101001110101001110000010001101001101010100010001010000010111110101111110000101100001110011111110011100000110111100000101001100110110110101000010101001111110100010001011100111100111011100111111111000010101011000111011111101111011011001001101010011100111110100110001101110010100100111110011101111100010011101011100001101010001100010101111111110110000101100000001011111100010001110101000101 
11100100001000001111001001010101011110110100010111001101100011010000101110110100011100111001010111000000110010001000001000010100100111010001100101000111001110011000010011011010101111000111101011001001000011111000110100000000000001001011110111011100111100101000110011001000001111110111010000011110111101100111111111101111000001110010100010111000001110011111100001101110100011111111000100110001101111011000101011011001101110011011001101001011010110011001100000101010000000101001001001000101110101000110100111110101 
11110001111011111111010101010111111010011010111100000001100000000010100110000001100110000100101001001000101100100011110010110101000100100111011000010110100110100011010000100111000000110110010010000011011011110011001111000101011101001111100001111100101110101111101101111100110001110101011100000110101111110000111000111000110110000101100100011111110111000010100001110010000110110100101110010000110101010001000100100110001011010110111111010010101110010110100001100001101111000100110011111111000000110001001110000001 
01100011110000110001001101000110010010001001010100110000010010000010100001000100000011011111110110010000011100101010011001001101100000001010101001010101101010001110111010110111101110101001010001011000101000110010001111101100001000100100001010100100011111100011011111000001010000011101111011111001110110101111111111010011100110010111000100010011001001101101011110011100010010110001101110110001000110011010110100010110010010101011110100010011010111010001010000100010011011111100101010100000111001011010101001000101 
01110111110100100000101001100010110000101111111110110010001101110100000000000000010001001101111111011110100101111011010011001000001110101011000011000011010000011011111000100111000110000101111011011000010101001111010011010001100010000000101100101000100010110000100101001100101110110101011110111101111000100011000010000000001000111010100010000000001101111010111100010110001010100011110010110111101110101010001100100010001000010010011110100111001110001000111111111000010111110010000011010000110110011011001000011011 
00011000000110001111111100100111111101110110001011111111101111111001011100111110111101010000001001101111010101010000111010110100100111101111011100100111111101111001100111011011011011110111110100101011110101100101011000011011010111111011110111011101000000011100010000111100100111110010011101100001001011010111010000100000001000101000101010101011010001010010011000010101111010101111000101001100101111011100010010001000011110101100010111100010100100101000000010011011000100110001001101011111111111100111010011111011 
01011101110100100010011101111111010001011010111000100111001010011101101010010110100101101000011110111101100101101111010000110110111100101010011101111010100101110101100000111111110000000011001110101111011011000101010000011101110011101110111101101101100100111100011111000011001101011000111100110110100010110000111110101101001001001101010011111111011000000000100101100111010110110110100111110100111111001010101101110110101011001011101011011010100010000011001100110100101011000000101100011001100111110000111111111101 
00111100000011001000000010001000000101101001110001110110111111000101010010010010111100101001011100100110010001100011010111001101011100001110000111000010001101001001111101010011010001101010010101010010110111111000000011000100110001001101001101110000010000000010011010000101110011011000111111010101000001101010110110001000001011101000000100010010000001010010110001111000111101001101011000111101010011111101001011100011100100101000110011010001111010000010001001101010110100000011100011011010010110101000110010001011 
11100111011010000101010000010011010010100101101011110101100110010101100010111100001110101001010111011111101001011101100101011011000000100011000001101101010111101011110010010001111111101011101111010000011111110101101000110001010010010111111101000101011111101110010111101110100010011010011111101111010011011110000111011100101000010101101111111001011100101101010010111000000110110111011111011000100000010010000011001011001101011000111010110000101100011100010010000100000011101011000011100111100010010010001011100001 
00111010101001011001000100111001101100101100101010101111101010000011010011110111100011100111011010011101011101001111101010100100011011100001011100011010000110011101110010011010011000111010000000111111001110111010111011111100000100101101101001011010000110000111011011100011011111000001110111101011110000111101101101001001001001100001101100100000001101101000100101010110001111110100010100000000101111101011110111111001010110000101010011100010101101111110010000111001011011010011111110000110010000001101100100001101 
10110111010011001111110001100100101110101110010010001001010100011000100001001000000011010100001100011000001001011001101010110111100110011001011101100011111011000001001011010010101101010010001111101101001011100001000011000101101001011111100110110110111100000000011100110000011011011001111101100011110110110100011101011100110001101101111111110100000010110010111100111010100111000000001100010001100000010101101110010011110110101001101100111101111010110101010000111001001001111111100100100000011110000000000001011001 
01001000010000011110001001111001001001110000111100100111110110010011111001110101000010100101100110110100010111010011111000000000100100101111101100011001111101111111010011100010000110111111111111011000111010110111011000011110000101111101100001001011110101000111010011111101101010110011111010011100000101111000111111101000111011101100000100111001101000000001011000011110011011110100001011100011000100111100111111001001100110000000101011010111101111101110000111110101111110101000101110001011100110111100001011110111 
11000001011101011111010000101010010100111001001111100101101101011011111010111010101111001011111100000110010001011011111111011111110011011000010101111110111011110110000001110001110100001000110001000110101001110011111010000111111011101001110000000110100110000000110100001101101100001111010001111000101100100101111111001111111111001011111110011111000100001011000111010110011011110100101101100101101011110101110010001110110101100101100000011101011111000010111111001011001111101100010101101011000101100101111001101101 
11001010100111010010011010010111101011001110110110111001010011100010001111010101011000110110001011011011101011100110010000010000001110110011001110000101001101000011111010001111001010011111001000001010011111000011010111010101100110110010001100000011101010011111011000101010010111011100111010110101110000001001110100000000000010000101110110010101101110101111010101111000001010111000001011110010010011001001101110000010111011100000100101101001011000000111001101001110011111000000000110111011011110101100110110110111 
11010100010011010111011001100111001011111100000111001100010011101111000100111010110001111101110000001100000110001101010011000100010000011001010010001110011010010011001011110101000011000011000101100010100011000100101001001010000000100010010110011101100111111101111000101110100100110000000111111001101000000100000001101011001010101111011101111111110011000001001110111010011000000011010000111100001101000101011111010110010100000111101001000100011101011100101100110010010110000101011110000100000101000101110100101111 
11111110111001000101110101001111011000000100000111111010100010110111111011000101001010011000101010011011000011110110100011000101000111110101101110011100101100110110000010010111101110001100110011101011010010110101101010011001011010101111000000000011101001010110101101110100110111110100110001101001001010111000110011111111110100111110100110100111111101111001011110011110010001010111001111001101110110000000011110001001010100111110011110111111010111111011011100100100100011110001000101110100110101001001111111001101 
00100101100001000001101111101101011101111011101000101010101011110110110111011011011101110100100101010101001110101000110011000001110011010100000110010010011101100010101111110110010001111001011011011000000101010001111001101010111010111011100010101000111001111101111000111111101111001110110100010100111011100010100000101011010000011111111000101111100101010101011010101000011011110010000101111101101000101011001100011011110101101111111110110011101000011100001011101111100110110001001101110110111000011011000101111111 
01000011100111101001100111111111001000110001100100100011111011010001000001100001010011100101011000100011111101010000100011001001001110011000001111111110010100110010000111111010011010000101010011100000000011101101000000011110111101111111011010100001011111101101011011001110111101010101010010011001010101111110101111001101011101101011000000010011101110101000111001111111000110001010000010000001110110110001111000110101001010010101100100100000001110000010000111010110110000001100010011110111010100100010011011011011 
01110011110011101010101011110011110000101101000010100011001110011101111111101011000000011100011110011000111100011111100001001010010111100001110110001110101011100000111011000110110000011011101001001000110100001011101111010001110100001011000010101101011101011111001110000011001010111110111000101010010101111100001111111100001000011101101101110110100100001100010111000001110110010001101000110001001100010001100101000100111111011111011101011001110101011101000110101001001100100000100100111011010101100101110010110111 
00010011101011110011010011000011100110011100101101101000110000100110100110111111000011111100110011101100001111011110101000011100101000111110000000101100010000001011110000100100011101001110101111111110010100100000111101100000110010011001101111010111111000111111001010111011000001010000010011111111000010001011001110111101111110101100001111000111100101111010011101110001110100010111111111101001100011101101100010111110000001111001010010001001101001000110110110001000010010111001101100011011111011001001101011011001 
00011101111101011000011111110110101000011100110101000001101101100010010001001000100011001100110011101110111010011100001100100011101011111101110011001001001011110011000010101010100011100110101101000111010000110011110001111011111011101100100110101111101001101111100101100111100101010010110010001001101001101101111111110101111000000111101100000100110001000000101011111110111011000010101010011010011101000101011101000110111010110100110000010011111101000011110011000000101010111010101100011010111010001111110100001001 
11110010010000100100100110011101010101110110111000010110101111111001111111101111100011001111010001001110010110000101111110111111010101001001111011001111011011011110000101011001110100101001001000100011010001010000010111010001011000011001100110111101010010001011001110011101011101000000010110011000110101001000001101110010011001010110101110100001000000010110110001001110000001101001011001010111001110110000011111011011100001101000100011010111000001111100111110101001010101000111110001101000011010111001101100100001 
00010101111101010100110101111100010101001001001100011010110100000000010010110001010101110110011111100011101100001111001101000100110100110101010100000011101000000001010000101000011111010110011001010001001100010010001100000000110100001100000010000101100110000001110101101100100100111001001100010010010100101010110111111101001000111101100110010001010010111011011011010010110010111101101000001100001011011101011011110100110110111111111011100010010010100010110001110001010001000001101001101010001011010000001001001001 
00110100010001010101010011101011111001010100100000001100101001101100011110101111000010111101111011110100110000011010010001110110010010101010110111001111101111011101011001000000110100010100010010011000000101111111011010101000011110101101111111001101010111110101010001000111010011000110101010100001010011111101011010000010010100001010100101100111100010100101000111110101000000000001011011011111111101001111001111110000101101000100001110011010111000000100110101111100000111110000101010100111110000011100001001101101 
00011110010111010101000000111101010001101100100110111100000000010110011100110010100010101110000001101110110100000110101100011100100001001011101100101000110000101100101110011110100100100000101011001111101101001011001011001110110001011000000101001101000001000111011010111110010000101100101001010110011000000011111001010100100000001101000011111100011010110001111101001100100111000010010101000100001110110110101111111000011110001110100000110000010000100001011000010011100001100010010011101000000001100000010010100111 
10100101100100100011101100010001110000001100000010001000010110101100110000101111101011110110011100111100011001100010101000010000010101100100100010001111110100011100001110111100110000101111010101000011000000110111101001000001000001100011010110010110010000010000001000001100001101001101010000101000011011110111011000111100011011010000010100000011111001001001101100111110110111010000110000101110001011111110110001000110010101110101110110110011101110010010101011000100101100101101100100101010001110010011110001100001 
00010000100100001111001111101001001011100010001100110011111000110100010010000101001110000010011011111000111010011101100001100100100000110100101000111101011110000000011000000010100101100001001101010000101001010110100000100010110011011110011001100011010100100011100001011011001111000110011111010011111110100111101010100100111001000010011001001100010100010000001111001000010100000000011100101001111111010101001000001011111001111011011011001100110011110000001100000001001101100000100010001011101000100000011011001111 
10011110001001010111101111110011100010010000010100110110111111000111111101100001010110000111010001111001111010101101001001100011111010111001111111000001111001100011100110100110000110110011101110101011100100000011000110011101101101100110010001010011101000000011111000011100011111100101110001110101011001000010111101110001110011010010111010011011001111000011111100011110111011101001011001110101011100000100011010111010101111010100101000111111100110101011010010001011111001110101111100010101011111001100011001000011 
10011011001100010010001010011111111001010100100011101111001011000010111100111001110011010110111010101101100011001101011101100011000111101110011010001010110010111111000000001110010000101100110000010000011101010110001101101010111111000011101110000001100001000010010010000010011000011101010111001110110010000010100000001101101110011000001110101011101101111101001000110001111111101100101100110100101100000101101001010011101101110100011000110111111000000110010000001110011100011100110001010001000100011000100011011001 
10011110000101101110010001100110010011000011010101000001011111110001011100111001011010100001100101100110000010110001111100001010010110101100100011100111111100000001000111101000000111010111010011100011111001000111011100011110010101100000010100111001110100010001011100110101110100011000101111100001010000010001011001101010000000001100001011010100100001101000001000010111001101000101111001000111010001100001001111110110011011001000111011100010001000000111011111000001010110000100011001100000100011011011011011001011 
10100001110111001111110010000101101011000110100101111110011001011110110000011100000111010110010111010001010111000000100000001011011011011101110011110001101111011101011001100100010100011111110100110100111000110010010001011111011111110101101001001000110100001110100001110001101010111000110111000100110110100010101111010001110110000110011000111011101101010101110000111110011100110100101011000111011111100111001010100100001010110101110011010100100011000001000000101111000000101101101010110010111001111101110111011111 
01111100110101101010010010000010100100110011011101101101001011100110110011101100101110100000110101001011010110010010011000001001110000101101101110110000011001110100000100110111110000011010110111000110000000100000110000000010010010010011000010110000001100001010001001011001110101001010000010100010100110001110101101101100011011101011000110011101011100010001111100110101110000100001010000111111101100111001001100010101001000010111000011000011010100100011010100000101100001100000111101011001001010101111001000110011 
10011010010011110010100010010001010001001010110100000110011010100000010000111111000110100100111111001001101111000001000100000000101100100001011101000010011011010111111100001110101001001010100110101100011001100001010111101000010111001100001010101001110111011101000110011100010011001010100110010011011011000110001110011000100001101111100111000000011001111100001000000000010101111111111001011001001101011110110011011100101111110100011001010101011000010000111011111001101000001000010101111001001111000000111010010101 
00101000010110010100011011100010000110110010100101011000000111110100101011111110111101000000101101100101100100001101011011010111011101100000111101110110110010110110101011011010010011011101110110010001011010110110011000100110100000001000101111101001101001110001000010111000011111111010011101101001011011110000011100001111100011101110001011100110001010101111001101100110000110100010111011100101110001111100101000101010100011000001100011101101010011101111000011010100011011000000010101110001110001111001010110111101 
00111011011111010011000000100000001110111101110000100101000001111011010010011100001111010001011011100001010100010110100011101000010010011111001101010011010010001110001100110001010010100000101100001100000101101010110010100110000001010101011001010100100001100111100011011101011000111001000011000110000010010100101011100101010100001110100111010110101010110011111010010111101001101111010111110101100100000011111010010010000110001110110000011010100000100101101000101000110010001010001010100000010111110000001001010111 
10110000011001100111111100001110000101101101000100011011111100100110111110011101000101010010010010100110011100110100000001101110111010000011110010110110001101110100000000111100010010101111001111000000000011110001111100010001011110101101011100001010101111100001001010010101010001011111001101101101111011011100000001010101010011101101011011101010000111000010000100111100100011111010110111000101001000110101010000101111001011100111111101100101001001110110101100100011010001100011101111110010000010111010100110000111 
01110111000111011100001110000011100001101100110111110100110111100010011101111011011011010100000011010101001110111100101100001001011011010011101100000101001110001010111011011000110000000101110000011110110000011010011011001110001100110001011011110000010111000010001110100001010101101110011010100010001001000010110101010101101100001111110010000000100111111010010001010111001001000100101110001110011101010111110011101010110110011100101110110101111100001111110011010001111001100011101000110101010100100011001110101111 
10010110111100110100001010100011111110110001111100000001000011001000010011101000010100110110111111001000111000011010100011100110100010101001000111001111111010011110010111100101001001101101101100111001100110011111011110101001011010001100110100111000101111100100101010110011101001100010000011010000001111111011001001101100111101110101110110001010011010110101010101001000110000111110111000111011110111110100000001011010000110110010101110110101000101010011101101000000001011010110001000101001010101100110111001110111 
10100100110110000111110101110111001000111010111110110011111011100000011110111010000101110000001111010000101010101001101000001010111011010000100011011011111001011101101110010111010000101111011111100000100011110110111111001101011011110000011000001110000101011000011111001000010011111111010110010100101010100010101110111101000010001110010110100111101001111111111101101101111001000100010110001000110001000100001111010100011111100110010011011011000100100110101101011100010011001100111000111011100010110101000111110101 
11000111111111110101001111001000100111000000001101101001001001101100011100011001101100010110011001100001001101000000011110111111100000110100110100100010110100011100100000111110100001111011001110010011101111100100101111000000001100101001111100111010010111110110011001011110101111100111010111100111011011111111011101111100011000100001001101000100001011010111011111101001010001011111110111011000100111111010110101111001010000100111000011110001010110001111010101101111011000110101100110010110110010101011100100111111 
11101011110011101111000110001101011000011101001000000001100111011000000010011000000100011110001100010000001011100111001001100010001010001011001001111000111000000101101111110010010001110011000011000000000100111010011111001110110111001000000010110000001000110011000111100000000000001011100000000011111010100010000011110001011100001001010110011111110100111011011000010110001001100111100110011100110001100111000010101010101011100001111100110101011110110010100001100101011000010001110000001111111011001011110111010011 
01110100011001100110011110101110100000100111111111010000011111100010101001101111011000111001001000001001110111111000010011100101011001111010011110010001011111001010110111100011011010000001010000011101110100001001010100001001011101101001000100111101100111011100010100000001011110000001101000100011101001000010000111110001011000100000000011100010100100101111100010000101101100111100110000001100001100000001000001010011001100011110100001101111101011111101011000100000011011001100001101100101011010011010001110011011 
10101111101101111000100111010011111110001000110011110101011001000100111001110110111000100111000001101010111001110110000010000000000010111000110101011011110101100110000101010010000010100010010010110100110100100100011001011100101000011101011001101000101000100100010101111011000110000100000100110100100011101000111011100010001010001011001000001101111100000110100110101010010101110101010010010110010001000101000100101100010010011111101101111011000010010100001010001000011001000000110000011101110100101110011100001011 
01110101000110000010011010011100001011011000110100111000010011100110010011101101010001110011000001100001000010111010100011111010000101011100100000010010001101000101111100000110110000101001111001111011011000110000110011001110111010000011110000101110100010101100000110010110111011000011000110100010110010000110011111011110011111010000100010111000000100100010000111111001110001010100101000011001001001010001011011110100010010011111100100110110101101010010000101110111011000111101010001001010001100110000000110001001 
01100001011110110110011101010010101011110000001101101000010111111010011011001000000011101111001110111010110001010111100101110111011111011011101000000100000001100110110011011001110101011010101011000010011111001000011101001011101101100101010001010000010000011001111101100011010110011011000110011101011101110010101110010111010001001001110000100110001011101111001000111111111110111100111001000111011100010111101110010011010110001111101101010001111011011111110100111111011010100101010011100010010100110011111100000111 
10000101111010011010100111100101100100001110111101001100101000101011110111100011011011010000001111100110101011010111011010000111101101111101000001010011111111110001110001111111111101000110101000010111101001001100101101111010111110101101010100111010000011100000011001100011111110110100101101010000100001010010011111110010011000000111111110100100000010111101011101110010011101001010100111100010010100111111111100100001001110111100001101110100100001111111110010111101010000111100011101111010110111111110110111010011 
01000011111111110111101101101001011110111111110001100111100010001001000101110101111001101010101100111101010011000001011011111100001101101010111111111100001110110000101001100011110100110111010010101111111011110001001000010101010101001100011111010100100000000100110111101011111011010011110001100011000011010110101100100000011111000101101100101010111000011001100001110011101010110101001111011011111111100101100000110110010000101001111111000111100010000111001111000111001110101000111100111101001111110001010111000001 
01001000001001110100001001101010000101001001001100010000110000100001100111010010101111111100011000010010111100111111100100000000010100100010001101101111010101000000011100001110011010100000001011100101100011101011111101100010110001011010010111100111011001111001011110010111011101001111011000111010000100000101010110100001101001011000100101000100111010100000011001010100100010001001110011100000111000110000101101001011110001001100011100001010011100111111110111100000000000001010011000001101010110001001001010100101 
10011110011011000011101000111010011100100110011001111001001111001111100100001101011001101010001111011111111101110111001100110101010101110010111101100001100001110110101000001010111100010111101110110101011110111001101101110011100011001111101000110010111110001111100011010100010101101111101110100000011100011011111010000100111101100100111010100000101001011110010010000011011110111110111111010010010010101010100110100001111011111010010101101101100111101101010101000000110001111010110001000011101111111000001111000001 
10001000111000110000010011101001010010100100010101011110111001110111110101101011110101110001101111101100001111111101100101010110011111111111110001100000011000001011011010100011001001110000000010010100110101111000001001100111110110111111110100001011010011011001100110111110100011110111011100010000100010010011011011011011011110001001100000011010101001011000010001010001011000011111101101010100101111010011101101010111000101111010111101011000010010001010111001010110101101000110010001101110001100100011000101101011 
10100001100100000100010001010001000011010001011111010111100100101100000101010110011110000111111000011111100111000100101101100100100011011111111001100001001100011010011010011010110110010100001001001111011011000100000101111011101011100000000110110011011010110111000110101100101010110111010000100100100100001011111000111100111111101101001010010100001001001110110110001010111100000110111110100000110011001000011101011100101011010101100011001011111101000110111001101111111101000001010000100010010100100110110010100111 
11001001010001100100010111000111010101100111100100010000111011001011000001110101101101100011101000100001100111110010010011001110100000001100001011111110100100101110000010000110111011110000010010001000011000101011110000011101110010110110100000111100001100100010110011110110001011111101000111100000001000111100010010110010101111101000100010111001000100101001001110110010011100000011010111011011010011010011011000010111101010111001001100111010100001000011001101010101110110110010100010001101000101010000000101011011 
00111001010010011000001100001111000111010111010101100100001111000110000110010011010000100100110110100101001010101100100110001101101010010000000110100101010100000111001101111001011000111001100100100111100111011110011010010101010011010100011111110001101101010010111010111001010100101101110001100001101110100110100101100101101100111101011101000110001001011001111100001101010110100101100100110000010101101011010110101000101011100000010101111011001100100001111010101000110110000010000111010101000001000100011000110111 
01101110011001100011100001110000010000000010001010101011000100001101010111010011101111000100110110111110001101011001011111010100111010011010011101101000100010111010110111011100001001101111001011111111100110000000100101110010011101011000101011101000001101101111110110100011001100101001001111111100010000110010010111110101111000010010101101100101001111001000001101011001001001001101110110100110110101011011000101001000101010100110010010101101011101100001100101111010111011111011100000001001111011101001111111111011 
10101110100000000110000010011100100010110001010001110011110011101100001000000110001111100010010001010000101100101101100001000111010101000000010101111110111001001010111111000000101101011100110011011011101110001010001001001101000111011000011000011000001110010001001110100001111010011100011011101011010001101110101101110000101101000011111011100100101101111000101101011110011110110100100111011010111010110101000110010100101010010011010010001101111110100111111011111010110100000010001010011000100100001100101001100001 
11001001100101111111011101010011010111111101000001000001111011010001111111000000111010001011100100111000011110100011110110010100010110010100010001111010110110111011000111010101000010001001011001101110101100100001000000100110001110000001011111011110000111100111010011011111000110100101100000001110111010101111110001111101101011001011011111000000001101011011010000010111111011110111101101110001011010000011100101100101101101001100011111110001000101101111001101111111010010001001111011000111011100101101010000111111 
11001111010110110001011100000100011001011011011011110011110011000001110110011010100110101110100110110110010110101100110100111000010001001000000010001010000100101110001111001101001110111001010111001010011010000011110010010111101001010110001000110011001101111111100001010001011101001011000000111001111000111011110011101011111101101000101110100011111100001000100110000100100011001001111000111111000101110100110111010100110001010001110001001111111010111101000111001000110110000000010000000001110100100000011010011001 
10011101000011111111010000101000101011101101101000111010001100111100001011010100100111101111011001011111001101101111000100100011000100001010011000110100001011100100110000110011010000111000001110111000111010101101001100011110111001001110011011100101101011100101101100100101100000001010000101100010010010010010000001000100111110111000001000001101010010101000000011010100100000100101111010000011110010100001000100000100101100010011011101100010100101010001110011011000100111001011001100001110010111100010100001111011 
10100110010110110001011011001011001011010001111101100110000110011000111010000010101111001010111111100000111100110110100011000011111010010111101011110111101110110101011001110110010010101100011001010111101010110111001101001110001110110001100010001000010101100110011111001110101110001011000100101011011101111110001101011111111101111111100100001011000011010000000101100010010101100111000101011101111110110011010001010001001100110011010111011110110110001110010010110101101000001111011101000111100110111011111101010101 
11111101001000010010101100000001011010011010111000010001101011101111000010101100010111110000110010011111010000111011010101010101011101011111011110101001001000010100010011001000001010011101100111101000110111001110101111000000001100000001101110110010111111000111101000111011001111111011010010000100001111110110100001011110101010001110000011010101101010000011110111111001000101101001101011110010010001010011101111100010011000011011101101000000101111111010011011101011101111111011001101011000011100111111011101100011 
00011011110111110000000110011110101011010101001110111010000110101110101100111101000000110010100101011000100011111101001001010011100011011011111001011110010111011111001110010010101110010101101111110001100000001010111011111001101000110001111001101110111001111011110111001010101011111011000111011001101100110100000001111101001101111011111010001100101001101010001010001101010110111010100010000111111111100010101111010101011011010111000000100110010001001111100110110100010111010100001000111100111000011011011000010011 
10110010011010101110101011001011100111100001111111100101110110011011101000010111110010100001010000100011000010001111100110011111010101100011100101101101000110111001111000001011100011010011010100110110110000010000101000000101000110011111001111011010001000101010000000001111110000110001101100000111010100011001100000100100000010100000000011111101101011111101100010011101010110111011111111111110100010111110001110110111011001111000001110011110001001011111110101010110001010000010011000011000001001111101001010111001 
01000101100110000010000010111011011000110100011110001110001011101000010010110110111010111111101001000101111100010101000111100100001100101101111111001000111010001011111000001010101000000000010000111111110001110010001100101011110101100100100001100000011110111010011101000011001010010001110110100101101001110010110110100011111110110011101111011000111000100111111010000011111101100011001001010100010111100110101110001010100100110110110000110111010110001011011010011100101110011101110101001111111011100110010101010111 
11001001000011111111011001101001100000010011110111010100100111100110110011001100110100111101000111100101101000100001011001011001001110101101011000111100111010101100100111110101001100010010010100110111111100110001111010000011101010110111001000001011100100010011000100110110100100001011011110010101001111010001100010000011110010101101011101000011111000110101001111111001011000000100101111101110100001010110110110110110100011000101001110100001100010101100111001011111111010000110001011111110011011100001011010001001 
