01100101000011001010100000100001001111000110000010011111101100000101000101010010001010001011010000010010010001001111010100100101110000101111010000100100010101111010101000001100110000101000000110010101110110011000011001010000111101011000110101110111001010100000101111100001100100000101100011010110000110110010000101001101111101110100011001001001111000010111010100001100000111100100011101000110100111000010000001100001100110001100001001000001011000110100000010111010010000001100110000001001101101001100010101101001 
11001011100110111001110101011011010110111101100111011010011111110101111011101000001110011000111001011000100111100111100100110111111111001010000111000111111001101011010111000110001111111001100110011010000100001001011000111110010010100101001111011110111000101111100110101100110110110011011101110011111101010001111111111101000111110010111111111001011001010001110010111111110010101001110100011100101011111010100001001110011111111100101111011101001110100111010000010111011101001111010100100110101111010110101010111111 
11001011100110111001110101011011010110111101100111011010011111110101111011101000001110000001100111000011001010011110100100110111111111001010000111000111111001101011010111000110001111111001100110011010000100001001011000111110010010100101001111011110111000101111100110101100110110110011011101110011111101010001111111111101000111110010111111111001011001010001110010111111110010101001110100011100101011111010100001001110011111111100101111011101001110100111010000010111011101001111010100100110101111010110101010111111 
01100101000011001010100000100001001111000110000010011111101100000101000101010010001010001011010000010010010001001111010100100101110000101111010000100100010101111010101000001100110000101000000110010101110110011000011001010000111101011000110101110111001010100000101111100001100100000101100011010110000110110010000101001101111101110100011001001001111000010111010100001100000111100100011101000110100111000010000001100001100110001100001001000001011000110100101001000110110011000010000000101100000111010110010111110011 
01100101000011001010100000100001001111000110000010011111101100000101000101010010001010001011010000010010010001001111010100100101110000101111010000100100010101111010101000001100110000101000000110010101110110011000011001010000111101011000110101110111001010100000101111100001100100000101100011010110000110110010000101001101111101110100011001001001111000010111010100001100000111100100011101000110100111000010000001100001100110001100001001000001011000110100101001000110110011000010000000101100000111010110010111110011 
11000001101010110100110001111000000101110011001111000110001000010111100011110101010001011011010001101100000111101011010110011010101011010000110101111111101110111010101100101011010111100011111110010111000111111100111010001101010010100101001010011101111001011000001101111100011001001110111110001001011101100111011101010001100101100111111001101000111001111100011111101101011100001101010101001000100000100101100101001111110110101011100100001010101100011001100100100011000110101111111001011100001001001100011011101011 
01011100111011011111110101011011010110111101100111011010011111110101111011101000001110000001100111000011001010011110100100110111111111001010000111000111111001101011010111000110001111111001100110011010000100001001011000111110010010100101001111011110111000101111100110101100110110110011011101110011111101010001111111111101000111110010111111111001011001010001110010111111110010101001110100011100101011111010100000101101110011110101111101011001100000110110101111101100011110011000100110100111100001101110001101101111 
11001011100110111001110101011011010110111101100111011010011111110101111011101000001110000001100111000011001010011110100100110111111111001010000111000111111001101011010111000110001111111001100110011010000100001001011000111110010010100101001111011110111000101111100110101100110110110011011101110011111101010001111111111101000111110010111111111001011001010001110010111111110010101001110100011100101011111010100001001110011111111100101111011101001110100111010000010111011101001111010100100110101111010110101010111111 
01111101000000010101100110011110111101000001101101111000111100000100000010101010011000110010110001010101000011001110000100000100001100100101010001010001101100010000000000101111101000100000100110010111011100010111011110001001010010111111000011000111000101100111000000100101001100110011110111000000001001001110101111000101000000101010100000010111000010011000000101101111011000101100001011011000000001010001010010100100010101001000001001001110011010110010111011110001100011010000101100110100011011110010000000101101 
11011110010111001011001111011010011111111010010001110110001010110001100110010101010110010001100111000011001010011110100100110111111111001010000111000111111001101011010111000110001111111001100110011010000100001001011000111110010010100101001111011110111000101111100110101100110110110011011101110011111101010001111111111101000111110010111111111001011001010001110010111111110010101001110100011100101011111010100000101101110011110101111101011001100000110110101111101100011110011000100110100111100001101110111111101001 
01000110111101111001011111011000101111011001100010110000101111101100110001101001111011100010001111110001011101010000101111111111101101101000101010011010000101101111101100100110001111111001100110011010000100001001011000111110010010100101001111011110111000101111100110101100110110110011011101110011111101010001111111111101000111110010111111111001011001010001110010111111110010101001110100011100101011111111100000000011010111111100100101001111101101111001001101101110111010110101001000011001011100101110001101101111 
01111101000000010101100110011110111101000001101101111000111100000100000010101010011000110010110001010101000011001110000100000100001100100101010001010001101100010000000000101111101000100000100110010111011100010111011110001001010010111110000010011001011110100010111111001000011101010000000011111001111001100000011000100011000011010010110110011000001001111110010001001010101000011011010000011101000100010111010000011100100001000000110111000001101100110110000010111010010000001100110000001001101101001100010101101001 
01100101000011001010100000100001001111000110000010011111101100000101000101010010001010001011010000010010010001001111010100100101110000101111010000100100010101111010101000001100110000101000001000000101001011011100110010100001010001100011010011011001001100101001010100110000101110111010100111011111110100000111100000010011001000001110111001000010001100101011001100100001110011100001101100111100100101000100100001000110100110011001110001011110010111000110100000101000100101001001100111101001101001011110101101100101 
01111101000000010101100110011110111101000001101101111000111100000100000010101010011000110010110001010101000011001110000100000100001100100101010001010001101100010000000000101111101000100000100110010111011100010111011110001001010010111111000011000111000101100111000000100101001100110011110111000000001001001110101111000101000000101010100000010111000010011000000101101111011000101100001011011000000001010000100110001101010110001100011101011111101100000001001010010011011010110101001000011001011100101110001101101111 
11101101100000001011011111001100000000010100001001000010110100010101110110100101110001001110010100001100000011011010001010011110000110100001010010110010000010101010000110001100110000000001001000111100101011101100111000101110000011111010000100100100100101000001101010010101010001000010110100011101000111110101100001001000011001010010011110111101101110011100111110100000001001001000101010001100000110101001011010010011010001110101010010010110100110101010101000111010010010111101000010011000110000011010011100000101 
01011100111011011111110101011011010110111101100111011010011111110101111011101000001110000001100111000011001010011110100100110111111111001010000111000111111001101011010111000110001111111001100110011010000100001001011000111110010010100101001111011110111000101111100110101100110110110011011101110011111101010001111111111101000111110010111111111001011001010001110010111111110010101001110100011100101011111010100000101101110011110101111101011001100000110110101111101100011110011000100110100111100001101110111111101001 
11001011100110111001110101011011010110111101100111011010011111110101111011101000001110000001100111000011001010011110100100110111111111001010000111000111111001101011010111000110001111111001100110011010000100001001011000111110010010100101001111011110111000101111100110101100110110110011011101110011111101010001111111111101000111110010111111111001011001010001110010111111110010101001110100011100101011111010100000101101110011110101111101011001100000110110101111101100011110011000100110100111100001101110111111101001 
01111101000000010101100110011110111101000001101101111000111100000100000010101010011000110010110001010101000011001110000100000100001100100101010001010001101100010000000000101111101000100000100110010111011100010111011110001001010010111111000011000111000101100111000000100101001100110011110111000000001001001110101111000101000000101010100000010111000010011000000101101111011000101100001011011000000001010000100110001101011111100011000001101001101100100000010000010110111111001100101011110001011100010100001001011101 
01100101000011001010100000100001001111000110000010011111101100000101000101010010001010001011010000010010010001001111010100100101110000101111010000100100010101111010101000001100110000101000000110010101110110011000011001010000111101011000110101110111001010100000101111100001100100000101100011010110000110110010000101001101111101110100011001001001111000010111010100001100000111100100011101000110100111000010000001100001100110001100011101011111101100000001001010010100110101000101101011110001011100010100001001011101 
11000110111101001101001011010010100000000111111001101001110111010011011110001001010100010011000000110100000011011010001010011110000110100001010010110010000010101010000110001100110000000001001000111100101011101100111000101110000011111010000100100100100101000001101010010101010001000010110100011101000111110101100001001000011001010010011110111101101110011100111110100000001001001000101010001100000110101001011010010011010001110101010010010110100110101010101000111010010010111101000010011000110000011010011100000101 
10111011010101101111111101111110110011110111110110110101110000011101001010101000110111001011100011010010110010101110100100110111111111001010000111000111111001101011010111000110001111111001100110011010000100001001011000111110010010100101001111011110111000101111100110101100110110110011011101110011111101010001111111111101000111110010111111111001011001010001110010111111110010101001110100011100101011111010100000101101110011110100100111010001011110000100000100011101111000010111011100101010001000110001100101001101 
11110001110000011001011011010011010101111011010010001100011010111000000110101011100011011000111000010001011000011011010101100101111010001001011001001001110010001101000001010000100001001110000000110110000111111000000001011100101010011101001001011000011010000001101010010101010001000010110100011101000111110101100001001000011001010010011110111101101110011100111110100000001001001000101010001100000110101001011010010011010001110101010010010110100110101010101000111010010010111101000010011000110000011010011100000101 
01000110111101111001011111011000101111011001100010110000101111101100110001101001111011100010001111110001011101010000101111111111101101101000101010011010000101101111101100100110001111111001100110011010000100001001011000111110010010100101001111011110111000101111100110101100110110110011011101110011111101010001111111111101000111110010111111111001011001010001110010111111110010101001110100011100101011000110001100110111010000110101111101011001100000110110101111101101001100010010010110010111110101000111011001110111 
11100011001010010111110101011011010110111101100111011010011111110101111011101000001110000001100111000011001010011110100100110111111111001010000111000111111001101011010111000110001111111001100110011010000100001001011000111110010010100101001111011110111000101111100110101100110110110011011101110011111101010001111111111101000111110010111111111001011001010001110010111111110010101001110100011100101011111010100000101101110011110100100111010001011110000100000100011101111000010111011100101010001000110001100101001101 
01000110111101111001011111011000101111011001100010110000101111101100110001101001111011100010001111110001011101010000101111111111101101101000101010011010000101101111101100100110001111111001100110011010000100001001011000111110010010100101001111011110111000101111100110101100110110110011011101110011111101010001111111111101000111110010111111111001011001111111011111001001100101110011100010010011010010111110100000010010100111110111000100100011110011001111011010000010110000011001000100000111011111110000011111111101 
01000110111101111001011111011000101111011001100010110000101111101100110001101001111011100010001111110001011101010000101111111111101101101000101010011010000101101111101100100110001111111001100110011010000100001001011000111110010010100101001111011110111000101111100110101100110110110011011101110011111101010001111111111101000111110010111111111001011001010001110010111111110010101001110100011100101101100110001010100011101010110011000101001111101101111001001101101110111010110101001000011001011100101110001101101111 
00111011110101011101110111111001110111000111101000111001101100010011111100011000110101011001101101101110100011100011110101001111101101011011111101110100110100111010000001110111110011001000011001110011001100010110101001111010111100110100001101110010101100111110000011011100010111011010111100011101010001010111001010010111111001010111001010010101101101111111011111001001100101110011100010010011010010111110100000010010100111110111000100100011110011001111011010000010110000011001000100000111011111110000011111111101 
11100101111101010101101111011110011110110110111001000100101101111000101000010000101110101010100110101011101100101111001000001111011011011011111110011100010011011010011000011011111100100011100100011101001100011110101001111010111100110100001101110010101100111110000011011100010111011010111100011101010001010111001010010111111001010111001010010101101101111111011111001001100101110011100010010011010010111110100000010010100111110111000100100011110011001111011010000010110000011001000100000111011111110000011111111101 
00010100001100100101010111100011100000010100001001000010110100010101110110100101110001001110010100000011001000010101011110001000011111010010100100001111000110010010100111100011000001101000000100001011011001101100000011100010001101100111010100000010111111001011001011011001110011111010001000010011011111011101110000101110100010100000101011011111010010010110000111110000111010011111000101001010101000010111010000011100100001000000110111000001101100110110000010111010010000001100110000001001101101001100010101101001 
11010111110001110111010100001100101101010001101110011111011110101010000101011110111001111000011111000111110011101011001100011110011011111010010100101100100001001011101111101111111100101011001101010010111100110000101011001010010010100101001111011110111000101111100110101100110110110011011101110011111101010001111111111101000111110010111111111001011001010001110010111111110010101001110100011100101101100110001010100011101010110011000101001111101101111001001101101110111010110101001000011001011100101110001101101111 
01111001111101001011000000100001001000011101011000011100101010000111111110111011011110111100001101000010011000011011010101100101111010001001011001001001110010001101000001010000100001001110000000110110000111111000000001011100101010011101001001011000011010000001101010010101010001000010110100011101000111110101100001001000011001010010011110111101101110011100111110100000001001001000101010001100000110101001011010010011010001110101010010010110100110101010101000111010010010111101000010011000110000011010011100000101 
01001101000100000111110101011011010110111101100111011010011111110101111011101000001110000001100111000011001010011110100100110111111111001010000111000111111001101011010111000110001111111001100110011010000100001001011000111110010010100101001111011110111000101111100110101100110110110011011101110011111101010001111111111101000111110010111111111001011001010001110010111111110010101001110100011100101011111010100000101101110011110100100111010001011110000100000100011101111000010111011100101001101001011110101101100101 
01001101000100000111110101011011010110111101100111011010011111110101111011101000001110000001100111000011001010011110100100110111111111001010000111000111111001101011010111000110001111111001100110011010000100001001011000111110010010100101001111011110111000101111100110101100110110110011011101110011111101010001111111111101000111110010111111111001011001010001110010111111110010101001110100011100101011111010100000101101110011110100100111010001011110000100000100011101111000010111011100101010001000110001100101001101 
01100101000011001010100000100001001111000110000010011111101100000101000101010010001010001011010000010010010001001111010100100101110000101111010000100100010101111010101000001100110000101000000110010101110110011000011001010000111101011000110101110111001010100000101111100001100100000101100011010110000110110010000101011010101110111100010111010110001001100011000100110110001101110001000111101001101001011100110100101000100001100001001100111111001100010110001001100001101000111000011111001011001010110000100111001011 
00011100001010100011100100101101000110001110101011101011000100111100110110101110010000011000111001011000100111100111000010111100101000111011011110001100010100000110010010110000010010000010001000000101001011011100110010100001010001100011010011011001001100101001010100110000101110111010100111011111110100000111100000010011001000001110111001000010001100101011001100100001110011100001101100111100100101000100100001000110100110011001110001011110010111000110100000101000100101001001100111101001101001011110101101100101 
01001101000100000111110101011011010110111101100111011010011111110101111011101000001110000001100111000011001010011110100100110111111111001010000111000111111001101011010111000110001111111001100110011010000100001001011000111110010010100101001111011110111000101111100110101100110110110011011101110011111101010001111111111101000111110010111111111001011001001101001000100100001100111111010110101110111000000110001100110111010000110101111101011001100000110110101111101100011110011000100110100111100001101110111111101001 
00111011110101011101110111111001110111000111101000111001101100010011111100011000110101011001101101101110100011100011110101001111101101011011111101110100110100111010000001110111110011001000011001110011001100010101010000111000100110111010110100110001001011000111110110101101110011000110101111110111111100101010000110101011101001101001001001011011010000101101001000100100001100111111010110101110111000000110001100110111010000110101111101011001100000110110101111101101001100010010010110010111110101000111011001110111 
01001101000100000111110101011011010110111101100111011010011111110101111011101000001110000001100111000011001010011110100100110111111111001010000111000111111001101011010111000110001111111001100110011010000100001001011000111110010010100101001111011110111000101111100110101100110110110011011101110011111101010001111111111101000111110010111100001100101000101011001000011001010000011110110110100101111111101011111010011111000111011010111000001110000111010111111111101100000010010000000010100101111001001011000100010011 
10111011010101101111111101111110110011110111110110110101110000011101001010101000110111001011100011010010110010101101100111100110111000000000011111001111110010100011000101110010011001101110000100100100001110100100010001111011111100001101101000010010110101001111111101110010010111010000111101110111111100101010000110101011101001101001001001011011010000101101001000100100001100111111010110101110111000000110001100110111010000110101111101011001100000110110101111101101001100010010010110010111110101000111011001110111 
01001101000100000111110101011011010110111101100111011010011111110101111011101000001110000001100111000011001010011110100100110111111111001010000111000111111001101011010111000110001111111001100110011010000100001001011000111110010010100101001111011110111000101111100110101100110110110011011101110011111101010001111111111101000111110010111110011000001001110010101001110011000110011001111001101011010111010011111011111001111000000100110011000000010010011100100111110010101000000001001100100011111001100111010110110001 
11100011001010010101000011110100110010001110001100110111111101110001110111110100010010000111110101101110101000000011010011010010100000000100100100100110011001111101000011111010110111100001000001100011000010010001000000100010101010101011000011010011010111111111111111010101111100111101101101000110101011111011111010111110110110110010101111111111000010111101110000110000100000011101101010000111011001110111100010001101011001100101000101110010100111101000101010100000000100100001100100011010010110110101011011111111 
00110010100110011011001001011000010000011100001001101001010110101100000001101000001110011101001011000111100001011011101110101001111010111101001110101111001011110101101100011000011111101010110011000111111010001110011110100111000000011001101001101100100110101000010111010110110111000111011101110000010110101000100110001111000010110011001101011000110100010011001010001001011001100111000110100001011001100100111101001110011111111100101111011101001110100111010000010111011101001111010100100110101111010110101010111111 
10111011011111010100110100111111011010110100110111001001101001101010101111000011000100011101101101011111011100100100010010011010000001011001010111011011100110010111110011111010111010000100100111011110110100100010001011101010011001101111100011110110100011101111111000100010101100010001001100110110000101111011111110001101111111110100101100011010001111001001111100110001011010101110010111011010100111000101111110100100000100001000001011110011001100011110001101101001011001110100110011110001101000010000100000100101 
00111011110101011101110111111001110111000111101000111001101100010011111100011000110101011001101101101110100011100011110101001111101101011011111101110100110100111010000001110111110011001000011001110011001100010101010000111000100110111010110100110001001011000111110110101101110011000110101111111000111110001111100010100001101001000110110011011110001110010101001000001001010000100011110100101011000001110111100000000011010111111100100101001111101101111001001101101110111010110101001000011001011100101110001101101111 
00111100101101100101000001100010110100101111000100110010100000110100010110100111101100000000011010000110010111110011010011100111000100000110110010100000010101110101001110011111011110111111111101100011000101101011011111010100100101000110000010011001011110100010111111001000011101010000000011111001111001100000011000100011000011010010110110011000001001111110010001001010101000011011010000011101000100010111010000011100100001000000110111000001101100110110000010111010010000001100110000001001101101001100010101101001 
00011100001010100011100100101101000110001110101011101011000100111100110110101110010000011000111001011000100111100111000010111100101000111011011110001100010100000110010010110000010010000010001000000101001011011100110010100001010001100011010011011001001100101001010100110000101110111010100111011111110100000111100000010011001000001110111001000010001100101011001100100001110011100001101100111100100101000100100001000111001010011101010110001010101100010000101101010010110111110111110010010100000000010011111010100101 
00011111101010010011111001100101010010100111011111111100101111010010100101100000100001111001010100010011111001011011001110101011101010011110100000100010111001001011010100110111000011110110101110010100010001100001101111010001000111011110001111001101110100010010011110101110001101001101100101111101111010111111101110110011100011100101001010000101001001011100101010111110101011000111001101101010000110011010011100110101100001111011111010111101001011101101010011100000100011101111101001111010100010000010010111011011 
01100101000011001010100000100001001111000110000010011111101100000101000101010010001010001011010000010010000111110101101001010110111011101110000101111110110111110110011111010000110101010011111101000111011011100100011001000010010010001001110110000011100110110101111000111101001110010001011011100101110000110100000001101110000001010001001011111010010100010101000111011010010011110101110100001000000011100001101000011101100111100010010100011011001001101000010011110001101001000100111000101011000111011100000000101101 
01100000001101100000001010001011010001101111001110010000000110101111010110100001110011000000101101000101111101000110111010111011111000000010001000100001000101100101000110000100101001101101010100100011010010110110001001010101110101111000010001101010100111010101001010110101101101001001000011000100000011001011111100011110001100011101000101011000111101011100111101010100001110001110111100110101010100011110010111100010000011110011001100001001100101011110001101011011110101100001110011110000110110010110111000110101 
10101011010111000110010001000100110000010011100100100110011110101110001100111110101100001000101100100010010001110101111101101101011111111110111001111100101011001011100010001100011111010011001111101100101000101010000001000111011011110111110011101110010100101010001110100010100010110110110011010010001000110111101001111111000110000001111111000010011001110010110110110011101100100000000010001101011010101100101001011100011100111010110011100001000100000111100100111000110011111111011110001001101111110100010101110101 
00010101000110101101101100010101011100100010001110010110010100000011011110001110000000110011111101111001110001001111010100100101110000101111010000100100010101111010101000001100110000101000000110010101110110011000011001010000111101011000110101110111001010100000101111100001100100000101100011010110000110110010000101001101111101110100011001001001111000010111010100001100000111100100011101000110100111000010000001100001100110001100011101011111101100000001001010010100110101000101101011110001011100010100001001011101 
01100010100110110011001011011110001101111111010011100101110001100100110101000101001110100000110111110101011101010001100111011000011110101110110100110110010010110011000101100011000000111110010101101000101110010001000000100010101010101011000011010011010111111111111111010101111100111101101101000110101011111011111010111110110110110010101111111111000010111101110000110000100000011101101010000111011001110111100010001101011001100101000101110010100111101000101010100000000100100001100100011010010110110101011011111001 
11010111110001110111010100001100101101010001101110011111011110101010000101011110111001111000011111000111110011101011001100011110011011111010010100101100100001001011101111101111111100101011001101010010111100110000101011001001001100110111000001010100100011101001001111110101110001100100001111011000110000100001001001100000000101001001110100110011111011011010110111010011001010010011100110000001001010111000101011010110100110011001110001011110010111000110100000101000100101001001100111101001101001011110101101100101 
11010100110100100101100011111000110011001101000011100000001101101101001101011110001110100111011001101111111000111001001001111110010111011010001101011000101111001011010110110111100111100100000010100110001011110000001101101000110000000111001010110011010100110111111011100111110110011011110001100010100110100000011111000000000001101010101001100010101101010010010010000111110101000101001110001001001000101000010110100101111111100111101111101000001011111101110011010111000011011001000100000000010001101011101111110011 
00010100001100100101010111100011100101011001000000111011111100010010010010101110000001000000000101100101001011101110100011001011011001011101101101111011011001011110011100101100101010111110000010110000001011100000011001111110011011000000101110100101110011011100100010010000110001001101110111101001011111011000001111100110000100110100101010101101101010100010001111000100000011111010010100101001010011000001010110011111000010011110000100100101110100001001000011000001111011001001000100001001011011001111101011100101 
01010000000101101101111110110010011000110001001011110111011111111101001010101000110111001011100011010010110010101101100111100110111000000000011111001111110010100011000101110010011001101110000100100100001110100100010001111011111100001101101000010010110101001111111101110010010111010000111101110111111100101010000110101011101001101001001001011011010000101101001000100100001100111111010110101110111000000110001100110111010000110101111101011001100000110110101111101101001100010010010110010111110101000111011001110111 
10111010111011011001100101101001010011011100000010101110111101111100101010000100011001001001001001001010101100001101100010000110011101111000001111101011001001000011110010000111111100010010010000001010001100010000101101010010000010111100101100100010101100011010011110001111111001010110100111110011010111001011011000100011011010001011001010011010111110011010011010111011000111101110001101001011110001000001111101101101100111111010010010011110101110011110001111000100010111111000001010010000011000110101110001010011 
10011010011111000111110000110010001011111101011110100111101000100001000001100100011011001100101100001110100111000011010101000000000110110000111011100111010110001111011010100100001110011111001111011101101000111100111011011011011010001000001000101000000000010010010111001100000011101111000011100011101101100101000101001111100101101100011010110011100010001110110011100101101101111010011100100111110110100100011100110111000101010111110110110100000001111110011010100010110000010001100000101100010100010100100011001111 
11101111000100000110010010010000100101000111001011100100100111111001001100110001111011101010100110101011101100101111001000001111011011011011111110011100010011011010011000011011111100100011100100011101001100011110101001111010111100110100001101110010101100111110000011011100010111011010111100011101010001010111001010010111111001010111001010010101101101111111011111001001100101110011100010010011010010111110100000010010100111110111000100100011110011001111011010000010110000011001000100000111011111110000011111111101 
01011110010001000011011110111110001010001010011111110011001110111111001101110101011110010010010001100101010001011001100111011111000101011101100010110100100110111110001000110001011111011010100011010101110110001011101000010110100000110101001100101111110000101111101110100000011001011000001001010011010100111010100110100010011000011101111101100010101110101010111000001111010001010100110000000010101011010000001100111010101001110010100001111011111010001101100110000010011010011011000100101000100101111101101101010111 
11101101100000001011011111001100000000010100001001000010110100010101110110100101110001001110010100001110001100100011100001001000100010001010101110111000011101101001111100111010110000010001111010110000000001100001110100111100111000101110100110010101100010001011001010001000111111010110101000011001111111110111100101001000000111011110100000101000111100111111010110010101001011110111010101110010110010111100110110111100001100110001000101011101010000010100101100011000010000000000001111001010100001001110010000000011 
10010010001110010110111101001001000100111010100111010011001010001100110001010110100110101101101011110010101101101101010110000101100100010011011101101110110001011011001010001010000110000111111011011111010111001100001000101111000000100010110110111010110101001010011100100101111110001010110100101011100100001010010000100110000101010111000111001110110111111100001010000100001111110000111101010011000111100011110101111010111100111110001001000001011000110100101001000110110011000010000000101100000111010110010111110011 
01011100111011011111011001001110100011010110101101101111011011110000111100000110111001101000101000111010110000110010100101110001011010011001011001111100001001111010000100010100011001000110110001110101001011110101100011101010110010110011000110101000001101000100101001000101010111111100000100110101100011001111111010011000111011000101010101101010000011100101001110111011101000011000011010110111110110010100010111101011100001001110110000000101010010101000010101000101101110010011010111011000100000011010000100001001 
01000010001101011000111100010101111000011110010011100101001010100001111111001000100101100110100100000000001010011011110011000111101100100110110101000010110001001111111101010101100101011011010010111101000000110111000101111010011101010100001101000000010001001000001101011010110111100101010000001011101110010010100000000001011110111100001000100001111000111100011000010010101111110001000101110010100000000110001100111001100000010100010111011011100111010011101000011001110001111100010111101110001111001101010111011011 
01000011100001010110110000100010101010000010100100111100100100111101010110111001000101000011000100010001010010110110000111011100001101011001010100010100111111110100100001001011010100010110000111110010001000000100110100100000111111110101001110011100001000101010001001101010010011100110011011001001011100101110000100001100000000110110011011010110001000101100101011101010010100101111111010010011011101111001000101010010110001010111111010111100111011010101011111000000001000010001000001110111101011111110000011100101 
11011110010111001011001111011010011111111010010001110110001010110001100110010101010110010110010010010100000111010001010110111100001100001011100111111101010000100001000110001001011101011101100001111000001000000100010111100101110111111011000101001110011100010100110111111001000011101001001011011000110110111110001101011100011001011111001110001100101110100010101001110011000110011001111001101011010111010011111011111001111000000100110011000000010010011100100111110010101000000001001100100011111001100111010110110001 
11010001111111100100111001101001110001011111001001011001000100000100001101010100110011001001101001111101011000110011001000011100010100101000101000100110101101110011110011001011100100010100001110011011111011101000100101011100000101010100010101100010100001100011110100111111001011000101111100100111010100111011010100000100001010001010101111101111111011111011011010100001100011110110000001000011011110101000001001100101011110110110110010001001101110010111101011010110010111011000000101010111101111001000000101000011 
10001100010001110010011001100100010110100111011110001010011111101011111101010001101010101011011001110111010111100101111011000011010010010110011010001000110010100101101011011010101111000000001111110111011001101101110101101010010111000111001111110011011110011010110110100011101010100111001111010110000011010011111110001110000000001101111001011111010000101100000111110011111101100101100010010000110101000001010010100100010101001000001001001110011010110010111011110001100011010000101100110100011011110010000000101101 
00100100101011010110110000110100011011100011111011110011010011001010001001010011001000110101101000010100000010011001111100000101001101110111101000110000000001100011100001101011010010101100011100101001111001010000111010111010000001111010100011110010100001100111010001011010111001111010101010011010111000101100101000100001010110001010011100100001100011010001100000010001111011100111011001101101100101101100001111110100110011001010011011001100110100000010110000100111001000011100001011111010111101100111011100010111 
01011100000000111111010100100011001111011011010100010011110100101011010011110101011111101010001111011011100001010000101111101111010100101000110110101001100110010010100001000000001000110010101111101110000010000100110100100101110111101110111000011000011111100100001001001101110010010010011111000110011101101101101101111100100000100101010010100110101010101010010111011010001100111001000100100001000100001001001101001000000111001111010011000101011111101011111100101001011001000011100010000111010110101001001001100101 
11100011001010010101000011110100110010001110001100110111111101110001110111110100010010000111110101101110101000000011010011010010100000000100100100100110011001111101000011111010110111100001000001100011000010010001000000100010101010101011000011010011010111111111111111010101111100111101101101000110101011111011111010111110110110110010101111111111000010111101110000110000100000011101101010000111011001110111100010001101011001100101000101110010100111101000101010100000000100100001100100011010010110110101011011111001 
01010011011110000111111000100110001101110011111110111011001000110110101110111111000110011110010000000101010000101111110001001100100010000011010110101001100101100001001110010001110110100101000000100110000010111110001000010111110011001010100110110000100000101001011111010010111101000001011001101010000011001100100100111000100011010000110001111010111100011100100000101111000110001000010111010001000101101110011001100001100001011111101101001001010110101011010111000000011110011000100110100111100001101110111111101001 
11011000111110100011100100110001001101111111100011000101000110000111100101011100011000010110101010100100100110110001111011000101011010000001011011011010101111010011111000011010111010101100001111001011100110101100100111000011000000111110000110111101100001101100010110011001101011111110100101010000000010010001011111001100110100111100100001110110011001100001001010101100111001001001001000101111111011110110001100110101111001100010110010010100011011110100101001100100010011100001100110011001001001010100100001001011 
10010010100011110010000111011000100010110000100101101001101010000110010111001111011101001000100010001101111010001011010001000000000100111100001101101001101000001111100110101001100010100111000001101110000000111010001011011010111010011111010001011010111000101110100110010110001010000111111010011001000001111100010001010101100101000111101100000000100001011010000100111001010000011110110110100101111111101011111010011111000111011010111000001110000111010111111111101100000010010000000010100101111001001011000100010011 
11100111011110011110110101101001110001001000110100000100010001110010111011010001011101110110100001000111111101111000011110010101100101101111111011011111010100010101000001100110111111000101010001111010100010011111101110100111000000011001101001101100100110101000010111010110110111000111011101110000010110101000100110001111000010110011001101011000110100010011001010001001011001100111000110100001011001100100111101001110011111111100101111011101001110100111010000010111011101001111010100100110101111010110101010111111 
00111111001010101101010101000011011011111110111110001000000010000010101010100101000100010011111101100011001000010101011110001000011111010010100100001111000110010010100111100011000001101000000100001011011001101100000011100010001101100111010100000010111111001011001011011001110011111010001000010011011111011101110000101110100010100000101011011111010010010110000111110000111010011111000101001010101000010111010000011100100001000000110111000001101100110110000010111010010000001100110000001001101101001100010101101001 
01001011100011010100110111101010110100101001101100010010100011000100111110100100110101110100100111111000010000101100001100011101000100010001111110101111011100100110110111001000010110100011111001111100101000010100011100001111000010110010111000001110000100011101110010110100111110101110001101000001010101001000111110110001010000011010000110111001100110101101101000000101001100110001100111101011110001001111011101100111000010000001001011000111000100010110001001001010011101010101010001101100101010110011001101000101 
11100100101010001101111101000010101000110101111110001011001111101001111010100000101101011100111110101010001100011001100101110101101010010011100110100010100010000001001011000000010011010001011110111011010001001001001101000000001000100000101101001110001100101010110001100010100111101110100101001011011110010011101110000101110010110110011001111110100010100001100100001110111011110000011000111011101111101011101100010111110010111000010011110010000010100100000111101000011111001010101000101011010101111000011100000001 
11110001110000011001011011010011010101111011010010001100011010111000000110101011100011011000111000010001100010010100100101110001110000010011011010000100001101110101101110001010000110000000110100110010001101000111101000110111000110100010100101000001010100001011001011100000011101010110111010110010001001000101001010101101011000111100011100000000011000010010111111000110001100110111101100111000000101100110001010100011101010110011001111011001111010011110010001010000011101001011100111111001000011001010011001101011 
01111011000111100001101001010100101110111110011111100101100111010101101001110001011000000110111101011111011101100010011000110011001110010111010100010000011101001001001110101111111100101010111001101011010000110000001011101001111001011111111010111001111101000010111000000100110110000110100010010110110100110101000011101100100110001001000010010001001110100011000111010001011001010111111010100011000011001011110011101101101010101001101101001000010101000111001011000100000110000101011001000101010101000101100011111011 
10001110110010000101010011011001000111011010110100111111001101001000001001010011001111001011100000101101110000110100000101101001000111101000101110110011000110110011110110101100010100000100011010001101100010100101100000000001100011100100111111111000001000101100001101101000001111110000010000111000101011000010110000110001110100011011101100111011101111000110100011110110111110000010101011011010101110010011001000111100001110001111010001011011100110010011111111110001101000000111110110001100000001011111110011000111 
10101011010111000110010001000100110000010011100100100110011110101110001100111110101100001000101100100010010001110101111101101101011111111110111001111100101011001011100001011011100000011001010001100101001111111110111011100001001001100110110110011100001111001110111100001011011010101101111101111110010000010111011010101110101001110011001100000111000110100101100111000001100110011011100001101111100011101010100100000111111001000011111111011100110111000011000111110010011111010010110110001000011010100000101010110001 
01101100011001010100001100011111111110110100100110110111001111010100011110010100111011011010101101100011011111001001010011011100110110100011010010100010011000001100100010000001011101011000000011110101100010110111100011111110001010000011001111110000111000001011110100011110101011110000100111111000111111000100011001011101010000110110101010001011001100110010100110111000111110011111101011010101011011010101010001001001000010101111101101110011110011001111011010000010110000011001000100000111011111110000011111111101 
10101011010111000110010001000100110000010011100100100110011110101110001100111110101100001000101100100010010001110101111101101101011111111110111001111100101011001011100001011011100000011001010001100101001111111110111011100001001001100101001111011110111000101111100110101100110110110011011101110011111101010001111111111101000111110010111111111001011001111111011111001001100101110011100010010011010010111110100000010010100111110111000100100011110011001111011010000010110000011001000100000111011111110000011111111101 
01010000000101101101111110110010011000110001001011110111101100000101000101010010001010001011010000010010010001001111010100100101110000101111010000100100010101111010101000001100110000101000000110010101110110011000011001010000111101011000110101110111001010100000101111100001100100000101100011010110000110110010000101001101111101110100011001001001111000010111010100001100000111100100011101000110100111000010000001100001100110001100011101011111101100000001001010010100110101000101101011110001011100010100001001011101 
01001101000100000111110101011011010110111101100111011010011111110101111011101000001110000001100111000011001010011110100100110111111111001010000111000111111001101011010111000110001111111001100110011010000100001001011000111110010010100101001111011110111000101111100110101100110110110011011101110011111101010001111111111101000111110010111100001100101000101011001000011001010000011110110110100101111111101011111010011111000111011010111000001111101101111001001101101110111010110101001000011001011100101110001101101111 
11001011100110111001110101011011010110111101100111011010011111110101111011101000001110000001100111000011001010011110100100110111111111001010000111000111111001101011010111000110001111111001100110011010000100001001011000111110010010100101001111011110111000101111100110101100110110110011011101110011111101010001111111111101000111110010111111111001011001010001110010111111110010101010110110100101111111101011111010011111000111011010111000001110000111010111111111101100000010010000000010100101111001001011000100010011 
00010100001100100101010111100011100000010100001001000010110100010101110110100101110001001110010100000011001000010101011110001000011111010010100100001111000110010010100111100011000001101000000100001011011001101100000011100010001101100111010100000010111111001011001011011001110011111010001000010011011111011101110000101110100010100000101011011111010010010110000111110000111010011111000101001010101000010111010000011100100001000000110111000001101100110110000010111010010000001100110000001001101101001100010101101001 
01000010001101011000111100010101111000011110010011100101001010100001111111001000111011100010001111110001011101010000101111111111101101101000101010011010000101101111101100100110001111111001100110011010000100001001011000111110010010100101001111011110111000101111100110101100110110110011011101110011111101010001111111111101000111110010111111111001011001111111011111001001100101110011100010010011010010111110100000010010100111110111000100100011110011001111011010000010110000011001000100000111011111110000011111111101 
01000110111101111001011111011000101111011001100010110000101111101100110001101001111011100010001111110001011101010000101111111111101101101000101010011010000101101111101100100110001111111001100110011010000100001001011000111110010010100101001111011110111000101111100110101100110110110011011101110011111101010001110101001101111101110100011001001001111000010111010100001100000111100100011101000110100111000010000001100001100110001100011101011111101100000001001010010011011011011011000100111001011100001101101000110011 
11100101111101010101101111011110011110110110111001000100101101111000101000010000101110101010100110101011101100101111001000001111011011011011111110011100010011011010011000011011111100100011100100011101001100011110101001111010111100110100001101110010101100111110000011011100110001001101110111101001011111011000001111100110000100110100101010101101101010100010001111000100000011111010010100101001010011000001010110011111000010011110000100100101110100001001000011000001111011001001000100001001011011001111101011100101 
00010100001100100101010111100011100101011001000000111011111100010010010010101110000001000000000101100101001011101110100011001011011001011101101101111011011001011110011100101100101010111110000010110000001011100000011001111110011011000000101110100101110011011100100010010000010111011010111100011101010001010111001010010111111001010111001010010101101101111111011111001001100101110011100010010011010010111110100000010010100111110111000100100011110011001111011010000010110000011001000100000111011111110000011111111101 
01001011100011010100110111101010110100101001101100010010100011000100111110100100110101110100100111111000010000101100001100011101000100010001111110101111011100100110110111001000010110100011111001111100101000010100011100001111000010110010111000001110000100011101110010110100111110101110001101000001010101001000111110110001010000011010000110111001100110101101101000000101001100110001100111101011110001001111011101100111000010000001001011000111100000110110101111101100011110011000100110100111100001101110111111101001 
11100100101010001101111101000010101000110101111110001011001111101001111010100000101101011100111110101010001100011001100101110101101010010011100110100010100010000001001011000000010011010001011110111011010001001001001101000000001000100000101101001110001100101010110001100010100111101110100101001011011110010011101110000101110010110110011001111110100010100110000111110000111010011111000101001010101000010111010000011100100001000000110111000001101100110110000010111010010000001100110000001001101101001100010101101001 
11101101100000001011011111001100000000010100001001000010110100010101110110100101110001001110010100001100000011011010001010011110000110100001010010110010000010101010000110001100110000000001001000111100101011101100111000101110000011111010000100100100011010000001101010010101010001000010110100011101000111110101100001001000011001010010011110111101101110011100111110100000001001001001110100011100101011111010100001001110011111111100101111011101001110100111010000010111011101001111010100100110101111010110101010111111 
01111001111101001011000000100001001000011101011000011100101010000111111110111011011110111100001101000010011000011011010101100101111010001001011001001001110010001101000001010000100001001110000000110110000111111000000001011100101010011101001001011000100101000001101010010101010001000010110100011101000111110101100001001000011001010010011110111101101110011100111110100000001001001000101010001100000110101001011010010011010001110101010010010110100110101010101000111010010010111101000010011000100000011010000100001001 
01011100111011011111110101011011010110111101100111011010011111111110001100111110101100001000101100100010010001110101101001010110111011101110000101111110110111110110011111010000110101010011111101000111011011100100011001000010010010001001110110000011100110110101111000111101001110010001011011100101110000110100000001101110000001010001001011111010010100010101000111011010010011110101110100001000000011100001101000011101100111100010010100011011001001101000010011110001101001000100100000101100010100010100100011001111 
01001101000100000111110101011011010110111101100111011010011111110101111011101000001110000001100111000011001010011110100100110111111111001010000111000111111001101011010111000110001111111001100110011010000100001001011000111110010010100101001111011110111000101111100110101100110111100011011101110011111101010001111111111101000111110010111111111001011001010001110010111111110010101001110100011100101101100110001010100011101010110011000101001111101101111001001101101110111010110101001000011001011100101110001101101111 
01011110010001000011011110111110001010001010011111110011001110111111001101110101011110010010010001100101011101010000101111111111101101101000101010011010000101101111101100100110001111111001100110011010000100001001011000111110010010100101001111011110111000101111100110101100110110110011011101110011111101010001111111111101000111110010111111111001011001010001110010111111110010101001110100011100101101100110001010100011101010110011000101001111101101111001001101101110111010110101001000011001011100101110001101101111 
01000110111101111001011111011000101111011001100010110000101111101100110001101001111011100010001111110001010001011001100111011111000101011101100010110100100110111110001000110001011111011010100011010101110110001011101000010110100000110101001100101111110000101111101110100000011001011000001001010011010100111010100110100010011000011101111101100010101110101010111000001111010001010100110000000010101011010000001100111010101001110010100001111011111010001101100110000010011010011011000100101000100101111101101101010111 
01000110111101111001011111011000101111011001100010110000101111101100110001101001111011100010001111110001011101010000101111111111101101101000101010011010000101101111101100100110001111111001100110011010000100001001011000111110010010100101001111011110111000101111100110101100110110110011011101110011111101010001111111111101000111110010111111111001011001010001110010111111110010101001110100011100101011111111100000000011010111111100100101001111101101111001001101101110111010110101001000011001011100101110001101101111 
11010111110001110111010100001100101101010001101110011111011110101010000101011110111001111000011111000111110011101011001100011110011011111010010100101100100001001011101111101111111100101011001101010010111100110000101011001010010010100101001111011110111000101111100110101100110110110011011101110011111101010001111111111101000111110010111111111001011001010001110010111111110010101001110100011100101101100110001010100011101010110011000101001111101101111001001101100010110000011001000100000111011111110000011111111101 
01111101000000010101100110011110111101000001101101111000111100000100000010101010011000110010110001010101000011001110000100000100001100100101010001010001101100010000000000101111101000100000100110010111011100010111011110001001010010111111000011000111000101100111000000100101001100110011110111000000001001001110101111000101000000101010100000010111000010011000000101101111011000101100001011011000000001010000100110001101011111100011000001101001101100100000010000010110111111001100101011110001011100010100001001011101 
01000110111101111001011111011000101111011001100010110000101111101100110001101001111011100010001111110001011101010000101111111111101101101000101010011010000101101111101100110010011001101110000100100100001110100100010001111011111100100101001111011110111000101111100110101100110110110011011101110011111101010001111111111001010110001010011100100001100011010001110010111111110010101001110100011100101011111010100000101101110011110100100111010001101100000001001010010100110101000101101011110001011100010100011111111101 
01111101000000010101100110011110111101000001101101111000111100000100000010101010011000110010110001010101000011001110000100000100001100100101010001010001101100010000000000101111101000100000100110010111011100010111011110001001010010111110000010011001011110100010111111001000011101010000000011111001111001100000011000100011000011010010110110011000001001111110010001001010101000011011010000011101000100010111010000011100100010011110000100100101110100001001000011000001111011001001000100001001011011001111101011100101 
01000010001101011000111100010101111000011110010011100101001010100001111111010001101010101011011001110111010111100101100101110101101010010011100110100010100010000001001011000000010011010001011110111011010001001001001101000000001000100000101101001110001100101010110001100010100111101110100101001011011110010011101110000101110010110110011001111110100010100001100100001110111011110000011000111011101111101011101100010111110010111000010011110010000010100100000111101000011111001010101000101011010101111000011100000001 
11100101111101010101101111011110011110110110111001000100101101111000101000010000101110101010100110101011101100101111001000001111011011011011111110011100010011011010011000011011111100100011100100011101001100011110101001111010111100110100001101110010101100111110000011011100010111011010111100011101010001010111001010010111111001010111001010010101101101111111011111001001100101110011100010010011010010111110100000010010100111110111000100100011110011001000101010100000000100100001100100011010010110110101011011111111 
01011100111011011111110101011011010110111101100111011010011111110101111011101000001110000001100111000011001010011110100100110111111111001010000111000111111001101011010111000110001111111001100110011010000100001001011000111110010010100101001111011110111000101111100110101100110110110011011101110011111101010001111111111101000111110010111111111001011001010001110010111111110010101001110100011100101011111010100000101101110011110101111101011001100000110110101111101100011110011000100110100111100001101110111111101001 
11001011100110111001110101011011010110111101100111011010011111110101111011101000001110000001100111000011001010011110100100110111111111101110110100110110010010110011000101100011000000111110010101101000101110010001000000100010101010101011000011010011010111111111111111010101111100111101101101000110101011111011111010111110110110110010101111111111000010111101110000110000100000011101101010000111011001110111100010001101011001100101000101110010100111101000101010100000000100100001100100011010010110110101011011111001 
11100111011110011110110101101000101111011001100010110000101111101100110001101001111011100010001111110001011101010000101111111111101101101000101010011010000101101111101100111000011111101010110011000111111010001110011110100111000000011001101001101100100110101000010111010110110111000111011101110000010110101000100110001111000010110011001101011000110100010011001011101101011100001101010101001000100000100101100101001111110110101011100100001010101100011001100100100011000110101111111001011100001001001100011011101011 
01011100000000111111010100100011001111011011010100010011110100101011010011110101001010001011010000010010010001001111010100100101110000101111010000100100010101111010101000001100110000101000000110010101110110011000011001010000111101011000110101110111001010100000101111100001100100000101100011010110000110110010000101001101111101110100011001001001111000010111010100001100000111100100011101000110100111000010000001100001100110001100001001000001011000110100000010111010010000001100110000001001101101001100010101101001 
01111011000111100001101001010100101110111110011111100101100111010101101001110001011000000110111101011111011101100010010100110111111111001010000111000111111001101011010111000110001111111001100110011010000100001001011000111110010010100101001111011110111000101111100110101100110110110011011101110011111101010001111111111101000111110010111111111001011001010001110010111111110010101001110100011100101011111010100000101101100110001100011101011111011110000100000100011101111000010111011100101010001000110001100101001101 
11001011100110111001110101011011010110111101100111011010011111110101111011101000001110011000111001011000100111100111100100110111111111001010000111000111111001101011010111000110001111111001100110011010000100001001011000111110010010100101001111011110111000101111100110101100110110110011011101110011111101010001111111111101000111110010111111111001011001010001110010111111110010101001110100011100101011111010100001001110100111110111000100100011110011001111011010000010110000011001000100000111011111110000011111111101 
01000110111101111001011111011000101111011001100010110000101111101100110001101001111011100010001111110001011101010000101111111111101101101000101010011010000101101111101100100110001111111001100110011010000100001001011000111110010010100101001111011110111000101111100110101100110110110011011101110011111101010001111111111101000111110010111111111001011001111111011111001001100101110011100010010011010010111110100000010010011111111100101111011101001110100111010000010111011101001111010100100110101111010110101010111111 
11001011100110111001110101011011010110111101100111011010011111110101111011101000001110000001100111000011001010011110100100110111111111001010000111000111111001101011010111000110001111111001100110011010000100001001011000111110010010100101001111011110111000101111100110101100110110110011011101110011111101010001111111111101000111110010111111111001011001010001110010111111110010101001110100011100101011111010100000101101110011110101111101011001000100010110001001001010011101010101010001101100101010110011001101000101 
11100011001010010101000011110100110010001110001100110111111101110001110111110100010010000111110101101110101000000011010011010010100000000100100100100110011001111101000011111010110111100001000001100011000010010001000000100010101010101011000011010011010111111111111111010101111100111101101101000110101011111011111010111110110110110010101111111111000010111101110000110000100000011101101010000111011001110111100010001101011001100101000101110010100111101000101010100000000100100001100100011010010110110101011011111001 
00010100001100100101010111100011101101110011111110111011001000110110101110111111000110011110010000000101010000101111110001001100100010000011010110101001100101100001001110010001110110100101000000100110000010111110001000010111110011001010100110110000100000101001011111010010111101000001011001101010000011001100100100111000100011010000110001111010111100011100100000101111000110001000010111010001000101101110011001100001100001011111101101001001010110101011010111000000011110011000100110100111100001101110111111101001 
01010011011110000111111000100110000000010100001001000010110100010101110110100101110001001110010100000011001000010101011110001000011111010010100100001111000110010010100111100011000001101000000100001011011001101100000011100010001101100111010100000010111111001011001011011001110011111010001000010011011111011101110000101110100010100000101011011111010010010110000111110000111010011111000101001010101000010111010000011100100001000000110111000001101100110110000010111010010000001100110000001001101101001100010101101001 
01101100011001010100001100011111111110110100100110110111001111101100110001101001111011100010001111110001011101010000101111111111101101101000101010011010000101101111101100111000011111101010110011000111111010001110011110100111000000011001101001101100100110101000010111010110110111000111011101110000010110101000100110001111000010110011001101011000110100010011001010001001011001100111000110100001011001100100111101001110011111111100101111011101001110100111010000010111011101001111010100100110101111010110101010111111 
11100111011110011110110101101000101111011001100010110000101111010100011110010100111011011010101101100011011111001001010011011100110110100011010010100010011000001100100010000001011101011000000011110101100010110111100011111110001010000011001111110000111000001011110100011110101011110000100111111000111111000100011001011101010000110110101010001011001100110010100110111000111110011111101011010101011011010101010001001001000010101111101101110011110011001111011010000010110000011001000100000111011111110000011111111101 
00010100001100100101010111100011100101011001000000111011111100010010010010101110000001000000000101100101001011101110100011001011011001011101101101111011011001011110011100101100101010111110000010110000001011100000011001111110011011000000101110100101110011011100100010010000110001001101110111101001011111011000001111100110000100110100101010101101101010100011010110010101001011110111010101110010110010111100110110111100001100110001000101011101010000010100101100011000010000000000001111001010100001001110010000000011 
11101101100000001011011111001100000000010100001001000010110100010101110110100101110001001110010100001110001100100011100001001000100010001010101110111000011101101001111100111010110000010001111010110000000001100001110100111100111000101110100110010101100010001011001010001000111111010110101000011001111111110111100101001000000111011110100000101000111100111110001111000100000011111010010100101001010011000001010110011111000010011110000100100101110100001001000011000001111011001001000100001001011011001111101011100101 
00011100001010100011100100101101000110001110101011101011000100111100110110101110010000011000111001011000100111100111000010111100101000111011011110001100010100000110010010110000010010000010001000000101001011011100110010100001010001100011010011011001001100101001010100110000101110111010100111011111110100000111100000010011001000001110111001000010001100101011001100100001110011100001101100111100100101000100100001000111001010011101010110001010101100010000101101010010110111110111110010010100000000010011111010100101 
01000010001101011001011111001100000000010100001001000010110100010101110110100101110001001110010100001100000011011010001010011110000110100001010010110010000010101010000110001100110000000001001000111100101011101100111000101110000011111010000100100100100101000001101010010101010001000010110100011101000111110101100001001000011001010010011110111101101110011100111110100000001001001000101010001100000110101001011010010011010001110101010010010110100110101010101000111010010010111101000010011000110000011010011100000101 
10111011010101101111111101111110110011110111110110110101110000011101001010101000110111001011100011010010110010101101100111100110111000000000011111001111000110010010100111100011000001101000000100001011011001101100000011100010001101100111010100000010111111001011001011011001110011111010001000010011011111011101110000101110100010100000101011011111010010010110000111110000111010011111000101001010101000010111010000011100100001000000110111000001101100110110000010111010010000001100110000001001101101001100010101101001 
00010100001100100101010111100011100000010100001001000010110100010101110110100101110001001110010100000011001000010101011110001000011111010010100100001111110010100011000101110010011001101110000100100100001110100100010001111011111100001101101000010010110101001111111101110010010111010000111101110111111100101010000110101011101001101001001001011011010000101101001000100100001100111111010110101110111000000110001100110111010000110101111101011001100000110110101111101101001100010010010110010111110101000111011001110111 
00010100001100100101010111100011100000010100001001000010110100010101110110100101110001001110010100000011001000010101011110001000011111010010100100001111000110010010100111100011000001101000000100001011011001101100000011100010001101100111010100000010111111001011001011011001110011111010001000010011011111011101110000111110110110110010101111111111000010111101110000110000100000011101101010000111011001110111100010001101011001100101000101110010100111101000101010100000000100100001100100011010010110110101011011111001 
01011100111011011111110101011011010110111101100111011010011111110101111010101010011000110010110001010101000011001110000100000100001100100101010001010001101100010000000000101111101000100000100110010111011100010111011110001001010010111110000010011001011110100010111111001000011101010000000011111001111001100000011000100011000011010010110110011000001001111110010001001010101000011011010000011101000100010111010000011100100001000000110111000001101100110110000010111010010000001100110000001001101101001100010101101001 
01111101000000010101100110011110111101000001101101111000111100000100000010101010011000110010110001010101000011001110000100000100001100100101010001010001101100010000000000101111101000100000100110010111011100010111011110001001010010111110000010011001011110100010111111001000011101010000000011111001111001100000011111111101000111110010111111111001011001010001110010111111110010101001110100011100101011000110001100110111010000110101111101011001100000110110101111101101001100010010010110010111110101000111011001110111 
01000110111101111001011111011000101111011001100010110000101111101100110001101001111011100010001111110001011101010000101111111111101101101000101010011010000101101111101100100110001111111001100110011010000100001001011000111110010010100101001111011110111000101111100110101100110110110011011101110011111101010001111000100011000011010010110110011000001001111110010001001010101000011011010000011101000100010111010000011100100001000000110111000001101100110110000010111010010000001100110000001001101101001100010101101001 
01001011100011010100110111101010110100101001101100010010100011000100111110100100110101110100100111111000010000101100001100011101000100010001111110101111011100100001001110101111111100101010111001101011010000110000001011101001111001011111111010111001111101000010111000000100110110000110100010010110110100110101000011101100100110001001000010010001001110100011000111010001011001010111111010100011000011001011110011101101101010101001101101001000010101000111001011000100000110000101011001000101010101000101100011111011 
01100010100110110011001011011110001101111111010011100101110001100100110101000101001110100000110111110101011101010001100111011000011110101110110100110110010010110011000101100011000000111110010101101000100100001001011000111110010010100101000011000111000101100111000000100101001100110011110111000000001001001110101111000101000000101010100000010111000010011000000101101111011000101100011000111011101111101011101100010111110010111000010011110010000010100100000111101000011111001010101000101011010101111000011100000001 
11101111000100000110010010010000100101000111001011100100100111111001001010101010011000110010110001010101000011001110000100000100001100100101010001010001101100010000000000101111101000100000100110010111011100010111011110001001010010111111001111011110111000101111100110101100110110110011011101110011111101010001111111111101000111110010111111111001011001010001110010111111110010101001110100011100101011111010100001001110011111111100101111011101001110100111010000010111011101001111010100100110101111010110101010111111 
01011100111011011111011001001110100011010110101101101111011011110000111100110100010010000111110101101110101000000011010011010010100000000100100100100110011001111101000011111010110111100001000001100011000010010001000000100010101010101011000011010011010111111111111111010101111100111101101101000110101011111011111010111110110110110010101111111111000010111101110000110000100000011101101010000111011001110111100010001101011001100101000101110010100111101000101010100000000100100001100100011010010110110101011011111111 
10001100010001110010011001100100010110100111011110001010011111101011110111000110111001101000101000111010110000110010100101110001011010011001011001111100001001111010000100010100011001000110110001110101001011110101011000111110010010100101001111011110111000101111100110101100110110110011011101110011111101010001111111111101000111110010111111111001011001010001110010111111110010101001110100011100101011111010100000101101110011110101111101100001000100000111100100111000110011111111011110001001101111110100010101110101 
01111001111101001011000000100001001000011101011000011100101010000111111110111011011110111100001101000010011000011011010101100101111010001001011001001001110010001101000001010000100001001110000000110110000111111000000001011100101010011101001001011000011010000001101010010101010001000010110100011101000111110101100001001000011001010010011110111101101110011100111110100000001001001000101010001100000110101001011010010011010001110101010010010110100110101010101000111010010010111101000010011001101001011010011100000101 
00100100101011010110110000110100011011100011111011110011010011001010001001101001111011100010001111110001011101010000101111110111111111001010000111000111111001101011010111000110001111111001100110011010000100001001011000111110010010100101001111011110111000101111100110101100110110110011011101110011111101010001111111111101000111110010111111111001011001010001110010111111110010101001110100011100101011111010100000101101110011110100100111010001011110000100000100011101111000010111011100101001101001011110101101100101 
11100011001010010101000011110100110010001110001100110111111101110001110111110100010010000111110101101110101000000011010011010010100000000100100100100110011001111101000011111010110111100001000001100011000010010001000000100010101010101011000011101000001101000100101001000101010111111100000100110101100011001111111010011000111011000101010101101010000011100101001110111011101000011000011010110111110110010100010111101011100001001110110000000101010010101010101111101100011110011000100110100111100001101110111111101001 
00010111110001110111010100001100101101010001101110011111011110101010000101011110111001111000011111000111110011101011001100011110011011111010010100101100100001001011101111101111111100101011001101010010111100110000101011001010010010100010110110111010110101001010011100100101111110001010110100101011100100001010010000100110000101010111000111001110110111111100001010000100001111110000111101010011000111100011110101111010111100111110001001000001011000110100101001000110110011000010000000101100000111010110010111110011 
11101101100000001011011111001100000000010100001001000010110100010101110110100101110001001110010100001100000011011010001010011110000110100001010010110010000010101010000110001100110000000001001000111100101011101100111000101110000011111010000100100100011010000001101010010101010001000010110100011101000111110101100001001000011001010010011110111101101110011100111110100000001001001000101010001100000110101001011010010011010001110101010010010110100110101010101000111010010010111101000010011000110000011010011100000101 
11100111011110011110110101101000101000010011100100100110011110101110001100111110101100001000101100100010010001110101111101101101011111111110111001111100101011001011100001011011100000011001010001100101001111111110111011100001001001100101001111011110111000101111100110101100110110110011011101110011111101010001111111111101000111110010111111111001011001111111011111001001100101110011100010010011010010111110100000010010100111110111000100100011110011001111011010000010110000011001000100000111011111110000011111111101 
10101011010111000110010001000100110111011001100010110000101111101100110001101001111011100010001111110001011101010000101111111111101101101000101010011010000101101111101100111000011111101010110011000111111010001110011110100111000000011001101001101100100110101000010111010110110111000111011101110000010110101000100110001111000010110011001101011000110100010011001010001001011001100111000110100001011001100100111101001110011111111100101111011101001110100111010000010111011101001111010100100110101111010110101010111111 
11001011100110111001110101011011010110111101100111011010011111110101111011101000001110011000111001011000100111100111100100110111111111001010000111000111111001101011010111000110001111111001100110011010000100001001011000111110010010100101001111011110111000101111100110101100110110110011011101110011111101010001111111111101000111110010111111111001011001010001110010111111110011100100011101000110100111000010000001100001100110001100001001000001011000110100000010111010010000001100110000001001101101001100010101101001 
01011100111011011111110101011011010110111101100111011010011111110101111011101000001110000001100111000011001010011110100100110111111111001010000111000111111001101011010111000110001111111001100110011010000100001001011000111110010010100101001111011110111000101111100110101100110110110011011101110011111101010001111111111101000111110010111111111001011001010001110010111111110010101001110100011100101011111010100000101111010000110101111101011001100000110110101111101101001100010010010110010111110101000111011001110111 
01000110111101111001011111011000101111011001100010110000101111101100110001101001111011100010001111110001011101010000101111111111101101101000101010011010000101101111101100100110001111111001100110011010000100001001011000111110010010100101001111011110111000101111100110101100110110110011011101110011111101010001111111111101000111110010111111111001011001010001110010111111110010101001110100011100101011000110001100110101110011110101111101011001100000110110101111101100011110011000100110100111100001101110111111101001 
01001101000100000111110101011011010110111101100111011010011111110101111011101000001110000001100111000011001010011110100100110111111111001010000111000111111001101011010111000110001111111001100110011010000100001001011000111110010010100101001111011110111000101111100110101100110110110011011101110011111101010001111111111101000111110010111111111001011001010001110010111111110010101001110100011100101011111010100000101101110011110100100111010001011110000100000100011101111000000111110110001100000001011111110011000111 
10001110110010000101010011011001000111011010110100111111001101001000001001010011001111001011100000101101110000110100000101101001000111101000101110110011000110110011110110101100010100000100011010001101100010100101100000000001100011100100111111111000001000101100001101101000001111110000010000111000101011000010110000110001110100011011101100111011101111000110100011110110111110000010101011011010101110010011001000111100001110001111010001011011100110010011111111110001101000010111011100101010001000110001100101001101 
00011100001010100011100100101101000110001110101011101011000100111100110110101110010000011000111001011000100111100111100100110111111111001010000111000111111001101011010111000110001111111001100110011010001110010001000000100010101010101011000011010011010111111111111111010101111100111101101101000110101011111011111010111110110110110010101111111111000010111101110000110000100000011101101010000111011001110111100010001101011001100101000101110010100111101000101010100000000100100001100100011010010110110101011011111001 
01111101000000010101100110011110111101000001101101111000111100000100000010101010011000110010110001010101000011001110000100000100001100100101010001010001101100010000000000101111101000100000100110010111011100010111011110001001010010111110000010011001011110100010111111001000011101010000000011111001111001100000011000100011000011010010110110011000001001111110010001001010101000011011010000011101000100010111010000011100100001000000110111000001101100110110000010111010010000001100110000001001101101001100010101101001 
01100101000011001010100000100001001111000110000010011111101100000101000101010010001010001011010000010010000111110101101001010110111011101110000101111110110111110110011111010000110101010011111101000111011011100100011001000010010010001001110110000011100110110101111000111101001110010001011011100101110000110100000001101110000001010001001011111010010100010101000111011010010011110101110100001000000011100001101000011101100111100010010100011011001100000001001010010100110101000101101011110001011100010100001001011101 
