01001001101001000001000001000011000100000000011111010110000101001100011100000100101110100001100111011010101000001111101100011010100100110100100011011101001011100110001110000001000010010001011010100000111000101000100010111101110100000100111100010111010011011101000000001000111001001000101000100100000011010000000100000000100001000000000001110010110001100100100110001101100001001011110100011011100101000101001111010101110010110111101110000110111101000010100100010001010110110001000000100110110000011100101011010001 
10011001111110111011010100010011010011111111111101110001001010011001100100010111111100110100110111001110111101100011110000100001001011111110110000111110111100010001110101111001011100000111111010110110010111100111101001000100011000111101111111111101101100101101011101110001111100010010111001111100011100110110011011100111101101010111000011001001001011101111111100111010110001101000011110001000110101011110110111111111000100111110111111111100111000111101110111111011110110111001010100000011111111111111000111101101 
11010101101111100001011010010001011111101111010001011100101011011011101000111101111110011100111011001100011111010111110000110000001111111010010010101101111100010000000111110100101111011010111111110111110111111011100010011101010001100101110111111010111000101100110101100101011100011011011010111100110110000111111110100011011010010011011101011010000101100111111101110100011011101111111011101001010111001100111011000101110011100011101010101110001101111110111101011011011100001011010111101000100000001011110100110011 
01101000001011000101001010011011100010100000000101010010000100111101101010101001010110100101100111000000010111000011001101010010101011101010011110110110011011010100010110110100010101010011101100111100111100111100110110001111111001110001011011111100011001001110011101110001111000000111001100011110110110100111001010001011111010000111011001001000000011011111100110100010111011000000001010101010001101100011100010000001011111000111111110001111110001111101101010100110001100110101101011111100100001011110101110101001 
11101111101011101110010011100000111111110101111000000111111000010000101001010000101011001101101011100111101110001110110010011010111000011011011010100000111011010111001011111011000111111110111101111001110010101111111110111000001010100111101010010000110110110010110010000111010100111101011010011101001100001011011001011101001111111100100101010101001100000111011011101110111100111111011000110000111011010100010110110111100011110111000111111110101100000100001011110100100011111111100011101010101010110000000100011001 
11001000011111111001100111101010101010010110111100001111111010001111100111100111101010111000101110000001011100101101110101111000000110001100100010101100101001010111111011010101110111110110100100000101011010000001001111101011010011001111001101101101011000001001100110101111101100100011011110110011101010111011100100010111111111001100011110111001101111010011110101001011000101011010111110101111001111101011000110101110110110000110000111110011010100000110000000100110111111011011010010111101011110100011101001111011 
11010001001001100110100001000001000001000000001110010000100111100100111110100101010010111111111111001001100001100100100111000110101110010010000011111100001101110000011111001000101010000110101000011010011100011110011011111011010010011101000011110000100111001110000101000100101000101010100000101010100100001001001101000011001011010110101100011110000100001000101011001000011100100111010101001000111010001010010110000000010010000001000110000111101111000110010001100100100010001000111100100100000001001101000101000011 
01001001111000000100000001000011010100100000011100010110000101011100011100001000100110100001000111111010101000001101111100001010100100010100110010011101101011100110001010010011010001010001001010100000111100111010100010010101111110000100101100010111010011011101000000001001111101000000100000100110010011000000100100000000100000100000000001110000110011100101000110001001100001001001110100111011101100001101011110000101110010110111111110000110111101000100101111100100101000001000011011101111100001000010000100000111 
10010101101011100001011010010001101111001111010001001101101011111011101000111101110110001100111111001100111110010011100000100000001111111010010010101101110100010000010111110100110000010001011000100100110100111000100011010001111000000100100100010110010001011111001000011101100101000000100000000010010001000010100100000100000000100000100001110000101011100001000000001011110000000001110100110011101101001101010111000101000010111111101010010110111110000100000011111100101010001000011011101111000011000010100101100101 
11111011001110110111100010111111010110111110011100101000100010000001001100101100101110111101100001101101101100000001000001101001011101011000110010000001000011001100101010010001100001111010000110101011011101111101001110001010011100011010101011000111101100001111000100110101101000011011111010111111111010010101101000011001001101101001010101101000101111101001010010111111100011110101100110111110101101111110101011011001011000001010011101010011100111001011000101000100111010011010110101011000010000011100101011010001 
00001011100111100001011011111110000010110011010100011111000110011001001001100011100101011110001000001101100001111111101101001100001101101111101111010010110000011110101001001001010010111110110100111001111100100110111001111110001001100100000111100010111011101111001010000101010101111100011101100101011000001010001010001000000011101101011101010000011010011011000110100010111000011100010011011101011111111100010111111111010110110110110111111100100100111101110100001011111100111000010100111001111111111111000101100101 
10011001011110001011000110011011010111111011111111110001101011011001111100111111111010110100010111001110111100110110010000100000011100111110100000101110111100010000110101111100011100011011111010110110110110110111100001001100011011111001000011111001011010101111011101110000011000010011011110011101010100100110101000100111001101011101100010000100101111010011111101110000010011101101001000001010010111001110011000010001011011101111101010001100001110111010001111010001011000011011000011111100001000111001000100111011 
00101000011101011001001001001110100010001010101111101011111101000101010000100001010100101110101001100011100010101110110100100111111100110000101110010001001101111011110001010111101110110001101111100001110100101011100101011000000110110000010100111110011010100110011000000111011101111010110010110000011110100111100011110111001101000010011100011101010000001010100100001111001110010011111011010010010010111100110101101111000011000001110011111010011111011100100010000000110010000010000100000001101101111000110011111111 
11011101111011000110000011101000100100101010010000000110100110100101101010100001010110100101110011000000011111000011000101000010101011101010011100110110111011111100000110100100010101010011101100111100110101111101110110001111111001110101011011011100011000001110100101100101111100000011001000011100110110100111101010001011011010000111011011011010000011000110100110100010111011100000001010000000001101100001100000000011011111000111111010001111010001111101101010000111011110110101100001111100100011011110101110101001 
11001001101011100100000001001001000000000000000110010000000111100100011111000011010010111101111001001001100000110100100001000110101110010011100011111100001111111000010111001100101011000000100000011011011100011110001011111001010110001100000011100001001110001110000101000100101100000010000000101010100000001001011100010011001011111110101101101100100000101000101011001000010001101111010101001000111010001010010100010000010010000011000100000111101111000110010001100100001000001000111101100100000001001101000101010011 
01001001111011100000100001000011101001001100001111010010000101000000101001000111101010000000110011001101100010011101000000011110100100100110110001010010110001010100101001111000101110001101101111010101100010011011000100111111001000110101100110010001001001101100101011111001101111010001111101101101011011000111100000101101001010001100001111011111001111100011001110100110101010111001001110101100001011001110011000100101100110000011100001110110110101111110101100110001011111001011010011011001010000001011101101110111 
01101001101011000101001001011011100000100000001111010010000101001100010000010111100011101101111101111001100000111101000111001010001110010111100010111100011110111010001111001111101011001100100000111011011100011110000011011001110111001110101011010101001010001110001101010000110100000000000001100001000110001011001100011010001011011100110010001000100000101001101010001000000000101001011101000100111011011001010000010111001000000011000000101111011111000100111010010101010010100001000000101110110100010101101011010001 
11010101111011000011010011111000100101101110010001000110100111100111101010100101001100110100011011000000011111000011010111000010001111101010010110111110111111110101000111110000011111010011101111111101110101101001110010011111111001100101110011011110011000000110110101100101111101010011011010111000110110000111101110001011011110001010011011011010000111110011011111110101010011111111011010101000001101101100111010001101111111101111000110101110111100011010111101011010000100010011010111101001000001111101110101100111 
11100101010111100010011110111001001111101101110001011010011111011111101100101001001111010011011010111000001100010111110000101001001110101110010110111101111000011101100011000101001110011111111111111101110001101010000110011111110110000000111010011100011100000000110101110101101100011101011110101010101110000011100000101001001011010100011100001010100100101000101010101001010010100111010101010000111010100010011000110111000011001101001110101111011100010111110101000101001000111000011001100110000011000000100011001111 
01001000011000001011001000001110001000001000000111001011110101001100010010000101010011111011111001101001110010111101110110100101101100110101101110111001001101101011100001110111000011010101001110100010010001100011100101001100000010010010000100111110010000000100011100000111111101011010110011110100011011110111001001110101001101001110011100010000110000100110100100001101011010010010011010010010010110110101101110000110000011001001001111011001011111010100100010010000100110001010100111000100100111000000111010111001 
00100110010011101100110101110001101100011010010110001111010101101111111001000101101000011001110110111001101111110110111100100010111100001001110010010100011100100111101011110001111101010001010100010010111010100111111100101100010111110111100000111101010000111100001101001000000001111010100011000100011110111010010010000001111001101110100100010000101111101110110100100000011011011011010101001000101010001010000000110000010010000010000110010110001111010100010001000101011000011001001101101000000000101100000101010111 
10101101001111101000101111111100001101000011011001110100001111001011000001000011110100101110111000101110001010101111010100110011010010110011001000000001011001000010000100010111100001110010011100010111001111001010100110000011011010000111111111100000010001101111100101011101010101011010110010111111010001111101001100111100101111000110101101010011011100000110110010100000001011001010101010010001001100000000000011000010011111000111011010010110010001100101100010100010011111100101011000100110001011010000101001001111 
01001001111011000100100100000000100000000100001101010010000101000011010101011111000110011100101000111000110000011101101001111110001100110101100011111100011110011010011111001110001011000000000101110011010100001110000011011000010111001100000011010111001110010110000001000100101000110000000011111010101111011011011100111011001111111100101000001000100001101000001010110000000000000011010111000100110011001010010100111111000010000011011101000111111111100111110011000110100000001000011101100110000011000111100101111011 
10011101101001000001000001000011100100000100011100010100000101001100011100000101001111000001100111011011001110001111100101010010100100110100000000111111001011000110001010000001001010000001011010010000101000101000100010011101110100000000111101111111010010011101000000001000111001100000100100000100001010010000001100001000100001000000010001110010110011000100100110000101100001000111010101011111100101000011000111010101110010100110101110000110111111110110100000000001011110111000001010100111110001011100101001000011 
01101001011011000000111010101001010100101101011100100110101101111010101100111101000100000101110000100110010010010100010000110000110100011000000000110100101100111101111101000110001111110100001000100011010010000110010100111001110111100000101111000011000000110110000100110111100100011010001001101110001010101011111100000011101011101101110000000001101101010001111110100001100110101001011001000100011101101110010010010010010001100010000110101111110101001111010001110000111100011100001100100110000001011101000110111011 
11110101111101000001111110110000011011001111100101011100111111110010110101011111101100110001110010100000010110010011110011111001001010101000100110000111101101110011100110110100111111001111111101001101100100111111100111001011100001000001101001111111001010101001111110111100001100101011010101110000011011000011110001011000011010101001111101011110011111110001110101110111011010101011101111101000010011101010001010000101110101010111110011100100111101111110101110010001001110101011010101011001110000001101101101010011 
00011011100111100001001011111111000010110001010101011111100111111001001001100011000111011110001000100100000010111111101101001100001001111111101111010010110001011011001001000001010000111110010000011001111110101110111100111100001001100100000011100000101001001111000010000100110001101110111101001111111000001010000110000000010001101101011110010000011110011011100010110110111001001101110110101010000100110110110000000000110010010001011010000101100010111011000101100111011100110101110101101001010111100010110101111111 
01001001101011000100100101001001000000000000001101011010000001000010010100011111100110111100111000111010110000011101100001111000001000110111100010111000001111001100011111100110101011000000000000111011011101101010000011011001110111001100000011000101011110001010010000010100101100110000000001101110101010001011011100110011111011010000101000000001000100101000101110111111000101011111111000100011010111101110011001000011110011101000101010111100011101111110111101111011011000001011010011101110001000001011110100100011 
10110010101001111110010011100000111111100001111000011111111111110100001100000000101000101101110101010011111111010111100000010000001111111110010010101111111100000100000111111101101111011010101111100011110111111111100010111000000001100101000111111110111000001101011101101101011100011010001010101100111110000101111111100001011010010010011111011010010101100111110001010100001011101111111011101011011111001100111011010101110011110001111010100110010000110100111111001011011000001011010111100000100000001011110000100011 
00001001100111100011000001111010000000111011110100011111000110011101011001100001001100001110001000011101110001110111101101011100001101101101111101010010110000011111101001001001110011111110100101011001111111101110111001011110011000110100010110100001101011000111001010010101010101011100111101100101000000001010011110011000000011001101010101000000001010011011000110010010111001011100011011001011011011111110110111011111010100110110110111111100100000111101010110011011110100111000000100001011111111111111000111101101 
10010100101110110001011010010000011100100111010001011010101010011010001010111101111110011110111011000101001111010111110100100000001111010110010110101101111100001100000111110100100101010010111100100111110111111010100011001101010000100111110111111010110000101100110011011111101111010001101001001101000101000101100001101101101001111100001001011101101111100010001110100110001010101001001111101100000011001110010000100101110110000110101001110100111011111110001100110101011111001010110010011001111000001010101101110111 
10000100110011110100001011101000001100011100111011111001111110110011111000111111111100111000100010111111101001100110111010100110111110110011110111010110111001001000100001011010101111110100111100110100011011011111000000010111011101110101011110010111001011101111111111111100101100011001010111100001011011000011110001111001001010101010011101011110011111110101110100110101011011101011001110101100010011101000011000100101100111010011110011101100100101111010101100011001011111101011010101111001010000001011111101110111 
01110101101110101011101110111001011010101111100001111010111100010011101100100111100101110101111110101000011100010111010000110101101011110010000100100101111011110011100110110110111111001111101011101101110101111011111011111111000101000000101011111100011101000100100111111011111101111111011011110011111110001110101000111011000010001111101101011011001001110100110111110100011011101101110010101010000100011110110010000100110010010001011010000101100010111011000101010101011110110101000101101001010101010011110101111111 
11110001111111100011111110111001001111101100100000111100111111010011001100110011101101011101111010111000000110011111110000110001101110100001000000100101111111010011100110110110011111011111111111011101110101111011110010011111100001001001101001111100011101000101100100110001100101110111001011110001110110111100101100111110000010101100101101001001010111110110110111111101010011100111100010001001000100011110010010010100100011011001001100101010101010101010001000010111001110010011000101101000100001010011010101101111 
01101000001000001010011000011000001000001000010111001011010101001000010110000101010011101001111001101001100000110101011110100101111100110110101111111000011101111011101001110111000011010101001110101010010101000011111101011100001010010011000000101110010000000100010000100111111110011010110011110100011011110111001001010100001101001010011000010100110000100110000101001101011110010011011000110110010101110101001110010110110011001001001111011100001111110100001000010000100111001010100111000110011111000000011010011001 
11110001011110110111000010111011010110101110011100100000100010000001001100011110111110111001100001101101100101000111000111001001110101111110110011001001000110001100101010010000100001111010100110100010011101111110001010101000011101001011101011100111101100101111100101110101111000111111110111111111001010010101101100011011001111111101010001101000101111101001110010111111100111110101101010111111100101110110101011010001111010011000011110010001110111000011000101000000011011010010110101011001110001001001110100111001 
00001001111001001001000000000011000000010000011111110011001101011100011000000100101111100001100111011010101000001111101100010010100100110000100011111101001111100010001110001010100110000001011010100001111000101100001010100101110100000010011000011011010111010101100000001001111001001100101011101110000011010000001100100000001011000000110001100110110001001100101110001101110001001011111000011010001101000001001111000101110110010111101110010110110101000011100100010001011110100001000000100110110001011110100111100001 
01001111000010101100110111010111101110011010111111001011011101100110000001010011110101101110000001001110001101010001010100010000111110001110101100101010010000110010100101110100101011010010100111001011100101101101011110101110110111110100101101111000001111000010011001100010010100000000000001000010100010000110001101011001000000010100101010001001110000101010101011100011000100001101000011000110111110001011010011110011000011101010010110010011000111001010110001000110111000001000010001100110000011011001100000010111 
10010101001111101001010010011001011111110110010101011001101010010011101100111111111110011100111011001100111111010111110000100000001011111010010010101101111100010000010101111000001101010011111011110110110111101111100000011101010001100101110111110110101000101100111101110101011000011011101000111100010110000111111101100111011111000111011011011011000101110111101100010110010011101111111010101011010111001110111001010101110011100011101010101100001101111110111111011011011000001011010011101000100000011011110100110011 
11111110101001101110010011100010111111110001111000000111111001111000101001010100101000101101100101100111101110101110110010011110111111010001011010000010110011010110001011111111000111111110111111011001110000101111101111111010101010100110101110010010110110010010100110000111110110111100000010111101001100101011011100010100001111111001101100110101101100100111111011101110111100011111011000110000111011011010010110110111100011110011000100101111011111000100001011110100101011011111000001100110111011100100000101011011 
10011101011110001011010100011011010111110111111101111001101011011011100100111111111110111100110011001110111101010111110000100000001010111110110000101110111100010000010101111101011100010111111010110110110111100111100001001101011001111101110111111111101000101100011101110001011100010011111000111100011100100110111011100111001101010111010011011101101011110111111100111110010011101111011110101010010101001110111001010101111011100010001010101100001100011110001111010001011000001011000011111000100010011011110100110011 
11001101001101000101110101001001010000000000001110100100001000010000001000011111011111000101100111011101000100010110000111011110001001010010110101011101001100001000100000010001001000101010010110000110011001111111011011000011110101011101100110000111001100011110110000110100101000011110011110011101101100000101110100010100100001000001000010110000110001100110100110001100100011001011101000010001110100000110000100010100110101110111100110010110110100000010111100011010011000111000011000111101110100111011010010111111 
00101001100111100111000000111011000000111001110100011110001110010101011001110001001100001010001000010001100001110111110111011101000101101101111101110010100000011111101001010001010001111110100101101101111111001110010011011110011100110100010110100101101010010110001010011101010001011110111111100101000001001010011110011000100010000101010100110000001101101100111100100100010011011011111101001000100010001100110000010000010011101110000110010110011110011100000001001101011010011101001100101010100010111110001101010111 
00001011100111100001011001111110000010110011010100000101000110000100111111100011000010111001111000001001110000110100100101000011100110010011101101011110011111111100010111001100101011000000100000011011011100010110001011101000010110001100000011100001001110001110000100001100101100000010000000101010010000001001011100010011101010001110101100001100100001111101001011011000010001100111110101001000111011001011111100010001010000000011100100000111101110001010010001100100001000001100111011100100000001011101100101010001 
11000101100001000000110100001101011001010101100011001011001101101000110110001011000110010001111101100001101001101101101011100110111100000101110010101100111111000010111011101110100011110001011101100110001001011001100011101101110000110101011101011110010011100100101110000011110100111000100010111000010001000000010100000100110010000001000001100010100001100100101101011100100001000011001000111001101100001110000100010000110110100111101010011110110100000110111000011000001000110000011001111101100011001011001010101011 
01001001101000100001001011000111010000010000011111010110010000000100011110000100111110101011101111011000100000111111101100111011110100110100100011011101001011100110000111000001100010000001111000000000110000101110100011010000010100000100110101011011010011001001000000001000111001001000100000100100000011010100000100000010100001010000000000111010110001101010101100000101100001001111110100011011100100000101001110010100010011111011101110000110011111011010100000010001110110010001101000100110110001011001110101111001 
01000001101111100100010000010110011111111111010100010110100011010011111000001101110111001100101110001110101010010111111110111000111110111000010010000100101100010001001111111100100011011010101111100111010111101011100011011001011101011101111111111000010000101000110111000101011100011011011100011101110111111011010100010011101010001110101101111100100001111101001011011000000001110110111001110010111011011011111110010001000100000011101000000011101110000010010010100100001000011100111011100100000101010100101111000001 
10001001100111110011001011001111010000111111111000011111000110011001001001100010001100101110001110011101110101010111101101011100001101101101111101110100111100010110101011001000110011111110100101001101111101101100010001011111011000110101110010100011111010000111000110010100010101011100111101100101010011001010011100011000100011101100010100000000001010001011000110110010011001001100010010001011001011111000111010000100111111101010011010101100000101111110011111110100101100011011000001111001101010011011111100110011 
10001010011100011101001001011111100010001010101111111011101101010001011000000001110000101010001000101010111111010110111000100010001010010100100010101110101110010000011001111101011100110111110010110110111111100111110001011101111001110101100111111110111010101100011101110000011100001011111001101100111100100100011011101111001101010111010001010101001001110111111100010110010011111111001010111010010100011010111101010101111011110010001010101110001100011110001111011001010100001111011011100000100010011011111100110001 
01100000011001011010011011001111111010001010101110111011111001101101110000100001010100110010010011001100001110011111001000011110110101100110110001111000110001110101101100011000101010001001101101011101101010011111001000110110001000000011010110010001001001011100100110011011001110000101011011101101011010001111010011111111000010011010001110011001010010100011011110100101001010011101001010111010100011101110011001101011000000111011101010100110110000010100101100111001010100101000100101000001010000000011000001110111 
