11100101010010011101111111100011101000110011001111111010000111110101110111111101100111101111111101111011010101111011100110110110101100000101101110010101101110101110100101100101111101110111110001101110111111000100101111101111110001111101011111001101100000010110110011100100110100101011000111101011111100011100010001011010111011010011100100011110011110010001001011111100001101110011011101001101001010110110111100010101011000110001101100011101001000001111100011111010100110011101111011011101110000010001101010001101 
00011001100000100000111000101001000011100000011101001001010100010111000110010001110010101100001000001000110100011010111001011100000000000101110111001000110001001001111100010101100000001101001000001100101001101101001010000011111110011101101000011101000100110100001101110100010000000011100000111100110000000010000101000000011100001100000001000000000111100011100100000100110000101100111101011001001110100000011011001001101000001110010001111110000011101000110000001000001001010100010000101110111100100001100001001011 
11000001101001101001101000000010111000100000110011100010100000011000011111000111010000001000011001010110111001100000000000011101011010010110000010010000110000101101001101000011000100010001100100011011001000100010001110011111001011010101100011001111010100011000001111101011100111010111101101001101011100100001111000001010010010111101010000011101010100110110001000101000011001101100001001110000000011000000011000000010111000001100001011010101001111010000011000111011011000001010001010010100000000100000001100111111 
11000000000011101001000010000100010100100011001101001000010001000110000101111001111000001011100101010000011100010101100000101100011001010001100011000000010100011010011100011011001001000001011100010001111001100111000111000000010010001101100100000001011110101000100111111110000011011000110111010001111110001111100101100010000000000001010000111110011000101101101111011110010100110111010001000001001111001000111010010010001110011110111101101100000011011000001001010111011100010110111001000100101001100011110100111011 
00110100100000101011000110101010111010001001001001001011010000000010110001010011111010101001001110000010011110010100100000010101111100001100001101100000001000001001101110010111000101010001110000100001001000100110100111001011000101100111100000101101001110101000011100001110110110000010110010001001110000100001000010101111100011101100010011011101011100010010100100100110110000011101000001011100001000101110000001100011001000111100000110111000010011111010001011001100011101010010100000001111001011000000001010111111 
00111011010000100000101000100000010011100000011100001001010110000110000100010001111000000101001010101000110101011010111001111100000101000001100011001101000001001000110100110111110001001100011001001100101001111100001011001101111110011101111000011001000100110100001101110110000010000011000010110100110000001010100111000001001100001110000000000010000101100001100100010101100000001101111101010001011110100000011111011001111000101110000001111110000011111000110000010000001001000100010000101100100000100001100011001011 
11100101010111011111011111100001100000100011001111111010010011110101110011111101100111001111111101111011000100111011000110010110101010000101101110010011101010110101100011000101111101110111010111101010111111010101101111101111110001111101011111001101110000010110100011100100110101001001100110101011111100010100010001010011111001110011100100011110001110010001001111111110001101110001111101001101111010110110010100010001011010100001101100011101000000001111101111111010100011111101011011011100110100010011101010001101 
11010001000111100110110011011110111000110101100001110000101001111100111000110011011100011010001110001000100011110000010000011111110000100011000011010111001110010111001011000011011000000011100011110001000110101011000011101111100010110101111101010100111110010010000010001110011001101101011010010101110100001001111001001010010011101110111101011001101011001111101110010100010000111001101110110010101101011001100110001010101010000001101010100101100011001001110100011110011000011110100001111111101000010001001000001011 
00100000000000101001101000101111111011001001001000010111010101101100100110000011010010001000010000100110000111011100000000111111011010011110010011100010000010000101001110110001001010000101110100011000100000110010001010010111010001001001001101101101000001111000101100110010010101010010111000110101001000000101101111010000000000101000010010010101001100110000001100001000110000010000111000001100001010100000101000000000111010011100001011101100001010011100010001011110001001011110101000000100001010000010001101111111 
10011100000001110100100011011101110101101110011111110101111101001001100011000111000111010001101011101010100101111101010111110101101010011001101001010001110000111100001011001110101101100111010100100000101100010100001110110110111110011011111111101011010101110111011001100100110111011101111111111010111001101000000111000101011101011101110010110111000110000111011010001100111101011011011000110111000011111001011001011010111001110001010001101010000111111111101110011111010000101010010110111000010111110001011011100001 
10100000001011100101100011000111101010100000000011100011010111001100110111011110010011001101111000101111000111010111000000011111111110011110011011101011010011001001100101010011000000011101100111001011000100110010011010010111010011010101001111000001000101110001001010010010011011101011111011100000001100000101101111100100010100011000000011010100000100010010111100001001111100110010101010001100000011111110000001001101111010001001100000001001001000011101110110100011011101011010001001101111011011000011111100001111 
10110100100000101011000100101010011010001001001011011011010000000010110011010011111010101001011010010110011110010100100000010101001110011100001001100000011000000001101110010111000101110001100000100001101000100110100111001011000111000001100000001101001010101000011001001010110100000010100010011001010000100001001101101011100011101000010011010101001110110111100110100110110000111101001001011100001010101110000010100011011000111000000010111000010111111010000011001100011101010010101000000111001011000000011110110101 
01100101010110111110111111000101101000010011001111011001110010100001011001110111100111010111001001011111000001011111001111011111001000100100100011110100000000110010100011000101000111010011010100001010110011000100100101000111010000010011101011001100111100010101111011010000100100001100000010111001001110011000010101010011110111111100100100000110100010010101101111001110100101001001101100011010001000110111110001110011010011110001110100100100100100011110111101111101000101011101011010011100100001011101101110100110 
11101101010111111111111111001101100010000100001111111011100010100000010110011110101010010011111101110010000001111011000110011101011010100000100011011111111000110000100111100100111111110110011101011001011111010101111111000010010001000101111011001000011111010110111011110001101101001100000010101011100010011100111110010011110111011000100100001111100010011101100111001010110001011111111110001011111010010110010001010001010001110001010100100100000100001011111001111100001001111111011111110000111010010110111110000111 
10101100100011110100100001011101110111101111011110110001011101011100100011100111100111000001101010101011000011111101010111110101101110011001101101010101110001101000101001001110101101000111010100000000101101010101001110111110111100011111111010101001011101110111001001100100101111111101011011110111111011101010100111000101010111011101110010110111001110000111011011001101111101011111011000110111100011011001110101011000110101011001110101101010000111111111100110011100010100101010010110111001001111100000011011101001 
11101101011111001100001111110001100000100000001101111010110011110100110011111001100111001111101101111011001101101111000010010110010000000101001110010011101010110101100011010101111101110111010111101010111111000101101011110111111001111101110111001101111000010110111011100110110101100001100110111011001100011100000001110011111001100011100111111110001110110001011111111110011101010001111111000111111010110110010110011001011011100001101100101101000000001110101111110110100011101001011011011100111000010011101011001101 
10111001101011010000100101010000010000100111010110110011011110001110001001100110101010100000111010000111010101000110110001000011010111110110001101010011010000001001001000010100011101100111011100010011111001110001101011010111110111111000110011101010110000010100000011000001101110101101011000011100001011010010011110011101010101111011100010001001100111100111001000011011111001000111001110011111110010111011010000010010100101111101100111110000110011011101000110110100000100001100001110101100111001110010011011101001 
11100101011111011001111100000111101011110001011001101011100010110100100001010111100110000101101101100001000010111001000001010101101011100001111101011011101011110001001001110110100111101101111110001110111110010101100100110011010101101011011001101101110101000110111010110101111101000101110110011110111110011001000111010011000111111001001100010101011000011000101111111100011011011110101001001110100001110000110001100001011111110000101100000100111110010101100111111100001010010001011011010110111000011100110000111101 
11010000001000101101101010000111101001100010001100011100100101000010100110111001010000001010000100010000100101001000000001111100010010010011110111100000011001001000111110000101000001000101100000000001101000101100100010010011000110001001101000001101111101111000100111110110010001010010000001110001010000001111100101110000000100000001010011010100001001000100101100001000110001101110101001010100001010000001011010010011101010011110111001111101001011011000000000011100011100110110101000100110001001000010011100011011 
00111001001111001111110111110111011100100111001001100011101001011111001100001110001001011100001111111001101111001010001101101011011110010101011000100011100101000000111010110101011000010100110111001011000000100110110100111110010111000101101011101000111010100110111101011110111111001100110000100010001100111101011001111010100010001010110110011110011111011011111101001111100111010111100111101010101110011111000010011111111111010001010101101111011000001111010111100010011101111110101011011110110100100111101010001011 
00000001100000101001100000001111101011100000001100011100010100000110000110010001110000001100010100010000111101001000001001011100011010011111100111100000111101001001101110010101000001000101110000000001101000101111101010010111010110001001101000001101100101110000100101111110010001010010100000111001011000000001100101110000000000001000010011010000000110100000101100001100110001101100101001010100001110000000011011000011101010011110011001111100000011001000110000011100011001010010001000100110001001000010011100011111 
11000101010111001001011011111001000100100010001011111011010011111101110011111110100110001110101111011011000010111010001110010111100110000001111100010010101000110101110011000101011111101111010111101010111101000101101111101101100001111101011111001101110000011110101011100100110101001000100110001011111000010111011001011011101101010011100100011111100110011001101111111110011111110011011100001101111010110100010110011101010010100001101100011001000100001100101110110010100011111101010011011101110111110011101010101101 
00001011101010101101101000001111111110101000001000011111000100001000010110101111100000001001011000000111111101101100100000000100011110001111011011110100001100001000001110010000000101100101110000011101101001100011101110111011011011101000100001001101000101110001101100100011110001010010100100101101011000101001101101110101010000001101010011001000101110110000001110001010111000111100101101111100001010010001001000110000111010100100001011001110000010010000110000011100011001011110101010111010001001000011011100111111 
10100010010000110001110010001001101110011100001100110111111110001100111110101100011000001100001100010100011101010011001001000100011110111010010010001001011100001010011101011000110001011011101100001001101000010001011110001011011100100001111111111101000001111100101100101100010000100011110000110000010100101001101110010011000000111100001001001101011000010001101000001011110110101110111011010000001111011001001111100100111001010010100010110100100001011000000100010101001101101111101110100110010001100100001010101001 
10111100001101001111100111011001011001100011000001110010100101111110001111011010111111011100011111011011011111100010001101100001011110001101111001010011100111010001111000100000010110011100110110001010010000110110110000111110011110000111001011000010111011100111000101010110111011010101110101110000001100111100011001111010101011010010110110111110000100011001111100101110110111010100101111101010011110100111001100001101111110001001110100111110011000001111010001100101011100110101001011011110100101111111100110101111 
11010110111101111100001110011100110101101110111111110101111101011001101001010111000101010101001011101010110111100001000111111101101110011001111011010101110010111100001010001010101111100111010100110010101100100100101100100100111110011011111111101011010101110111111001100100111111011101101111100010110101001000100001010100011000101101111010100011000010001111011000001100111001011011011100100001000011111001010001111010110011111001000000101010000111111101101110011010010001100010010111011100010001000011110011101001 
10111000101011010010110101011100011001100011110110110011010010001111101001100110101010101000110010000010000001000101100001001011011110100110010100010111000000000000011000010100011101100111111110010011111001110011111110001011110110110010111111101001011000000100000110000110101110001100011001010101001010110000011100011101110101101010010100001001000010100110001001010010111000100111001111010111110111111011010000001110010111111001100111011000100111111000000111010101011101000011001010101000010101100000001011101001 
11100101000111011011010011100000000000100011001111111001000010110100110011111101100111101011111101111011000010100011000111100100101000000001111100010011101011100001100010000111111111010101110111101010111111010110100101101110110001111001010111001101101000110110100011100100111101101101101110101011110110111110010001100011111001010011100001101110001110010001001011110110000101000001101101001101110010110110011100011101001010100011101101011101000100001111101011110010100011111101010011010100110100010010101100001111 
11000100000001101001000010000100010101100011001101001000110011010110000101111000111010101010100101011000011101000101100010111100011011000001100011000010010010000010001100001011011100101001010100010001100001100111100111000000000011101001100100101001011101101000100111111010000011011000110100110001111010101111100101010110000000000000000000111110011010101111010101010110110000110111010001000011000111101000011010110110001110001010111101101100001011001000001001100111001100010110101101000100101011100011110100011011 
11111001110000000100100001110001000111100000011100001101111010000110000110010001111000000000101010101100100101011110111100110100000110000001110011001101100001001000110010110100110001000100011000001100101001111101001011011101111111111101101000011011100100110100001101110110001010000111100010100100110000001010110111110001001100101110001000010010000101100101100100100111101000000101111101110001011110100001011111001001110000101110001010111110000011110100100100010001010001001101011000111100100000100001110011001011 
11010010000001101101100011000110010101100010001101001000000001000010000110111001011000001010100101010000010100011100000000101100011010010001100011000000110001011011111110011001001001000101111100010001101001101101000110000011000010001001101100001101011111111000000111110110010001010000010001010001111100001111100101100000000000000001010010110100100001101100001111011110011101110110110001010101011110001000011010010110101110011110111101111100000011011000000000010110011100110110101001000100001001100010110100111011 
10000010000001001011110010000011000110111111000010010111100100001111010110100011011000101001001000010000111111111100010110010110010010100100011010110011010100011011001100010001010101010001010101001101010011100011100110001001000011101001000001001011100100110101101010111011010011010001000010001101000101111001101110110011101001011100010000000100000110101001000111100110111011001100101001001000111011010101000000101100111101100011110110100010111000101110001100110001101000011110110000000010101111011001010000000011 
11111110000001001001100011000110000101101010001100001000000011001110000010101101011010001110000001110100010101011100000000001000011010010001110011000000110001000011110100011001001011100001111110010001100101001101000110001010000011001101001100001000011111111100001111110010010000010010001000010001110101000111100000100010000000000001010011110110000001101100001111011010011101110110110010011101011110001000010010011111100010011110111101111110000011011000000010100011011110110110100011001100001001100001110100011001 
11000010100000101100101010000110000101100010000001001000001001000010101100111101111100001010100101000010010000001100000100101100011010000001110011001000110001011011111110001001001001000101110001011001111101101011000110000001001010001001100100101101011111111000000011110110010011010010010111111001101101001111011100100000000010000101010110100100101001101110001111000110011100000100110001010101011110001000011010010100111000011011111111111100011111011001101000010010110100110110101011000100101101101010111100010001 
00010110000001111010000011011101110000101110011111111101001001001001000011010111000111110000101011101010100011111100110111110100101010010011101001011001000000111000001011001111101101100111010110001000100110010100001110000110111010010101100111101111010001110011000001100100110101011101111111111010111101101010010010010101011100111101110010100011000100000111011011010100111100011011010000010111000011111001011001011011111101111001010001001011000011111111101110011111111001111010010111011000011010010001011011101101 
11100101010111011111111111000101001000010001001111111011100010110100110001011111100011000111011101111011000001111111000110010111101010000001100011010011101011110001100011000100101111110111011111101010111110010101100111100111010101111111011011001101111000010110110011100100110101000101000010101011101100011100010110010011111111111001100100011110101010011001101111011110111001011111111111011100111010010000010001110001010011100000100100000100000100001111101011111100100011101101011011011110110000010110100010100101 
11100110100000111001110011100011110010101001001010110101010001000100010110010010011010011100000001111111010111010111101010101111110000011111010100110011100100011110001111100000001000000101000110110011011000110010001001001101001001110101000011011100011011101001101110100011011100100100111011111010001101000100101110000000100110001110110011111101011001100001101001000001111000010100010101100101010001101011110000001000011011011010111011111101011000011101011111010100100110011100111100001110011001000000001000111101 
11100110000101000000010000010010101101000000101100100110101100100101010000011101011001111111101110100001010100000000011010010000011000100001101011101110011110110111001100011010000100000100110010000110011111001011001101000101111000001000101111001000000011110011100011010111000011010111001110010101000110001000010000101110110110111110011111011001101001000100001110001010000011110011001101001011000000001011011101011100101100001000101011100001100000011011011001000010001000011001011001100101010001111000111011100111 
10000010000000110001110010001011101010011001001000110111011010101100111110010101011000001100001100010100001101010001000001010100011010011010010011101001011100001010001011000001110101110011101100001001101001100001011110011011011111111000101111101101000001111100101101101100010101101011111000110101011110101000101110010111000001011000001001001101001000110001001000001001110100101100101011010000001110010001001101100100110000010100000010000110100001011000000100011100001101111110100110100111011001000100001010101001 
10111001001111011111110111110101011001100011001001110010101011011101001111011010111001011100001111011001111111001010000101100001011110011101111001010011100101010001111010000100010100011100100101001110000000110110110000111110010110000101101011111000111010110110010101011110111011111100110101100010001100111100011001111010100010011010110110011110010100011011111100101111110111000100100111101010001110111111001100001111111110000001010101111111011000001111010101100011011100110110001011111110100101101111101010101111 
00011011111010101000110000100100010110000100011101011101111110000110000100010001111011000101001010001000100101001010101101000000100101000001101001011111000000001000010000110010100001010100011111001100100001111110000001001101110110010101111001111000001100100000001100010110000110001011000010111000110000001010100110000000000100001100000000010000000101101000100101100001000000011101111101011101011110100110011111111001111000101111000001111110110011111001111000010000001001000100100000111100000000100100100011111011 
00110100010000100001001011001011101010011101101011011000110000001000110000010001110000101101100110000011111110010100110110000101110000001110100001100010000001000000101110010010101101010011110111110001001000010110101111011000001111101011101001111111001111100100011100011111010010110000110010000111100100111001001000101110100101101100110011010001011100010010100100000110110000111110001011010101001010101110010011110010001000011110000110101010111101111010111011100101011000000010100001001100101011100110101010100111 
00101011001110011111010111010001011001100010001000110010100011111100111111011110111011110100001111011000111011010010000001001011001000011101111001010111100001000001101011100100010100111100100101001110000000110010111000111100000110000101101010101100111010110110010101101110111111111100110111110010001100111000011100111010100000111010111111001110010110011011111100100101100001001000100011101000001100111101001101101011011110011000110101110111010000011111011101100011011000110010001011100110100101101111101010101111 
10111101011111001100000100110001100000100000011101111011110011110100100011111001110111000111001111001011001101101111000010010010010000101001001110100011111011110111100011010101011100110111110101101010110101000110001110110111111001011101110111001111111000000110011111111101110101100001100110100011001100011110000001110011010001011011000011101010001110111100011111111110010101010100011111000100110010110111110100111000001011100001101101101100001010001110101101111110100011101111010111011100011001010010101001011101 
10000000001111100101110011010111001010100000000111100010010101001100111111011110010011001101011010101111000111010111010100001111110110011100111011101011110011001001100101010011000100011111110110001110000100110010011010011100010110010001000110010000001101110101001010011010011011101111111011100000001110001001101111101100000100011000011011010101000101010010101000011011111000110011001010011110000011111100010101000101011011010011100000011101001001011101010111101011011101011110001101101111011010000111111110001111 
10011011010010000000111000100000010011100000010111001101010110000110000100010101111000001101011010101001110101011110101001011101000111010000100011001001010000000001111110110111110100001100110011001100111000101110101001001010111010011101110000011011000000110100001101010110100010000011010010110100110000001011100111010001000100101110000100000010000101101001100000011101110000001001111101010000001010100000010110011001101001001110000011011110000011110101110100010000010001010110000000100100000000100001100110001011 
11100111001111010100001111100101100000100101011100111010011110110000110111111011100111011011111000101110101000100011110000000111000010000000001110010111100011110111010101011101011101010110010101101010111111000001100011110010111001011101100100001001111001000111101011100100110100000000100010111011101111011110101001101110101100100011100111110101001100110000011011111111011101000011100011000100110000010110010100011001011111100000101101001000111110001110100000111101100010000001001011111000111100000101100011001101 
11100101111111100100001111100101111000100000001100111010010011110100110110101010110101001001111101111010001000100001010000011100010100100000001110011011101111110011101101010101110101010110100111000010110111000001101111011010010010011000010001011001111000010110100010100001110000000010100110101011001111001110001001111011111001100011100111110111011111110001011111111111011101010001100110000111110100000111011100011001010011110000100110000000011000001110100010100110110011000011010111011000111000110001100010101101 
00010100000101111011000111011101110010101110001111111101001101000011000010010111000111010000101011111000100001111100110110101100111010010011111001011010010000111000001001001111111001101111010110001000100101010100101110001110111010000100100111101111100101110010000001100100100001011101111101111110111101101011010010010100011110111100110010000011000100000111011011010001111101011011010000111111000011111000011001001001111111111001111001001111000010111110101110010011111001111000010111011000011010011001011011101101 
00100000000001100001001000101111111011001000011000010111110101101000101011000011010011101000010000100010000111111000000100111101111110011010000011100011000110000000000010110000001110100101110100011000000010110000001011010111010101001100001000111011000011111000100101110010010100011010101000100011101000000001101111010001000000110001110011010101001100110110001100100001111000010100111000000100010010100110101010000000111010010100000111101101001010011100010001111111001001011110001000000100010010000010001101111011 
