01100001011101001000110110111000000100110010100000000000100011101000000000010000001010000110110110110011100000101001100101101001100011000110000011010010110100100100100101011100101111100000010000000101100111000011010111110000000110100010001100001100010101000001001000101111001101010010011111000000100101000100000100110100100000100110000001111110100100001100100111110100000010000000010010111100000000011110001001000011111111000111000010100000111111000010110010101000101000011011011100000100001001101101001110110110 
11000111011101010110110001010110011101001000001100111011110100101000001111011100101111101111000101101011110010011111011111110110010110011101110011001101011000101101000101010101000101101000001111100010100010100010110011011110101110010100001100101001101100011100011111110110111100010011110001010011110011001101001110101101001111010011100001111101001011111110010111111011100110011101000111111111010111100100100011101100110000011101011101011101111101110111111100111011001100111010111001101110010100110011110110101011 
01100100000010010011000001100011011010101111110010001000100100001001001101010100011001000110100100100111000111100001000100001101010000010110110010110001001011001100110010000011110001010111100000110010010000000101100101011000010001001000001010101100011101110111101101010100000111011001011100111101001011000000010001001001001010000001001000110100000011100101101000110010000101111110010011101011000010010100101110010111000010010100000101101101101110011110100100100010101100011001000010011001100000011101100001011000 
00010001110011111101100001111111000101100100010000101111110110011010111011110111111110101101111101001011110010100100000000101100101011001110000000100010111001100101110010100011101111001100110111111011010101100011110111001011111100111001111111111001111101101110111001000110000111110100011011001101100101111011001111011100101000000000100011101101000100111100010001101011000001110110010001010101100110000100001110110011011010111000011011011110110101101011011111011100111110111101011101101111101111101111001101011011 
00001000000001001110110110001100100101111010000000011100110010000010000001000001000100000011011011101101100110000101011101101100010101111011011001010100110100011001011011100111110011100011101011001011000000101010111001101101000101111101111000111000010000000011000100011011100010010001100001000111001110011100011110100011010110110000011101100110110100101101001000010101001101000101000111111000010100000100011011010000101010101001110111101100001100100100001100101001101011110010011101110101111100100110111111111111 
11010110001110001011001000101010101010000010011011011000100001110001011000010010010010100001111011110010010000000110011010101101010010101000001110111100000110111100110001001001111000011001010001011001101000110010000000100011011000011011010001000000010011100010101001010010111101100000000000001100011101110010110000010111000000001000001111010000011100000111101011001001101011011110101101110010010000110010111110110011011011010010100010110010000001011011100111000001011011110100010010011000100110101100010001010001 
11111100100010100001100000100100101101000111011011000100001000101000000101110000100000101011001010011101001011100111010101100000100000010100101111011110100010110110001101110001111001010101100000110101101011001101001010011011000110011001110010000010111110011111101000001101110100011100011101111111100100000001010000000110000101100110111000010010000010111111000011100110100100010110001101101110101000100101001001000000000000010000100010110100000101111000010100100001110101000100000110001101111010010101001100100011 
11011011111101100011011001001001110000110011011001100010100000001011011101101001111011111101100011100011111101010000000101010100011010000100001010000010001101111110001110111001101100011101100101011001110100100111111110101000110010111110001110101111111111001011001011110011101100101001101100011111101101000100101011011100101100111001101010111001111110011011101010111110000111100101011010011100000011100101100011111011011001001000010101011111101000111011000100011111101011101110101011110111001111110101111111100111 
10111010101010110000000110000011110110101110011100011001000111000000100011101011001001101100000111111000101010010111111110001100101101100000010001011101010110111100110000011011000010001010010110001100001000100100101101001100000100000110001010100000000101111011011010101010010010000001000000100000100101000100111100010010010101111101011110011000101100010011000000100100010100001010001011110010000000101001111001100101001100111101001100101010010111011101111100110110101111000111010011011010011010010011010001011111 
01011011111110100011101011010100101010001111001111010111011011010101100111001110000111011010000111101110111011010001101000000001110110101011101110000001011111100010011111101001100101100111100010000000101010110100110000001100110111101001001011000000110001110001111111011101100101001011111110111011101111001111011111111101001000000011111100100111110111110100011100000111101010101101101101111100010111100001000010011010111111000110101100111001010100101011001111111000110111001010111010000110110100101111010000001001 
00010001011110100100011011111101010011001010101001001010101111000110100110010000011011111000001111011001100101001000000000111001010010011100101100101000110000101000010101010111000000101110001100000110000100001101100011000101000010100110000110101000000101101110011110100100010000011010101000000000100000010100011011110000100000010010111010010100011100010001011010101101110111000000011101000111010110110101110100100011011100101011010011100000100101100010010100111000101010011011110010000001100001011001010001000110 
11111001111100001100001101101100000001011001010101101000010000100110000001001000011100010100110001000011111100111111110000100001000101011010101000011101000011010000100100100111000100110100000110101001100110100100100001110000101000001100010100001110101101000010100011001000100000100010100100000110011111100100100100011111011100001010101100000011111001110110100100110011000111111010001010010110100110000101001111000000101010001010101011000101010000110101100111010110000110100001001010001100101011000010110100101110 
00000011100011110001000001100011101100011000010001001101101000011111010011001100110100101111101000100001110000100100100101001110100011010100001000000000100010001000011101011110111001011110011111100010000011100011011000001000010000100010100001001100101001011011000100100111100010101111010100011100001100000001110110100101001011100101101111100000101011010010101000000110110000110111010101101101101101000110100110110111010110100001010100100111101001010111000011000101000001001101000000000001101001001101111010100111 
01000110011100111110010100101101011000111010101000000001111111111101101111001111111110100110101001001100110101011010011000110111011100101110011001111001011001111011100111101110010110011001111011110000101001110010110011010101011000000001001110011111111000001110111101111110001101100101101010110101011011010010110100111101100011011011100100100101000011110011011110110100101101101011111010110100010100111001111111111100111000011100010101111110011110010010101100000010001100011101010100101110101101001010100111100101 
00000111011100011000101000010111111000011101100001101100011100010001111000011101011000000010101000110111001001000101011001010001111010011010000100101000001001011000111000101111010010010100100000110111001101000110101100001010000101101010010000001000100011101000001101110011000100010001111110101011000110101010000000000100011111110101111010000001011111001000100110011101100101001001111110011010100110101010100111100010100110110000111110111000111000000100011000110000101001101100100100001100100010110100111000101001 
00110011110101001000111110011000001000000011010110110000000001001100100111100001100010001000100101011110010010001000111101110010100010011101010000011001001001110000000110111000111011011010110111010011001000100100101010011001010001011000000111111111100100100110100110011101000001110111101010100001101101001101000010101001000110000010110000101000011100001011011101000100011001000000100001110010000111110100010110111011011101010101000001110000110011011100000101111010111010111100000110010001111101010110001100011001 
10010001000010011000011110111011110101010100000000100000101010010010100100111011111010010100101001011000010101101101111000101110101000101010101100011010110001011000010000001110001010011110011110010011000010011101011111100010011000010001000000101111011111000010100001111011001011111110111110100000010001111100110010011010010000001100101011001011011000010100001001111110011100101010100100000010111010011010001100100000011011111100111010001010000010001000010010011011101011000100010101010001001001000000001011000101 
00000101100011100010001010110101110100010111010110011010010010011110000000000110001100000101101010001100110000011100010011100101110001100010011000100010011110011011010000111110010111100000001110111110010000101000100101001111011011101110101001011110110100001110111100010001000010100001010110010001000011001110000000010011111011100001111010111111110000111110010100011110001111111110011110110011001000000000010110001100101001011000000001010110110011101000100010100001011101010000100010100011111010101010001011110011 
10101111011011111000000100001011001001111000111010110010011010101110010010001100001010110010101100100000001110111011101011001010101011010000011101111110110101001110010110011110110101100100000110110110011100100001100001000010010111011010110101010000011100110001000111101011010111110100010100011110100100000100011010000001001010101111011111011011000100101100100100100101001000011110010001001110001110000000100100101010001011000010100011001001001100110001001110010001010011001010111110100100011110010110001100010001 
01010010011000100111011111001110111000101010001000000111011000001111100111100000011110010010101101110100101010111111110100000101100111011101011101001001100011010010000111110100110001001111010100000110110110110000111110101110001010010101100010111001001001010010001011011001111000111010010100010110110111001100000100111000110111010110110101110010010111110010011000011010111000001101001011010100111111101001010100101010010011101110100000001111000001110011011000001111100000101111011111101000010111000001000111111011 
00100111010111011100110100111010111110000010100010111000010111010011001010001110010011111010101000100010001001000001000011111001110000110110110110111111011010010110111010100000101001011011110001001111110101000010010101001101111000010001111001100001111101011001010001100100010001110110011111111000110101001101111111000111110010010001100100101100100110011111011110100010110011111110110001000111010111010100011001101000111100111111011111010110111001111000000110010001100100001011010000000001101011010000011100001011 
00101100010011010110110111111011100111100100100011111110110111000111100000001101111111101001111101101110111001001110110001110110000110101010111011111101010000100010011011110111111101110110000010110011001000100011011110000000111100101001110110100101100111010001011101100001101110100111011110001000000110011000100111111101001110010101100111111000001100111001110100001000111010101110110001000100000111111011010110101110100101111010001101100100000111011011101001111010100010101101000011001101101111010100111000111011 
00111000100110010010010010101111000000110100010001001100010100011110100100111110001100100000111110000011111011111001001111010001000010001011100100100011011111000110101100001111111111001001010011001011010010110001110100110010000010000001110101101011011011000100111010110110111111010111111011000100111111001011100001011001110010000111001110001111111010011100011100000101011010111101001100101111000000101110000101110011100110001100010001001101101000100100001101011101101110011111101110001100001110000100110110110001 
01101001111100101101100111011010110111110101110100111000010011000010111010100101110111100100000101100100010101111010010110010010110001111110000010100001110001100110010001100101110011000001001100101101010101101110010010101001110000011100101111000101100000000010111111111101010010101010000100001101000111101110011001101001110010010001110110001101100000010010000100010000011001100011010101100000001111001100101100100001110101101100000001001100111010001111010010111111000000001111100101101001000110110111100111011011 
11101000010101011001111101010110111110000011010000101100001111011000000011111011011011000101101111010111100111011011011010011100010110101111100101111010001011111101100110010101001100011101111111101110010110010100110011001111011100110010011100010110011110010001100011011100100010100111011001111000101100110100100010010111110011101111100010110010111010000101100110000000100000100111101010111101010000110111100010110111101100011010011010110010101000111110111101110100101001100010100000000010000100110011101010011001 
11000111110111010110000101111001111001101000101001001001010010011101110001101011001011001100100101011101010111111111010001100110101101001101100101110100111010100011100001101100101110111100001001100000000000011101010111100011011110001011011001011001000100100011101010001000000001001000100111000010110010011100110001100010101000010100100000001111100000100101101001000001011010101110101010011100001011011100001001011110111001000111101010100111100000100111000110001100110011011111011111110110001000010110001100111111 
10001010000101011100110110100101011011111100100011100011000011000111110111010111010010011110110001000001111100100110011100101000001110001001001110110001100011110100011001001001101000010000101011001011110111001101111001001111000100011110111111101001100111011101001101100100010111111110101110000010110001100101101111101100000111101001000111101001001100001001100001110000000101110101101011000000110010110100100010000110110010000110011011100110011101010101100101001000010010110101010001110000011010000100000001000001 
00011011111000111000000011011100110011101010001010000010100000010111000011001011000100000010111010100000111101000000111011100100000101100100111000101011010000010000011110010100101000110101110001111101110010101010101001101010101000001111101010000010110101011110101111001011010101001100111110001111001100000101000110110101000111001010100011100011000011100110000000110110000000100100101110010111101101100101111010010111100000101111001110110101111010000110100001011100000110000110100011100110000011010001000010101101 
00010110000011010000101011101010110101000110001110111010111001110100110001011100110101011111100111101011110010011011101011101010101110010110010100011011100000011010010110101011000111001100110101011010011001011001011000111111000100110011001011000101110110110111001001111111101000111110001010110000000110011110110010001101001010010011100000111100010000101101101001110000011001110011001101111001110011000001110001101001001101010010111000110100101110101100101001111100111110000111001111001001101001110011111011100111 
00010010100101011110010100111110100000101110100111111010010011011011000010001101100100000101111101011100011101111000000010000100111100100011001111101011101010001000110010011101101110001000010111101111100000010011100111111110001111010110011101111011111010101001010010100110111100111001110111110001010101010010001101100100010100110001110101111101010111001001101000110110100101101100001011011010100100001000010110110100110100001111011110010110010000101100111110100101110101001011010000001011001110110011011100010111 
00001110110010101110111011010011111010101011011111000110011000111000101100100101110100010100010011000100100100000001110011001101010001110101010110100000011100001100011000100101101111101101100100111110011011011000011101101001100000101001100010111111011000010101100011010001110110111111111010100111000110111101000010101101111010110000000001010010111011001101011010111111011011110001011111100100101110010010101111111011110101000000100000011111101110111011000110001111100001111110010110010101001010101010111111111011 
11101011110001111110101011001100101010010101100111110111000111000000011110010010110100011111001010111101001110011010110011011111110111100011011001100001000001101101110010110111011011100101111011101010101111001110001111011110111110000011001010011010011000011011100100001101110011011111100110001010000100110010010011011000001111011001111110110111101110100000111111101110110101010010110100011010101011110001100010111001111000000001001110010000110111111011110101000001011001000101101101101010110111111101001001000111 
11001001100101001101110111001100111011011011011101110011001101011110111110111100110110011010010111111011000111010001000000110010110111101111010001101110111111101000110000010110000100010001011101000001100001110011101101011010110001110110100111011011001010011110100011000101111001100010000110000101011011100110011101101001101111111010101001010011001111110010111011011110011000001111101011111110010001111000001111110000000011111010101110101010011111010100001001011010011010001100010101010011110100010001001110110001 
10001101111010101001101011101010010101010100001111001001011100100110110101111011010011001000010100110011100100000111101001101000111101011100111111010100010010111110010110000011010001001100101001001000011100101010011011111001110010001001110001100101010100010101101101010001110101110111011000001001000010010101000000101001011001111000010011010000110101011001100011100001001100001001111100000011011000111111011011101011001000101000100010101110111100110010100011110110000001111101001001110111111000111111001101001101 
11110011001011110001110001000010100000011010000010011011000101110111001111101100010110101101101101011110101110011010000111011011100101001111111111011011101111100011000110000111111101101011110110001110011110111001011000000111110111010101001010111111111111100001110010101100101010101110010100000111001001011101011101010101000110000011100001111011011010101110111000101101010111110111010001110101111110110011110000000001110000001011001011010110001010100010110111011101110111000000011001110111101101001110000111010101 
10011011000100001110011010001101110101111001100011111000010001001000110101101100111101001000100111110100010101111001011100110101001011101001110101000000111000011001000011111110000101100011010100110111011010110101100110001001001101001011000111010100011100111101011011111001110110100111001011111011101110110010100111110110111110110000110010011100111100110001110111011000001101000010000001110011100111110101100100111111010001100110110100111101000111101110010011110110101101000101101101110111111001101111110010010001 
11010111010011110111110001110111011110101001101101000110010101011111110111111010111001101001101110111000011100001000100010011000110000000111100110001111110110010100100100011001001000010000010101111001111001010011001111010100101111111110100010101000011100111100110110011111011001011111001010001101101011010111100100111111011011100111100001110100111100110001011111100110010010011001011011011111100010111010100110001111000001110011110101000010001011101111100111011110010110011011111111011110100011110010110100010001 
10110011001011110010001101010100101011000011101000000010001100101000100011100000011001010110011101101111111100011001100100110100000010010010001001001100101101111110111111000000101110000001111101111011001100101110011010111111101000000110110010110100101110000001001011000010000010101011001000000011001110011101110111111101000011010001110010111001110001011110110000011010001100100101010100101000110100101000100100100000000101001011100111001011001101010010100000100000101001100111111101000010010000010010011011100101 
00100100001011101100111110100000111100011101000111111011100110110100011001110010111001111111111111001011110101001101110010000010011111111011010110110110000010001011000001101001011000000110001101100000110011010000101010000001011111101001011101010101000000100111110000001010100100010100010111110101110001111010001001101011010010101111011001011100011100001101001111110000100001011001010110000110011010111010110001111011000101001001010001001011110001100100001010101011110000001100010110100101101101001110100101010001 
00011100100111111100011110011101111110101111011001011000001101011001101011111000110010011000011101111110101111000111111100101100011011101110011000000001101111110011001101110011001001010111011101010010100100011111101111010001101100010111010010011100100010001110011100011101011010000011101101011001111010100100000001111111011110000001101011000111101101000101100000001001001011000001100111101001101001111111110010010101001000111000011010100000000000001110111011111111111111100111101001101001111011001001100111001011 
00000111111001111001111111010101011111101111101000001110100110111101111011101100011110110001000010011111101101000100101101100010011101000000010111010100001101011101001110001010010101110110000100000011111001000111011001000111110001110101001100010100010101011110010101001010011000000111010001101111000011111111001100001111101001011011111010110000010101101111100011011010101011001001010101000110101011101000101000001100110001110111110101011010101011010110110111000001000011011011001001100011111110000001110101100011 
00000011111000101111110010110010100110100011111111010101111111110110010001111011101011111001110011111010011110000000000010001010011011100111001101001010000001110011001101010111000000101110110110001001110111111001001000100101101111101010110101101011001000000100000111100010110010011111000111101000100001011001101010101110110001000010100110100010010101110010110101011000110011000101100101110111111101000101010101111001110000001111010101001011011101111000010001101101011100100100110101011110100100111001011110101001 
11000110000011110000111111010111011111101001110111000010011011010101011111101111101011111011001010101111010111000011100110010110110010100111011101100110100010110101111000011010100010001101010000011100001001010011101011101000100011000001011011100001110011101100110001110100011111100000011111111011011000111111011101100100100110011010011110011100111101001011110011001001110100100001001010110001110001101000101000001011000000111110110100011001101110101010110101101101110111000000001110101101111100100101011011010101 
00110011010101110001111000111000001000010010101001100111101001010101110001011111001100011001101010100000111010011100110011101110100111100101101100001100000110010101111001101110000110010110011101011111110100100000110010000101101110100110001011101000000011001000011001101101101000101000101001111010111101101100110110010110110101101000111000100001110000011110011111001111111111001000111110100000001101101111000001100000010011000110001111111110010000100101000001110000100010010000111111111011100101000011001101001111 
01101011010110000010000100011111010011101011000001111001111110010000001000001010001100011101001100111001001110010001000111000011110111001001001100001101100010010000111111100111110100011101000000000010011110110000000011011000101100111011010001001011011000101010011100011110101001100111110001110000100111110010000100101000101001100111101000110010001011100100011011001010101111101011000001000110000001101011001010001011110010111011101111100011100000110100001110000111100011011110000000010010100010000110011010000101 
01010000100001101111100001101010001010101110001100000000111010101011010101011100110111111101010111100011100000100110000101100011111110000110100000011111011011001001001101010101000100100110111000011111000110010001000100011011110101111111100111100000110011001011011001110000110101100010101011010001111001001001101100101100111110100100010111101000100000011111100000011101111011111110110010100101011100001000010001011010000000010111001010000110011010000010000000011100110011001010011011100101001110001110000010011011 
01110110110110001110101101000110110010011101011110011100111111000111111100101110010101101000000110110000110100011101100111110111110100110111101100101000101011110001000110001000011000011001101101111111110111110111001010010111001100000101000001111111110111000100011011011111110100011110001100110011011110110111110011001111101010110000101110110011011010010010001111001011000001000101101100000101111101011101111010111110001100011011010100011010110001101101001011110100001001100011010011111100011110110010011001101111 
10011101000010110000100011110111001110111100111000011101101011000101010011011110101101100111100110000111111011011000110100010010010111001111011111010001001100100000101110100000101011110110101010000010111101101111011110101100101100111110100110100011100000001001110001010001110001110000000001111110101111110010111010001011001001011010101111100111000011101011100101001010110110001010101011001000001011110110011010010100110011000100101010101110010110011111111101101001110111101101000100000001011101111011101110110101 
11100000111111111111101000111101110000111111101000100010010110110000000101110001001000000000100000110100000110011110010110011101010101001110110001110000110011100011000001100100101001110001100010010010110011010110000101111000011100101010011011110010100110010101011110111010000100011010100100101000111001011111110010101100100100110000011111000010101010001011000111100011100111101010010101100110010011010000000011000111001010000010001000000011011001001100010010110111101001000010001100110110110111001110001011111001 
01110110100101100101100111110001110000100111111110000100010011100101011000101001011011000000000011000100110111010111001101000000011011110101011110010101000110010110001111101101110001101111100110011101011100000000001000000010100010111101000000011000010110111010010101101000100100111100111011101010111011101001101000000000000000010011011110101101111111001111000011110011111110011001011001111100111011000011000111111111111101011100000001010111100001101111110100111101001001000111001010010101000101010010011101010101 
