00010100000000110100111111101010101100110110010101111010010011000010001100011110001001010000001100010000010000101000100000011010010110001010101101001101100100110101011100100001110010000010100101110111000011000101100110011001100100100001001000010101100100001010100000011010101010101010011101000110110010010100101111110010001000100111100010100000100001011100101001001100011010110001001101011010100100010101110000111100000111010101100000011100100100011000000001000100000010100110001110001101000100110000011000100101 
11111101001101111000101000000110001010101011011000110110000100001010111010011100111010101000111111011101011111001101110101100100111011010011111010110110101011100000001000110110101101111111111110111011001111110100110010100111011101110101110111111001101011101011010011101101001100001101101010111101111100111000101001111011110101111101011101111110010101001110001110111101101101011101101000111000011110011100000111001010110000111010111100001011101000111101010011101111111100001110101110110110110111100111100100100111 
11111101001101111000101000000110001010101011011000110110000100001010111010011100111010101000111111011101011111001101110101100100111011010011111010110110101011100000001000110110101101111111111110111011001111110100110010100111011101110101110111111001101011101011010011101101001100001101101010111101111100111000101001111011110101111101011101111110010101001110001110111101101101011101101000111000011110011100000111001010110000111010111100001011101000111101010011101111111100001110101001010110011011001001001101101111 
00110010010100100101000111111110111010010001111001110110111010111111010111101111101110101010010110001010100011011010111101110100111011010011111010110110101011100000001000110110101101111111111110111011001111110110010000101111000011110101110110010101100010111101100011010000110001110100101110111011101001110011011111000000101111000110010010110100011101111100000100000110010110111100110001101011010010111011001001111111011110110110110000011111111101000110001111111110101100011011111110011100111010111001111100111011 
11111101001101111000101000000110001010101011011000110110000100001010111010011100111010101000111111011101011111001101110101100100111011010011111010110110101011100000001000110110101101111111111110111011001111110110010000101111000011110101110110010101100010111101100011010000110001110100101110111011101001110011011111000000101111000110010010110100011101111100000100000110010110111100110001101011010010111011001001111111011110110110110000011111111101000110001111111110101100011011111110011100111010111001111100111011 
10000001001001010100010010010000100111110010011101110110111010111111010111101111101110101010010110001010100011011010111101110100111011010011111010110110101011100000001000110110101101111111111110111011001111110110010000101111000011110101110110010101100010111101100011010000110001110100101110111011101001110011011111000000101111000110010010110100011101111100000100000110010110111100110001101011010010111011001001111111011110110110110000011111111101000110001111111110101100011011111110011100111010111001111100111011 
10101001001100000100001001000001000111011111011010011101010111111000000110010110011100001000011010101010010110100010010010110000000001100010010001000011010101010000100010111110110111101001000010000101110010000010010101110000110111000000011100000001010100001110111101110100101001111100111001100111000111100000110111000010111000000111100000100010110100000011000100011110100001110101001011001010100000100100101101011100000111010101100000011100100100011000000001000100000010100110001110001101000100110000011000100101 
11010111100001100110100100111010000101100010011100111000011110001011010010000010110011111010010111001110010100011011000001101000100010000010000111110010101011011101000101001010000000000011101010001100001101100010001111011011001001101010110011010001010011110101001110000011011110001000111011100011000101010010100000111111001001001011010011011111011010100011010111010111111100001000111101110100101111101110011010001110001011000101000100101110011101000110101110001110011111000100101001010010011100100000010101000011 
10101001001100000100001001000001000111011111011010011101010111111000000110010110011100001000011010101010010110100010010010110000000001100010010001000011010101010000100010111110110111101001000010000101110010000010010101110000110111000000011100000001010100001110111101110100101001111100111001100111000111100000110111000010111000000111100000100010110100000011000100011110100001110101001011001010100000100100101101011101101101010100010011000100000011111011100010100011110000010101001110001001000100001101000111110101 
00010100000000110100111111101010101100110110010101111010010011000010001100011110001001010000001100010000010000101000000111101110011110000111001101111100000010111000100010001010010101000000111011101101100101100100010000010000010110100011110100111110000000111001100001110111000000110000010011000010011111011011100011000100000100100101111010110111010011110001010001101010110000000100000110100111110100011111100100000000000010101010011111100001110110100011000110011000110100010101010010011110001000111001101001101111 
11000100000001010110000110100001110101100100010110000011000100011111100111010001100001111100011000100101111100010001001110010100011011011101110011100000111100111010000000011000100010011100000111111011011110011101000110100110111111100000110001100101011100100001110111110110101010011101111101101011110000011110000100101010111010011011011110111110101001101000111000000111111010011001011110100111100000100100001111110011000010010001000101101010000100000000010110101100000011110111000001011101011110100001111110001111 
10101001001100000100001001000001000111011111011010011101010111111000000110010110011100001000011010101010010110100010010010110000000001100010010001000011010101010000100010111110110111101001000010000101110010000010000001101110011101101110110000011101100110010111000000111011100001100010000011100010100010010011110100000010111100011000110010000000101011111110000110011011001101110111011000010010001101001001111111001001101111100111001001100011010010010111110010011010110101000110101111000000101001001010100000100101 
11000010010011011001100101010001011110011100101000010110000000111011010010000111000001000000001101001010000011101001011010111111010100111011000001011101110001110110111011110010001010010111101110000101010111101011111001000000001111100001101010000000111010001111111010110101101001011101110110101010001010001111000101100110101001000101101101110010101010110001001111111001000000110001101001011100000011011110101000010001111000010010010100010101111101111100111010101001000010110100111000000101000100111011001001111101 
00110010010100000100000110010010111010000000010011101000111101010011011111101111111010000011111101101000111010111000000011111100101011001000010001000011010111000110100000100110001100110000111010101101100010100101100110011001100100100001001000010101100100001010100000011010101010101010011101000110110010010100101111110010001000100111100010100000100001011100101001001100011010110001001101011010100100010101110000111100000111010101100000011100100100011000000001000100000010100110001110001101000100110000011000100101 
00010100000000110100111111101010101100110110010101111010010011000010001100011110001001010000001100010000010000101000000111101110011110000111001101111100000010111000100010001010010101000000111011101101100101100100010000010000010110100011110100111110000000111010000001000000101001111100111001100111000111100000110111000010111000000111100000100010110100000011000100011110100001110101001011001010100000100100101101011101101101010100010011000100000011111011100010100011110000010101001110001001000100001100011000100101 
11000111100111101010000000100100011011110000111000110110000100001010111010011100111010101000111111011101011111001101110101100100110111001111001000000010101101111010101001000101110000010110010000101101111010111100011010100110001110100000001001101011010100100111110011001111101110111011111101011011111011111110001111000011100001010010001111011010001111110001000110011101011000100011110010011111011101010100110000111000101101110011101011101010011011101011001001100101101001101101101011110010111011110000101111011101 
10110010100000011101110100001001000001111001011011101101001001011001111111010010001100001111110000000100011100101111100011101111011100010001100100000110010001110110010100011100001101011101010101011100001011100101001110111100110010110101010110001101111000111010111111111011010010011111111011110011101111000110010100011001001101100111010010011110001010010110111100101011000010110000101011010100101110000011001001100110000010011110000011000100110011100001011110110000110101010101010000010011001001000100101000111011 
11000110011110101101101101011110011000010000001110100110101100011010110111001011101110101010010110001010100011011010111101110100111010011100010100111110110100001010101110100010011110000111010100000010101101000111011100001101000101111101001100001010100100010100111111111101110010111100000101011110011101110111011101111010100110101111001000010010110100000001100000100101000110110011101001101011010010111011001001111111011110110110110000011111111101000110001111111110101100011011111110011100111010111001111100111011 
10111010110010100101000111111110111010010001111001110110111010111111010111101111111111111000101001100010000011011100111100111101100110000101110010011010010001011101001000001111011110101110110010111000101000101011001100111000001110101000110000010011000100110011101000010100010101010010101111111101110001111010110100011111010011010111001011000011100010001110000011010010000001110000101111100010000101001100011100100111111001111001110001101100010110110011000001101110110100010101111100011111010010101011110010100111 
11111101001101111000101000000110001010101011011000110110000100001010111010011100111010101000111111011101011111001101110101100100110111001111001000000010101101111010101001000101110000010110010000101101111010111100011010100110001110100000001001101011010100100111110011001111101110111011111101011011111011111110001111000011100001010010001111011010001111110001000110011101011000100011110010011111011101010100110000111000101101110011101011101010011011101011001001100101101001101101101011110010111011110000101111011101 
01110011100011111010011010100001010110001110011110001001100001011100100000011100000011011111000101111001110000010110110111000101110000000000100010111010000011101011010101110000101011100001001110100000100101100000010000111100101110100000010001101100101101101110110101001000001111101001001110110011010000000000111000101100110010001101000101110110101010100010011010100000101101110101111011010000001011000000101110100011111110011111100011011101110101110100010110011101100010010010100001110101100011010011101000000101 
10001101111011011100111010101010111110110101101101010110011001001011100000110001111111001001111110100011011001110010000111111100011111110000011101111011001011110101010101101100011100010000110100110110010111001010000001101110011101101110110000011101100110010111000000111011100001100010000011100010100010010011110100000010111100011000110010000000101011111110000110011011001101110111011000010010001101001001111111001001101111100111001001100011010010010111110010011010110101000110101111000000101001001010100000100101 
01110011100011111010011010100001010110001110011110001001100001011100100000011100000011011111000101111001110000010110110111000101110000000000100010111010000011101011010101110000101011100001001110100000100101100000010000111100101110100000010001101100101101101110110101001000001111101001001110110011010000000000111000101100110010001101000101110110101010100010011010100000101101110101111011010000001011000000101110100011111110011111100011011101110101110100010110011101100010010011000101110000100100110000100100010101 
10000011001011100100111000100100001001000001000111110000010000011001111111010010001001010000001100010000010000101000100000011010010110001010101101001101100100110101011100100001110010000010100101110111000011000101010000101111101010000100100110001000100111100110001111000010100110010010100010111010111011101100010011110000011111010000001101101000101101011000000110010100101010011101110110011100001000100100001111110011000010010001000101101010000100000000010110101100000011110111000001011101011110100001111110001111 
00001110111101011011010101011101011111010110011001110110111010111111010111101111111111111000101001100010000011011100111100111101100110000101110010011010010001011101001000001111011110101110110010111000101000101011001100111000001110101000110000010011000100110011101000010100010101010010101111111101110001111010110100011111010011010111001011000011100010001110000011010010000001110000101111100010000101001100011100100111111001111001110001101100010110110011000001101110110100010101111100011111010010101011110010100111 
00010100000000110100111111101010101100110110010101111010010011000010001100011110001001010000001100010000010000101000100000011010010110001010101101001101100100110101011100100001110010000010100101110111000011000101010000101111101010000100100110001000100111100110001111000010100110010010100010111010111011101100010011110000011111010000001101101000101101011000000110010100101010011101110110011100001000100100001111110011000010010001000101101010000100000000010110101100000011110111000001011101011110100001111110001111 
10000011001011100100111000100100001001000001000111110000010000011001111111010011110001100001100100011000101111111100010101011100100010011100100001011110101011011000100110110001101010010010000100000111011000101011001111101001111111110001010111000010011000010011010000010110111100011011011101011000110001011110010101100001110001101010101101010110011001000010011000001101001100000001100100010001001000011101110000111100000111010101100000011100100100011000000001000100000010100110001110001101000100110000011000100101 
11001010101011101011010001110011101110000111100001011110101110100111011001000011101000100111000100101110010010111111011010000010111011010011111010110110101011100000001000110110101101111111111110111011001111110110010000101111000011110101110110010101100010111101100011010000110001110100101110111011101001110011011111000000101111000110010010110100011101111100000100000110010110111100110101010100111100100101110000110011111111110100111010111101100010111110111010011100011111000101000101101001011110111000111110011111 
00010100000000110100111111101010101100110110010101111010010011000010001100011110001001010000001100010000010000101000100011111100100011110110100000000011000000010100111101000010110001100001101001001110101000000101010111001000011011111100010110001010010101000110000001000000101001111100111001100111000111100000110111000010111000000111100000100010110100000011000100011110100001110101001011001010100000100100101101011101101101010100010011000100000011111011100010100011110000010101001110001001000100001100011000100101 
11001010101011101011010001110011101110000111100001011110101110100111011001000011101000100111000100101110010010111111011010000010111011010011111010110110101011100000001000110110101101111111111110111011001111110110010000101111000011110101110110010101100010111101100011010000110001110100101110111011101001110011011001111011110101111101011101111110010101001110001110111101101101011101101000111000011110011100000111001010110000111010111100001011101000111101010011101111111100001110101001010110011011001001001101101111 
11001010101011101011010001110011101110000111100001011110101110100111011001000011101000100111000100101110010010111111011010000010111011010011111010110110101011100000001000110110101101111111111110111011001111110110010000101111000011110101110110010101100010111101100011010000110001110100101110111011101001110011011001111011110101111101011101111110010101001110001110111101101101011101101000111000011110011100000111001010110000111010111100001011101000111101010011101111111100001110101001010110011011001001001101101111 
00010100000000110100111111101010101100110110010101111010010011000010001100011110001001010000001100010000010000101000100011111100100011110110100000000011000000010100111101000010110001100001101001001110101000000101010111001000011011111100010110001010010101000110000001000000101001111100111001100111000111100000110111000010111000000111100000100010110100000011000100011110100001110101001011001010100000100100101101011101101101010100010011000100000011111011100010100011110000010101001110001001000100001100011000100101 
10101001001100000100001001000001000001000001000111110000010000011001111111010011110001100001100100011000101111111100010101011100100010011100100001011110101011011000100110110001101010010010000100000111011000101011001111101001111111110001010111000010011000010011010000010110111100011011011101011000110001011110010101100001110001101010101101010110011001000010011000001101001100000001100100010001001000011101110000111100000111010101100000011100100100011000000001000100000010100110001110001101000100110000011000100101 
10000001001001010100010010010000100111110010011101001011011101101101100101110001110000001011011100000011001100001011110111111100100011110110100000000011000000010100111101000010110001100001101001001110101000000101010111001000011011111100010110001010010101000101100001110111000000110000010011000010011111011011100011000100000100100101111010110111010011110001010001101010110000000100000110100111110100011111100100000000000010101010011111100001110110100011000110011000110100010101010010011110001000111001101001101111 
10010011100001000101010111101011000010010111010100011100000110100011110110011111101010100111101011010110001100010101010010100001000001011001000101000100100000001101001100000110110100100101011101110100010010110001101010001101100100001000110100110001011100011010010101111100010110101001110011101000011101010000111110111110011110011101011000000100110000101101110110000111110111001000111011110100000101011011101110110011010100110010000000001110100111001011011111110110011010010101000101110000100100110000100100010101 
10100001000010101010000000100100011011110000111000100110110100000011000011110001101001001010010001000101001110100010110100010001100100101100110100000111011100000101100110101110101010111100001001111110100101001011100000011011100000000000001100000111110100011110111111011101010111011101011110100100100100111000101000011101100011011100101000111010000000011101001101101101101000001110100100010000001111111011111011110001111100010100001100000001011111000111101101110011010111011100010110110110110111100111100100100111 
00110010010100100101000111111110111010010001111001110110111010111111010111101111101110101010010110001010100011011010111101110100111010011100010100111110110100001010101110100010011110000111010100000010101101000111011100001101000101111101001100001010100100010100111111111101110010111100000101011110011101110111011101111010100110101111001000010010110100000001100000100101000110110011101001101011010010111011001001111111011110110110110000011111111101000110001111111110101100011011111110011100111010111001111100111011 
10101010000111001100111111110100001100111001111110111001011010011111101101000000111110111001101100111111111100011011111010111011000000001011001100011000000111101001000110111000111100001100101111111110111000001111110100111001001100000010000110101110101101110000100101110111000010110010011110110000101011100111101101110100001110010010010100110110100101101111111100110010010111000010001001011101001000011000011110111100010110001100010111100100001101101110111010000110111100011111101011110000101010001101100101100101 
11111101001101111000101000000110001010101011011000110110000100001010111010011100111010101000111111011101011111001101110101100100110110000100000111111100011010110111110101000101100001111011000001000011100100100100101101000001110110010000110101011110101000011110001011111000110001010101110011100100010110111101101000100101110001001111010111001111101100111110000101010001101000100110100010000111111011000011100101100010100100011010111111000100001100111010111001110101111111011011110010111001010101000011010001011001 
10000001001001010100010010010000100111110010011101001011011101101101100101110001110000001011011100000011001100001011110111111100100011110110100000000011000000010100111101000010110001100001101001001110101000000101010111001000011011111100010110001010010101000110000001000000101001111100111001100111000111100000110111000010111000000111100000100010110100000011000100011110100001110101001011001010100000100100101101011101101101010100010011000100000011111011100010100011110000010101001110001001000100001101000111110101 
10101001001100000100001001000001000111011111011010011101010111111000000110010110011100001000011010101010010110100010010010110000000001100010010001000011010101010000100010111110110111101001000010000101110010000010010101110000110111000000011100000001010100001110111101110100111110011010001101101010000001100000111111111011011111011001010101101000101110011111000100000111100000000100011000101110100100011000110111111100010101101110010010110101111100011011000111001100111001000000011000111001010010110000011111100101 
10000011001011100100111000100100001001000001000111110000010000011001111111010011110001100001100100011000101111111100010101011100100010011100100001011110101011011000100110110001101010010010000100000111011000101011001111101001111111110111000010000010010110111110101011000000010010011110100111100110011111110011010101011000011111011011101100100011110110010010000010011101111011001110100001011001011011110001101001011011110001011100001010100001110100000001010000010011111111011100000111110000010101100110100101101101 
11111101001101111000101000000110001010101011011000110110000100001010111010011100111010101000111111011101011111001101110101100100111011010011111010110110101011100000001000110110101101111111111110111011001111110110010000101111000011110101110110010101100010111101100011010000110001110100101110111011101001110011011111000000101111000110010010110100011101111100000100000110010110111100110101010100111100100101110000110011111111110100111010111101100010111110111010011100011111000101000101101001011110111000111110011111 
10000001001001010100010010010000100111110010011101001011011101101101100101110001110000001011011100000011001100001011110111111100100011110110100000000011000000010100111101000010110001100001101001001110101000000101010111001000011011111100010110001010010101000110000001000000101001111100111001100111000111100000110111000010111000000111100000100010110100000011000100011110100001110101001011001010100000100100101101011101101101010100010011000100000011111011100010100011110000010101001110001001000100001100011000100101 
00010100000000110100111111101010101100110110010101111010010011000010001100011110001001010000001100010000010000101000100000011010010110001010101101001101100100110101011100100001110010000010100101110111000011000101010000101111101010000100110100111110000000111001100001110111000000110000010011000010011111011011100011000100000100100111100010100000100001011100101001001100011010110001001101011010100100010101110000111100000111010101100000011100100100011000000001000100000010100110001110001101000100110000011000100101 
00010100000000110100111111101010101100110110010101111010010011000111110010010101001101001000101000001010011000000010111101111100101011001000010001000011010111000110100000100110001100110000111010101101100010100101100110011001100100100001001000010101100100001010100000011010101010101010011101000110110010010100101111110010001000100111100010100000100001011100101001001100011010110001001101011010100100010101110000111100000111010101100000011100100100011000000001000100000010100110001110001101000100110000011000100101 
10101001001100000100001001000001000111011111011001011110101110100111011001000011101000100111000100101110010010111111011010000010111011010011111010110110101011100000001000110110101101111111111110111011001111110110010000101111000011110101110110010101100010111101100011010000110001110100101110111011101001110011011111000000101111000110010010110100011101111100000100000110010110111100110101010100111100100101110000110011111111110100111010111101100010111110111010011100011111000101000101101001011110111000111110011111 
10001011010000101000111011101001011010101000101100011001111010111010111001000000001111100011000101101000101000011010111010001111101111110000011101111011001011110101010101101100011100010000110100110110010111001010000001101110011101101110110000011101100110010111000000111011100001100010000011100010100010010011110100000010111100011000110010000000101011111110000110011011001101110111011000010010001101001001111111001001101111100111001001100011010010010111110010011010110101000110101111000000101001001010100000100101 
00010100000000110100111111101010101100110110010101111010010011000010001100011110001001010000001100010000010000101000000111101110011110000111001101111100000010111000100010001010010101000000111011101101100101100100010000010000010110100011110100111110000000111001100001110111000000110000010011000010011111011011100011000100000100100111100010100000100001011100101001001100011010110001001101011010100100010101110000111100000111010101100000011100100100011000000001000100000010100110001110001101000100110000011000100101 
00010100000000110100111111101010101100110110010101111010010011000010001100011110001001010000001100010000010000101000100000011010010110001010101101001101100100110101011100100001110010000010100101110111000011000101010000101111101010000100100110001000100111100110001111000010100110010010100010111010111011101100010011110000011111010000001101101000101101011000000110010100101010011101110110011100001111110111010111100111101011000101111010110000001101101111011001000000010101111110010000101100011010011001111011111001 
10011100111111110001001101011011100001010011100101110011010000000100010100001101001001011001111100001100100111111010011101011100000101111101101111110100110011011100010110101110101001000110100011110000011000110101000010111010110000011011100001000011001110101010010001111001110101110010010011001110010000100010010011101110010111100011001001010101000011011000001110010110111101111110000101101101110100101101101100010010111110000001100010010110011011111001011111110101000001111011010011010110111110010011011101000111 
00110010010100000100000110010010111010000000010011101000111101010011011111111100111010101000111111011101011111001101110101100100111011010011111010110110101011100000001000110110101101111111111110111011001111110110010000101111000011110101110110010101100010111101100011010000110001110100101110111011101001110011011111000000101111000110010010110100011101111100000100000110010110111100110001101011010010111011001001111111011110110110110000011111111101000110001111111110101100011011111110011100111010111001111100111011 
00011110101111000110010110001100110001000111100000010111100010111001001001111000110001101011101011110000110111001111101011010010011101000011011011011110010101000001001110001111110100110001111000010100011010110100110010100111011101110101110111111001101011101011010011101101001100001101101010111101111100111000101001111011110101111101011101111110010101001110001110111101101101011101101000111000011110011100000111001010110000111010111100001011101000111101010011101111111100001110101001010110011011001001001101101111 
01101101010010011110001101100011001101101111101010111100000100011010111000110000010000011110101111111000011010111111000111100000001111001111001000000010101101111010101001000101110000010110010000101101111010111100011010100110001110100000001001101011010100100111110011001111101110111011111101011011111011111110001111000011100001010010001111011010001111110001000110011101011000100011110010011111011101010100110000111000101101110011101011101010011011101011001001100101101001101101101011110010111011110000101111011101 
01011111001111000010010001001110111100101110111110010011101011111011111000010011011101010111011111101001100010111111000111100000001111001111001000000010101101111010101001000101110000010110010000101101111010111100011010100110001110100000001001101011010100100111110011001111101110111011111101011011111011111110001111000011100001010010001111011010001111110001000110011101011000100011110010011111011101010100110000111000101101110011101011101010011011101011001001100101101001101101101011110010111011110000101111011101 
10010011100111001100111111110100001100111001111110111001011010011111101101000000111110111001101100111111111100011011111010111011000000001011001100011000000111101001000110111000111100001100101111111110111000001111110100111001001100000010000110101110101101110000100101110111000010110010011110110000101011100111101101110100001110010010010100110110100101101111111100110010010111000010001001011101001000011000011110111100010110001100010111100100001101101110111010000110111100011111101011110000101010001101100101100101 
00101101101101011101101111011011100110110001001110001000100011011011001111001110100100101110101110111001010010010100100010011111110001000011111100011010001011101111110011100101000011110011000001011001001110000010010100111101100010111011111110110011010100010010111100011000010001100111001101110101011010100101111111110101000011001101110011101001011010010011101111011010000010110011011110111011011100110011001000010101101111010100110110111001111110110110101000101011011100100001110110110000000101001111101001100101 
01000100111001000011110101110010110010101110100111001001010101101100000101010110110001110010000000010110001101001001111000100011111001110011001111001000010010010111111111011010111000011100111010001001000110010011110110110100011110001001100000010000011111000000100110111011100001100010000011100010100010010011110100000010111100011000110010000000101011111110000110011011001101110111011000010010001101001001111111001001101111100111001001100011010010010111110010011010110101000110101111000000101001001010100000100101 
00011110101111000110010110001100110001000111100000010111100010111001001001111000110001101011101011110000110111001111101011010010011101000011011011011110010101000001001110001111110100110001111000010100011010110100110010100111011101110101110111111001101011101011010011101101001100001101101010111101111100111000101001111011110101111101011101111110010101001110001110111101101101011101101000111000011110011100000111001010110000111010111101010111100110001001001000011100111110110011110010100001100011111101011000101101 
01010100010100110110111110101001010000101111001001001110001001111101000000101011011110100001011101010010101010100001000100101111111010111011010000100010101101111010011100100101110111000011010000011111101111111111110110000011111100101110110000100101110111001011010011101000101001001101101101111101100001100101101101011010011001000011001000000101011010011110100011100100100101101111100001100010111011100110011011000011011000110010011001100100100101010011101111001010001111011110000001010010001101100010101010101001 
10010011100001000101010111101011000010010111010100011100000110100011110110011111101010100111101011010110001100010101010010100001000001011001000101010000100011011101010110010101010110111110110101100000011111110010101100110000111111000100011100010110000001111110100111000111100111100101100100101100110100011111010101100011000111111011110100100110011111111000111011010110010000111000000000010100000010101111011011001010110000111010111101010111100110001001001000011100111110110011110010100001100011111101011000101101 
10001111111101100100110100011011100101011111011001011110101110100111011001000011101000100111000100101110010010111111011010000010111011010011111010110110101011100000001000110110101101111111111110111011001111110110010000101111000011110101110110010101100010111101100011010000110001110100101110111011101001110011011111000000101111000110010010110100011101111100000100000110010110111100110101010100111100100101110000110011111111110100111010111101100010111110111010011100011111000101000101101001011110111000111110011111 
11111101001101111000101000000110001010101011011000110110000100001010111010011100111010101000111111011101011111001101110101100100110110000100000111111100011010110111110101000101100001111011000001000011100100100100101101000001110110010000110101011110101000011110001011111000110001010101110011100100010110111101101000100101110001001111010111001111101100111110000101010001101000100110100010000111111011000011100101100010100100011010111111000101111110000110100101101101000110111100101101101100110100110000111100110111 
10110100101001000110001100100111100101001001011111000100101010011110100000001100010011110110110001100111100100001011001101101010101110111110001011000100100000001101001100000110110100100101011101110100010010110001101010001101100100001000110100110001011100011010010101111100010110101001110011101000011101010000111110111110011110011101011000000100110000101101110110000111110111001000111011110100000101011011101110110011010100110010000000001110100111001011011111110110011010010100100001110101100011010011101000000101 
00000000100011010111101000011101111010110111000100001001010111000000100100100110011101000100110001110110001010111001010001010010000000110000001101001011101011011010000111010001000011100111010101101011100110011011011111110011101010110010100001001001000010000100100000011100100011101010101000110100010000000111110111000101010100111011100100101001001110011001111011011101010010111110110100000110000111010010100011001100011001101110010100110011100010101110000000100101001110110100011100100001000111001111101000110001 
10100001000010101011011001011101000010011100111000011110011100111111110010010101001101001000101000001010011000000010111101111100101011001000010001000011010111000110100000100110001100110000111010101101100010100101100110011001100100100001001000010101100100001010100000011010101010101010011101000110110010010100101111110010001000100111100010100000100001011100101001001100011010110001001101011010100100010101110000111100000111010101100000011100100100011000000001000100000010100110001110001101000100110000011000100101 
10000011100001101110011100110101111100110011010011100110011100110101000110001111110111001110000001111101101010100000001111100010100101001000011110010000011000101000010010001001111101100100111001011100101001100011010101110111100100110011111011000101010010100111100111101000001110011100101001110000011111000100010101011000010101001010010010010010111001111010110000110010100100101100010000110111110010010110000011110011110110110101011000001011101000111101010011101111111100001110101001010110011011001001001101101111 
10001111111101100100110100011011100100100101010111101000010000111111101011110010010011110111110011001000101111110110010111110101010100110011110010111100011001010000110010101110000101011010001100011011100111001011011101010011000101001111000010110011101110011011011010011111000110111011101010100101110111111110001111000011100001010010001111011010001111110001000110011101011000100011110010011111011101010100110000111000101101110011101011101010011011101011001001100101101001101101101011110010111011110000101111011101 
10011011001000010001100011110110111001100011000110000110110010001110110110111011000101010001000001111001001001011110110111100111111011100011011010101111111000000101001111001111000010010001011010100001011111011101101100011100100000010001001001101011100111000010110111011100101000000000110010100000101111001110101000001101001011100001110010001100011001000011011101110111011110011101001111110011011100000100010010110001101110010001011100001100001101111011101110100110010011111001100000100100100101110000101101111001 
10101000001101101010011100111100010010101000010111000001100101000100000110100101000001001101011100000001000010101110001011101010100100111010011001000111000101000111100000011100101011000000111001111111011011011001101100010101110011010110000011100101010101000110100100010100100000101110100010110001100011111001100100111100100000011011010100100100101101001111110001111010101110010001001011111100111101110010001100111011001110100100110010111100010010111111100100011010101001011001011110101011101110000000110110011111 
10001101111011011100111010101010111110110101101101010110011001001011100000110001111111001001111110100011011001110010000111111100010111101110110111011010001100100111000000100110110000100100000010010000010111111101111101010000111001111011110011000001100011001010101110001101110001011111100100100010011110010110001011010000010101010100110111101111011011101110100000101001100101010001100100101000011101101101001100111001011010111110101001110000100101010101111110101100110001101111110001110111111001010000000000010101 
11111101001101111000101000000110001010101011011000110110000100001010111010011100111010101000111111011101011111001101110101100100110110000100000111111100011010110111110101000101100001111011000001000011100100100100101101000001110110010000110101011110110100011110111111011101010111011101011110100100100100111000101000011101100011011100101000111010000000011101001101101101101000001110100100010000001111111011111011110001111100010100001100000001011111000111101101110011010111011100010110110110110111100111100100100111 
01101001001011000100110111100001101110100111010011000011010000011010000110001100101001101011110000101111010011000010000111101110011110000111001101111100000010111000100010001010010101000000111011101101100101100100010000010000010110100011110100111110000000111001100001110111000000110000010011000010011111011011100011000100000100100101111010110111010011110001010001101010110000000100000110100111110100011111100100000000000010101010011111100001110110100011000110011000110100010101010010011110001000111001101001101111 
11001010101011101011010001110011101110000111100001011110101110100111011001000011101000100111000100101110010010111111011010000010111011010011111010110110101011100000001000110110001001100001011111101001110000111101000100000000000001110001010111000010011000010011010000010110111100011011011101011000110001011110010101100001110001101010101101010110011001000010011000001101001100000001100100010001001000011101110000111100000111010101100000011100100100011000000001000100000010100110001110001101000100110001000111110101 
00010100110010010011001111011101011111010110010100100011101111000000010111100001101100110110100110111011011000101001111001101010110011010010011111100100101100001111100111011100101000100100111010001100110011010011101001011110010110010011001000011100000010001101010100111110000000100111101111000011000011111111001011000101101111110001100110100000101011110100000101011111001001001001101100111000110100000010111000011010010111101111000111010111011101101111101100011110000000100101010110011111010111101111110101011011 
00001110111101011011010101011101011111010110011001110110111010111111010111101111111111111000101001100010000011011100111100111101100110000101110010011010010001011101001000001111011110101110110010111000101000101011001100111000001110101000110000010011000100110011101000010100010101010010101111111101110001111010110100011111010011010111001011000011100010001110000011010010000001110000101111100010000101001100011100100000101101110011101011101010011011101011001001100101101001101101101011110010111011110000101111011101 
01000111100001010000000010010111010101101000100000001110000110110101110100001110101011110110000110111001101101100000001100011010000000110101011110010011010101010000100010111110110111101001000010000101110010000010010101110000110111000000011100000001010100001110111101110100111110011010001101101010000001100000111111111011011111011001010101101000101110011111000100000111100000000100011000101110100100011000110111111100010101101110010010110101111100011011000111001100111001000000011000111001010010110000011111100101 
01001000101011101000111100001100011101110010101111100101101111110111111111101011100000000001110011000100011010111111000111100000001111001111001000000010101101111010101001000101110000010110010000101101111010111100011010100110001110100000001001101011010100100111110011001111101110111011111101011011111011111110001111000011100001010010001111011010001111110001000110011101011000100011110010011111011101010100110000111000101101110011101011101010011011101011001001100101101001101101101011110010111011110000101111011101 
10101001001100000100001001000001000111011111011010011101010111111000000110010110011100001000011010101010010110100010010010110000000001100010010001000011010101010000100010111110110111101001000010000101110010000010010101110000110111000000011100000001010100001110111101110111000010110010011110110000101011100111101101110100001110010010010100110110100101101111111100110010010111000010001001011101001000011000011110111101111000010010010100010101111101111100111010101001000010110100111000000101000100111011001001111101 
00110010010100000100000110010010111010000000010011101000111101010011011111101111111010000011111101101000111010111000000011111100101011001000010001000011010111000110100000100110001100110000111010101101100010100101100110011001100100100001001000010101100100001010100000011010101010101010011101000110110010010100100100011001001101100111010010011110001010010110111100101011000010110000101011010100101110000011001001100110000010011110000011000100110011100001011110110000110101010101010000010011001001000100101000111011 
01001000101011101000111100001100011101110010101111100101101111110111111111101011100000000001110011000110111111111111001001010000001000101000001101011111111010001100011011010110110001111100101000111010000110110111101011100000000011000011000000011100000010100111000010111010011101110100100111101100100001011010000000110001110000011110010101101011100111110101011001101001111101101100011111101100100010011011101001100000110011111001000100101100101000001111001100011010010100001101110101010000101111100110000101100111 
11001010101011101011010001110011101110000111100001011110101110100111011001000011101000100111000100101110010010111111011010000010111011010011111010110110101011100000001000110110001001100001011111101001110000111101000100000000000001110001010111000010011000010011010000010110111100011011011101011000110001011110010101100001110001101010101101010110011001000010011000001101001100000001100100010001001000011101110000111100000111010101100000011100100100011000000001000100000010100110001110001101000100110000011000100101 
00110010010100000100000110010010111010000000010011101000111101010011011111101111111010000011111101101000111010111000000011111100101011001000010001000011010111000110100000100110001100110000111010101101100010100101100110011001100100100001001000010101100100001010100000011010101010101010011101000110110010010100101111110010001000100111100010100000100001011100101001001100011010110001001101011010100100010110001111011000100000101011010101001111100111100101011000010000101000111011111111001001000001001001001110110111 
01000111100001010000000010010111010101101000100000001110000110110101110100001110101011110110000110111001101101100000001100011010000000110101011110010001011001000001111011011100011111001001101000001110100101001000001100001010001101110001111010011011010001101000111011111100011100001101100110110010000110111011101111010100110110111111101110111110011101101001110110101100100110010000100110011011010001100001101000010010111110011100010111111100001101010011010111011010111100001101110010011100000010111010010011011011 
10001101111011011100111010101010111110110101101101010110011001001011100000110001111111001001111110100011011001110010000111111100010111101110110111011010001100100111000000100110110000100100000010010000010111111101110100111001001100000010000110101110101101110000100101110111000010110010011110110000101011100111101101110100001110010010010100110110100101101111111100110010010111000010001001011101001000011000011110111100010110001100010111100100001101101110111010000110111100011111101011110000101010001101100101100101 
10011110110100000101100101001111011110011001101001001001111110011100001101111000000110001110111100011010001111100000111010000011010110110110010001101000101111011000001001101000101101001010011011111101101010001101000111001000010000011011011101001100110100011101101011111111011110110001010100000110001001001000111010110011000101101001100100000010001010100001000011001000000100000101110010001001101101010101010000101111110011100110011010010000000110011110110011001110000000011111011011100011111010000010100001010101 
00111011000110000111101110101000011101010111101010111001001010011101000001010111110101010010101111101001011011011001100001010011110010010100110101011001000000101110011001000111010000010110101010100010000110111010100010011011101101110000101111001100100001010111110100101110010011111100010000010101111000100001010011111101111011011000001110001011111010101011011000001001100011101011000001111001100110001010100110011101100001011010001010001101000110101011011010111001011111011100111101111010100111001110110111010001 
00100111011101100100101101011000000111100010111110000010101001001110110011111001001010110111100110011111010011000011001101011000101100110000010011011010100111010101001011111100111001001010010000000000001011000000101111101010001000100001010000110010110100101111011011000000011111000101011001101110001011101010110001110101001001110011100100000100101011000001111000011110101110001101010001010100011101111011010110001001101110011111000110001000001100111010111001110101111111011011110010111001010101000011010001010111 
11000110011110101101101101011110011000010000001110100110101100011010110111001011101110101010010110001010100011011010111101110100111010011100010100111110110100001010101110100010011110000111010100010100011010110100110010100111011101110101110111111001101011101011010011101101001100001101101010111101111100111000101001111011110101111101011101111110010101001110001110111101101101011101101000111000011110011100000111001010110000111010111101010111100110001001001000011100111110110011110010100001100011111101011000101101 
00011110101111000110010110001100110001000111100000010111100010111001001001111000110001101011101011110000110111001111101011010010011101000011011011011110010101000001001110001111110100110001111000000010101101000111011100001101000101111101001100001010100100010100111111111101110010111100000101011110011101110111011101111010100110101111001000010010110100000001100000100101000110110011101001101011010010111011001001111111011110110110110000011111111101000110001111111110101100011011111110011100111010111001111100111011 
00010100000000110100111111101010101100110110010101111010010011000010001100011110001001010000001100010000010000101000000111101110011110000111001101111100000010111000100010001010010101000000111011101101100101100100010000010000010110100011110100111110000000111001100001110111000000110000010011000010011111011011100011000100000100100101111010110111010011110001010001101010110000000100000110100111110100011111100100000000000000010010010100010101111101111100111010101001000010110100111000000101000100111011001001111101 
10101001001100000100001001000001000111011111011010011101010111111000000110010110011100001000011010101010010110100010010010110000000001100010010001000011010101010000100010111110110111101001000010000101110010000010010101110000110111000000011100000001010100001110111101110111000010110010011110110000101011100111101101110100001110010010010100110110100101101111111100110010010111000010001001011101001000011000011110111101111010101010011111100001110110100011000110011000110100010101010010011110001000111001101001101111 
01011111001111000010010001001110111100101110111110010011101011111011111000010011011101010111011111101001100010111111000111100000001111001111001000000010101101111010101001000101110000010110010000101101111010111100011010100110001110100000001001101011010100100111110011001111101110111011111101011011111011111110001111000011100001010010001111011010001111110001000110011101011000100011110010011111011101010100110000111000101101110011101011101010011011101011001001100101101001101101101011110010111011110000101111011101 
00010100000000110100111111101010101100110100100000001110000110110101110100001110101011110110000110111001101101100000001100011010000000110101011110010001011001000001111011011100011111001001101000001110100101001000001100001010001101110001111010011011010001101000111011111100011100001101100110110010000110111011101111010100110110111111101110111110011101101001110110101100100110010000100110011011010001100001101000010010111110011100001001100011010010010111110010011010110101000110101111000000101001001010100000100101 
01010100010100110110111110101001010000101111001001001110001001111101000000101011011110100001011101010010101010100001000100101111111010111011010000100010101101111010011100100101110111000011010000011111101111111111110110000011111100101110110000100101110111001011010011101000101001001101101101111101100001100101101101011010011001000011001000000101011010011110100011100100100101101111100001100010111011100110011011000011011000110010011001100100001101101110111010000110111100011111101011110000101010001101100101100101 
01101101010010011110001101100011001101101111101010111100000100011010111000110000010000011110101111111000011010111111000111100000001111001111001000000010101101111010101001000101110000010110010000101101111010111100011010100110001110100000001001101011010100100111110011001111101110111011111101011011111011111110001111000011100001010010001111011010001111110001000110011101011000100011110010011111011101010100110000111000101101110011101011101010011011101011001001100101101001101101101011110010111011110000101111011101 
10001111111101100100110100011011100101011111011001011110101110100111011001000011101000100111000100101110010010111111011010000010111011010011111010110110101011100000001000110110101101111111111110111011001111110110010000101111000011110101110110010101100010111101100011010000110001110100101110111011101001110011011111000000101111000110010010110100011101111100000100000110010110111100110101010100111100100101110000110011111111110100111010111101100010111110111010011100011111000101000101101001011110111000111110011111 
01101001001011000100110111100001101110100111010011000011010000011010000110001100101001101011110000101111010011000010000111101110011110000111001101111100000010111000100010001010010101000000111011101101100101100100010000010000010110100011110100111110000000111001100001110111000000110000010011000010011111011011100011000100000100100101111010110111010011110001010001101010110000000100000110100111110100011111100100000000000010101010011111100001110110100011000110011000110100010101010010011110001000111001101001101111 
10000001001001010100010010010000100111110010011101001011011101101101100101110001110000001011011100000011001100001011110111111100100011110110100000000011000000010100111101000010110001100001101001001110101000000101010111001000011011111100010110001010010101000101100001110111000000110000010011000010011111011011100011000100000100100101111010110111010011110001010001101010110000000100000110100111110100011111100100000000000010101010011111100001110110100011000110011000110100010101010010011110001000111001101001101111 
00000000100011010111101000011101111010110111000100001001010111000000100100100110011101000100110001110110001010111001010001010010000000110000001101001011101011011010000111010001000011100111010101101011100110011011011111110011101010110010100001001001000010000100100000011100100011101010101000110100010000000111110111000101010100111011100100101001001110011001111011011101010010111110110100000110000111010010100011001100011001101110010100110011100010101110000000100101001110110100011100100001000111001111101000110001 
