11001010110110000000100001110000101110111010010010010000010011100001000000101100000100110100001011100001010000110110101100010001010100001101100000100000000001101111100000111001011000011000010101110100100100110000111101001000000001001101100110111000011000100111111111001101000001010011011100010100010001101101000001011110010011000000000000110001000010100110111111001001101111010110010101000011101100011010010000000110000001001010011011000001001100111010101110000011011100111011000001111011100111100100010101101001 
10011000110100010111101001000011010110110000101001101111101010100110101100010011110000001100010001111111111100011110010010100111001011111111000010110101001000111100110011101111110100101010000011010001011010111111011110000111110010110011010100110111010011011101001001110011100010111110110010110111111111110101000010010011111110100101101001101011011100011010110011010110000101010010010111111010111000111101101101110101011000010010110100100111110100111111111111101111100001110101111010001000010100110001100011010001 
11001010110110000000100001110000101110111010010010010000010011100001000000101100000100110100001011100001010000110110101100010001010100001101100000100000000001101111100000111001011000011000010101110100100100110000111101001000000001001101100110111000011000100111111111001101000001010011011100010100010001101101000001011110010011000000000000110001000010100110111111001001101111010110010101000011101100011010010000000110000001001010011011000001001100111010101110000011011100111011000001111011100111100100010101101001 
10011000110100010111101001000011010110110000101001101111101010100110101100010011110000001100010001111111111100011110010010100111001011111111000010110101001000111100110011101111110100101010000011010001011010111111011110000111110010110011010100110111010011011101001001110011100010111110110010110111111111110101000010010011111110100101101001101011011100011010110011010110000101010010010111111010111000111101101101110101011000010010110100100111110100111111111111101111100001110101111010001000010100110001100011010001 
01101110010000001110001110000000111100110011111010000000100110011110111000001011111011000010100000010101011010010000101101001101000010000011111010010000000001010001100100101111010111110110001001101101111000001101100011000100111000100011010100110000001000000100010100101111111011100000001000001110100110001111100101111010010011111101000011000110000000001001000011010001011100000101010100101000011101001110101000001100100001010011011001000111010001101000100010111000110110010100110011100101000011100011110001101100 
00111100100010101010001101011000000110011101011101010011011011010001001101100011110100011100101000011011011111000011100100100011001111010111010101010010010000010010100110101001100000010111000001010111100111000000001001000000000111000000000100100100010010100110000001100011111100010011101011001110010000001100101011101000010110101100111100001000110000111101001101101001100111101101111010101100010000100001011010110111111111001010011110101001111000011010100110011000000010110000101001000010111011000110111000101010 
01101110010000001110001110000000111100110011111010000000100110011110111000001011111011000010100000010101011010010000101101001101000010000011111010010000000001010001100100101111010111110110001001101101111000001101100011000100111000100011010100110000001000000100010100101111111011100000001000001110100110001111100101111010010011111101000011000110000000001001000011010001011100000101010100101000011101001110101000001100100001010011011001000111010001101000100010111000110110010100110011100101000011100011110001101100 
00111100100010101010001101011000000110011101011101010011011011010001001101100011110100011100101000011011011111000011100100100011001111010111010101010010010000010010100110101001100000010111000001010111100111000000001001000000000111000000000100100100010010100110000001100011111100010011101011001110010000001100101011101000010110101100111100001000110000111101001101101001100111101101111010101100010000100001011010110111111111001010011110101001111000011010100110011000000010110000101001000010111011000110111000101010 
11001111010100000110010111011111110111101111011011111001000011111110100100001000010010111001100101100001001110100100010100101111000110100110110000100000100000000011100100000011101000100100100001110111000010000001011100010010000001111001001000000011010111100010000100000011011010100000000000000011111110010100001011110001111011010100011011110010100101111000101000010110010000001000111101000001100001000001000101111010111000111000010011000011100011101110111000110110111100010011000111110100100001000000110111110110 
11001111010100000110010111011111110111101111011011111001000011111110100100001000010010111001100101100001001110100100010100101111000110100110110000100000100000000011100100000011101000100100100001110111000010000001011100010010000001111001001000000011010111100010000100000011011010100000000000000011111110010100001011110001111011010100011011110010100101111000101000010110010000001000111101000001100001000001000101111010111000111000010011000011100011101110111000110110111100010011000111110100100001000000110111110110 
10010000101001110000000101101001110011010001111101001000111001100100111110100011101000111101000111000100100010110011110110010111011110111010001111001101111010011111101110111101110000001100001011001111111001110011000000011010010111100110101110100101010010101111101011111110111110001001101010000110111111111010100111010010101101001000110000110010100010111110111000001000111100110110000111100001011110000101110010011110101101010010110010011101011111111010110001100100100110001111100111010001010111000001011110100111 
10111001010100101001101100100010001011001110011000101110100001111101001000111110110010111100111111000001001110011111011000000000101111011110101111011111000101100000111010011110100000110100100101110100000010000011011001010001010101111100010110011010101000010011011011101000101011111001100111011100100011010011101000111001111110111100101110011111101010101101111111111111011110001011101001000111111111110000000111001101010010011011110010100111111100111110100000100111100110010011000011101010010100101111001011111101 
10111001010100101001101100100010001011001110011000101110100001111101001000111110110010111100111111000001001110011111011000000000101111011110101111011111000101100000111010011110100000110100100101110100000010000011011001010001010101111100010110011010101000010011011011101000101011111001100111011100100011010011101000111001111110111100101110011111101010101101111111111111011110001011101001000111111111110000000111001101010010011011110010100111111100111110100000100111100110010011000011101010010100101111001011111101 
10010000101001110000000101101001110011010001111101001000111001100100111110100011101000111101000111000100100010110011110110010111011110111010001111001101111010011111101110111101110000001100001011001111111001110011000000011010010111100110101110100101010010101111101011111110111110001001101010000110111111111010100111010010101101001000110000110010100010111110111000001000111100110110000111100001011110000101110010011110101101010010110010011101011111111010110001100100100110001111100111010001010111000001011110100111 
11010001001111000111011110000101011111100000101101001010001100010101110111100010001001000001111100101110001010100101001110110000011011001001110011110010010011001101010010000010000010000101000100001001100111100111001000011101010000111010100000111100100011000100110000110001101010111001100011100111001001000001111000111001100101010000111010010110011100100100100101000000110001010111101111010011101001010101101010010101011010110101010011010101101010111010110010110101000010110010111001010110100000101001010001011001 
00110100001010001011111100011110100000010000111100100000001101101101000010110001001101010001100111011001101000001100100010100010101010010101000000011010110101100011001001101010110010110111111101100110101001110010011000000001011100100010000001100111001000010000110010101101110000001010101000100000011101000111010110000110100101000111111010110101100000101110100000010000110101011010100110111110100111010101110010010001100100101100011110111110101001001110010110001101100000001000000000010100100111011010111100000010 
11010001001111000111011110000101011111100000101101001010001100010101110111100010001001000001111100101110001010100101001110110000011011001001110011110010010011001101010010000010000010000101000100001001100111100111001000011101010000111010100000111100100011000100110000110001101010111001100011100111001001000001111000111001100101010000111010010110011100100100100101000000110001010111101111010011101001010101101010010101011010110101010011010101101010111010110010110101000010110010111001010110100000101001010001011001 
00110100001010001011111100011110100000010000111100100000001101101101000010110001001101010001100111011001101000001100100010100010101010010101000000011010110101100011001001101010110010110111111101100110101001110010011000000001011100100010000001100111001000010000110010101101110000001010101000100000011101000111010110000110100101000111111010110101100000101110100000010000110101011010100110111110100111010101110010010001100100101100011110111110101001001110010110001101100000001000000000010100100111011010111100000010 
11001110110011010110010100101101000010011100001000101110110001111110010111011110000101110110000110110011111001011011111011110101111110111011001000000101011110011100101100001000110110100000011101011110100110010001001110100111000111100111111010101001110001101101111010100101011010110100000110001101111000010001101100011001110000111010010001100110100010010011110101111000111100001010100111001100000010111000110001111011110111101010111001011110100100001111010101111000101100110111111110010101001110000011010100111011 
01011100011110001010011110010110010110101111001001110110111000000000101010011101011000100011111111010010101011011010110001010110101110011001111011110111011111000000011010100110011101011101100101010100111101010110101101001000010111101110011111100011100101000110111000010001000101000111010110111111110011011101010110111110001011110001011011111000100010100111101011111100001111011010001100011100111101101011100010000010101110111110111101000010101010100100111111100101001101101101000111110001001110000001111000111011 
01011100101010001000010000111111111000101110001001111011011000111011010001100111001001111100000000110100100111101101101010101011000101000011110111100011110001110100011100010100111000000110010010111111110001111000011000001011011011101011000110011010011101001110100011100101101001011101111100111001000001101111101010101101001010011010000011110101110111001001111101000101011001111000101010000001001110101001010000000101111111010101010001110111111100010110101011110001000110001110101010010100111011111000111101011011 
10101110111110100010100100000101100111011011100101111101001110100011011001001011011010101111001110000100000100101111010111011000111000110100010100110000010010000110101110001100101000001110110000110111111011111111011010011111001110001111111010000001101011000110010011101011110111001111111100111111100000101110001100100000011111011110111011010001100001110000001000001000011111011110011010110101101101111000111101000000111001011001101100111110000100111010001001111101011110000010110101110000001001110110110000010111 
01011100011110001010011110010110010110101111001001110110111000000000101010011101011000100011111111010010101011011010110001010110101110011001111011110111011111000000011010100110011101011101100101010100111101010110101101001000010111101110011111100011100101000110111000010001000101000111010110111111110011011101010110111110001011110001011011111000100010100111101011111100001111011010001100011100111101101011100010000010101110111110111101000010101010100100111111100101001101101101000111110001001110000001111000111011 
10101110111110100010100100000101100111011011100101111101001110100011011001001011011010101111001110000100000100101111010111011000111000110100010100110000010010000110101110001100101000001110110000110111111011111111011010011111001110001111111010000001101011000110010011101011110111001111111100111111100000101110001100100000011111011110111011010001100001110000001000001000011111011110011010110101101101111000111101000000111001011001101100111110000100111010001001111101011110000010110101110000001001110110110000010111 
01011100101010001000010000111111111000101110001001111011011000111011010001100111001001111100000000110100100111101101101010101011000101000011110111100011110001110100011100010100111000000110010010111111110001111000011000001011011011101011000110011010011101001110100011100101101001011101111100111001000001101111101010101101001010011010000011110101110111001001111101000101011001111000101010000001001110101001010000000101111111010101010001110111111100010110101011110001000110001110101010010100111011111000111101011011 
11001110110011010110010100101101000010011100001000101110110001111110010111011110000101110110000110110011111001011011111011110101111110111011001000000101011110011100101100001000110110100000011101011110100110010001001110100111000111100111111010101001110001101101111010100101011010110100000110001101111000010001101100011001110000111010010001100110100010010011110101111000111100001010100111001100000010111000110001111011110111101010111001011110100100001111010101111000101100110111111110010101001110000011010100111011 
10101100100111001001001100101110001110011110101100010110001001110100110111111101101110011001110101111101010101100111001010111100100000000110100001111000011010010100001100101010011110011011011001101111101101110011110001100010001111011000101101011111001101000110101111100111001111110001100000011101001011111100110100111001101101000101011001000111011011111100010100101011011110100110000111100101101010011000000110100100101011000110111011001001000001110111100100111100011000010111010111001000101010100110010110101101 
11000010100001010000000100001110000011011010100011100010100101010011001010001011100000010111000101001101100101101101110001100011010001101100101001110111001010000000001000010111011110000011111000010001001000000101010110011100101110101001010000011001101011110100000110100000000011011000101111000111110111111101010001101001010111010011000100000001011000001001001010101000111100000100010010110110010100010010010110111100110101111110110100101111101111000100010110011011011111011111001101100101001011010001001111111111 
11101111111001111001001000110000001000101000001100000001011000101110110101010110001001101011101010111010011010111100101011000101111111111110000001110101101010101001100000010100111000110011001011110011010110000011101110100100010110010111000000100010101000101110111001101111001000101010010011100000100001100100110110010111010001000000010111011110110111100011001001010101101000000000000011000111001011011010001111001111111111010010111010000100010100001010000111100010111000111100100100010000100100100001010110101011 
10101100100111001001001100101110001110011110101100010110001001110100110111111101101110011001110101111101010101100111001010111100100000000110100001111000011010010100001100101010011110011011011001101111101101110011110001100010001111011000101101011111001101000110101111100111001111110001100000011101001011111100110100111001101101000101011001000111011011111100010100101011011110100110000111100101101010011000000110100100101011000110111011001001000001110111100100111100011000010111010111001000101010100110010110101101 
11101111111001111001001000110000001000101000001100000001011000101110110101010110001001101011101010111010011010111100101011000101111111111110000001110101101010101001100000010100111000110011001011110011010110000011101110100100010110010111000000100010101000101110111001101111001000101010010011100000100001100100110110010111010001000000010111011110110111100011001001010101101000000000000011000111001011011010001111001111111111010010111010000100010100001010000111100010111000111100100100010000100100100001010110101011 
11000010100001010000000100001110000011011010100011100010100101010011001010001011100000010111000101001101100101101101110001100011010001101100101001110111001010000000001000010111011110000011111000010001001000000101010110011100101110101001010000011001101011110100000110100000000011011000101111000111110111111101010001101001010111010011000100000001011000001001001010101000111100000100010010110110010100010010010110111100110101111110110100101111101111000100010110011011011111011111001101100101001011010001001111111111 
00001010100110101110111010010110100100000000000100010010000010011010001010110100111110101000101111101100010100010111000010101001010110010101001011111100110001110101001110011100011110111110011000110000110101101101000100010110101101001001111111000101001000011000110010100110010011001001101011001011000010110110110011100010000011111010111101100001001001001101110100111100111100111000111001101111100010001001000000101010100010001010010001101100111111111011010001111111100100000011100001000101111011100011010000001101 
10010011001101111010011000111110110000100101101010001011000110000110001111011001010011000101011011111110001100100110100011011111001000111001011010000001011110010101101110110001100110110000100000111011010010100101110111001110110000001011001111000011111011011101100101100000111010111111000110110111100000001100101100111001000100011011000111001011101001101110110001000011010111011100100101011101000010110010111000000110111011101111101011011101000010100010100101001111000001001000100011000111111100011111001000110011 
10000000100010010011110001111111000111110011000110000100110000100100001111101100101100111111001110000000100001111000001111010000000110001011011011111001011111010100000111110011110110101011101010100010100101100000101011011001010100110001011110101100110111111001101010001101110111011101011111010100011101010110000010110110001011001011011001001010110000001010011010000110000001110000000010000010000101111110000101110001010111000010010100111000111110010010001011010011000010110110100110111111100010001010100000110101 
01010010011010101010000010111010001101101110100001111111001010100101000010001100000001110010010001101010000010110111000010010101110010101110111001100001100011011010011000111100001110111110100000001011010111100111011010001101100111100110010000011000011011000010001100001001010001000010110110010110010001100000110001001101011001100100010100111001100110001100111011110110000100101110111001100000010001111000011111110001001011110100111101101011011111111101001000001011001101111000010001000000110110001101001000000101 
10111100000100111110110100011001111100011101100011000100000011100011010111001111011110000011111010111101010001101111001101010100100110000100111001110100110010001101000000100101000100010110110011010011001010000111010111001011100110101110011000100101000011000100110110000101010101001111010001110100000001100100001100101010100010110110001011010010100011111111000110110110000001000010001110100000111001001001100110101111110011110100010110001000101010001111000011110100100100110001000101001011100100101010110000001001 
00001111101010001100111000010101101010101101011100000010011011101111010000111100111100010010101100001111101110000110110000101010010001101100100001110011110101110010010110110111010000101111100011011000101101110000110110010110100100001101100001100100111110011101101011011000011000101010000010101111100100011000111011011001000110100110011011001100001111101100101100111001001000010100000101101111011000011011001000101001001101111100101010101101000001010011010011110000101011100011100010110111100111000001011111000111 
10110001001010000111000001111101001111000101110010010110111111111010101110110100111111011001101001000010101011000010110001111100011110011001110101110110001010111001110111111100001001010011100111000111110011000000111110000000100001110010101111000111101101110101101111001001000010101000100101111101001111011000110100110010011101010001000111011110000001100010111010000110100110100010011000110000001010101111000000111110000000011111110101110101101110101100100011011011001001110000101101001101001100101110000101100001 
00011110100110010001111010000101100011110100010010100100011111111011100111000001111000011010110110001110011001010010010011000011111000101010101110001101111110001100111001110010011101101111111101000111000110100010011100101010011011010111111101001100101011011011111101001001101010100001110111011111100100100100010111110011010001101011101011000000011001110100101100100001100101101100001100000011000101101001001001011101100110010001111000101000100111010000111010111000110111110100110010101101011010110011001100101011 
11011011110110000000110001010101100100101100100100001010100101110001010101100001100010110001111100011100011110010110001001101100111001001001100001001101100010101110001010011100000111010101100010100011001010010010011000011010010110011000111101110010001110000001001011101001111100011000001001001000001000001001111100100100001110110011010101100011101000011100011101000010110100111001001011011111000010111100101111110100111011111111111011001010000011011011000101100010101100110011000010101001011011110000011100101001 
00010000110011111000110000100010100111001110111100111111101011111111000110100011111010111110111100101001100011010011101010011100111111111010101100110011000010101100110011101100001100100101010000011010011000100011011000001110110010010000011010100101001101110000101110010111010001001000101010011000011000101100001010010110100101110110000110101010111110111010110000000000000110000101010100001110111001101011101100010010111101100000111010101001010001001111011011001001100001011111111010001100111100100011000001011101 
11000100001001011001000010100000100010101000111010001011000110011110000000110101110001110111100000101111000011000101010001000110010010110111001001110101010001110111111001000110110011111110001011001110100000010111000001101010011100001101000101110000101111101101101001100101111101100101000000100111101011010011100101001000010101000110111001001111011011111100001000101011000001101101110011001011110000000000101111111000100000000111010110101101101010001010111111101101110110110010110111000001011110111100000110010101 
11100001000111110100001011111101100011000110000100110001100011100110110011100010111110101000100101111010001010011100000111001110001001100101101101101110000111110000100000000111101100100001111110000101011110010101010100101011101110001100000100101110101011110111110101110000001110110100101011101100110101101110101111010110010110101100010111110011110011101011100111110110011111010010001111000011101010110010000100000111000110110110101110110101000001100100010101101001101001000000011110010101001100100001110101111011 
11111011011101110110000110100101011000000000000000100101001101101101001000101010111111100001100011011100001101001011111001100111111010100110001001010001100000010001011011111111010001010000001100101001100010010011010101100101010100000010100110100000011000111110000011101011010111011101100111101011111111011001000000010101001000001110110110101000001110000001111010101011010100010101101001011101000101001001111111000101001100001101010111101011011010101000110011100110011101000011110001100101101010010100111100110001 
01100110010110010111011101101010100011110101111100000110101010110010100011100010111011000001000100010100000111000110100100111101111101111100000101011001001111010110101000110101100111000111001101100011101001001111010101010100000111110110011110111011011001000110111000010001011100111011011111000000110001101110001010010000011100101110000010110100111100010100110011010111001101011100101111011111010000001000001011001111000010001110001111110100111001010010000010101000010111001010100000101101011101110011101100011011 
00001011011011001010011110011101011000111110101101001110101001000111111101111100101100111011111100001111010010111010001111100000101000110111010101011010101000111000101101000001101111000001001010010101101100001011101100000000100010101001110000111001110010010000000010001010011111011001010000101010110101001111100000000011111111000111100100000111010010101000100010001111101011101101111111010101111111101100111100100010101111100111010111000100110011011111110011010110111110000100100011011100010000010011110111000111 
01001101011010101110001111110001101100100101110100010111011001001000100010000100101100010110011100000011110011010110001010110001101110101100000100100011000010101010110010011110111000111101100111110010101110001110101101100100101101100010010111101110101110001110100101011101110111000100000100000110011101100001100010110100100011111000111011011100111010101011000111000101101000100110101100101011001011000110100110101101110110110100100001010110101010100011000010000100001110011101101011000111010111000111001001001111 
01010010000110011110010000001010111011010001011010011110010110110001111100001110010010001000100001101111101001010001001100110001100001011111100110110011010101000001000001101110010010010110100101001011011100110101000000101100011110101100110011000111100011100101000001000001100100011111000101010000001101100000101001101001011010110011110000101100110100001110101100000101011001001010101010001101010010110000011101011110111011010011001111101111001110111010010011110111011000101100010111000101011010100110100110001101 
00110111011110010001001001100010001000111110100000011101100011101010111110100110000101110001100000001010011011001001001100110001000110001111000011110001111100010011011101010100000111000001001100100110010100001011110100000111100011010101101111011111000001001000111111100000110101110011111101011100000010111110010101110011100101101111100101011010001100000100110001100111100001101110111000110001100110010001000111110000111011101111001111000010111011011111010011000011010001110100100001110010010100110001001011001101 
01001101111011110110100110100110101110110100010111100110011001101000000111011110110011110110111111100010011101111101010100100111010010000111111110111000111110011000100101001011000011001000011010001100001001111110110110010011000101110000001011110111110110011001000001111110101101010101100010000001011101010010010010001010010000101001110001101010101101000101001101010100010111000100101110011000000001001110111011010001111101100100111010001100101101101101000000101001000111000111000101011010000111011000000100111011 
10101101011000111001100010111111111011001010001100011000111011110000011000000111010010001100011011011001010111010001001010000000100011000011111111111100110110011001110011101100110011111110010001011010110111110111000101010000011010111101000010110001001101010100011001001000000101111011111001111110000001000011110101010110001100101111010001010010000011011000000101100000101101010001011101001111111011100000110111010111111101001101010100111001100011111010011001110011011000001011001000101011011110110111001110011001 
10110111110100010100000000111100101010100100100110101010111100010000001011111110101101110001101100001010001001110100101000010011010010001111100101101000011101100101111101001001011111001011100001000101010010010110110110111101110001101100010100000111011000010001011110101100110110110100010011110101011001110111101111110110101011011101011100000111100010001001110101001011000100001011011011010001011100101010001000110011001100000001111000000011111110000111001000100001111101001000000000101000011000110111011111010011 
11101111101000111101110010011101010111010000000010011001011110010000000111101101001110000001101000111011000110000110010111111000110010001111000101100100100011101011001111110001100010011100100100010110000000000110110010101010110010111111110110101110101100001110000101110001100001001111111010011000010010011100000001101011001011010111010010111101111011010000010110111110100100100100000101001111001000110110001011010011101011010111001100011100111011100000101011011101101100000001011111100111010100111110110011001001 
00001011100010000010001111110100001101101101100111110101001110101110111101110000111000010100011010101001010000101001101001111001110010101101011111110100000001100011101111101001101000011111010011101110110110100110110010110001011010110010011011101010000000011010010000101111011001010111100001100101010000111001000001000011010001001000110100100010001100010111100010110111011011011101000110010011101000001011010111110000000000101110100010110110110110101010011111111100001001011101100001010010010100001010001001100001 
01001111010111000110110110000111110111011110010011101010110111100110000111000110000011111100101010000001010101111010001101011101011010101001001000100011000101011101101010001001000011111110111101000100000101011110011111000111001011011010101011001101010011011100100001101101001001101110100000101000011101100010110010111010011101100110011010100101010110011110111101101100011010111001001011000110000110100000011111000010100111000010011011010111100110011010010100001111000011111011100000011001111010110001000110100111 
00111101110100100001100000011101110100101010010110000000101101010011011000111011101011010011001111011000011000100011000110101110011010001001101010010000100010111111100100100001011000110101001001110001110110000100000100000100010101010011010100110111010010111010100011011001000111011010100111101000111000110000011100011111001001101110101100000110110110111011010110011010111111001110001000011111011011100001001111001100011111101110001111000100111000010000101101100011110110011000101110000000011100110100111000101101 
11101111101000111101110010011101010111010000000010011001011110010000000111101101001110000001101000111011000110000110010111111000110010001111000101100100100011101011001111110001100010011100100100010110000000000110110010101010110010111111110110101110101100001110000101110001100001001111111010011000010010011100000001101011001011010111010010111101111011010000010110111110100100100100000101001111001000110110001011010011101011010111001100011100111011100000101011011101101100000001011111100111010100111110110011001001 
10010011001101111010011000111110110000100101101010001011000110000110001111011001010011000101011011111110001100100110100011011111001000111001011010000001011110010101101110110001100110110000100000111011010010100101110111001110110000001011001111000011111011011101100101100000111010111111000110110111100000001100101100111001000100011011000111001011101001101110110001000011010111011100100101011101000010110010111000000110111011101111101011011101000010100010100101001111000001001000100011000111111100011111001000110011 
00011110100110010001111010000101100011110100010010100100011111111011100111000001111000011010110110001110011001010010010011000011111000101010101110001101111110001100111001110010011101101111111101000111000110100010011100101010011011010111111101001100101011011011111101001001101010100001110111011111100100100100010111110011010001101011101011000000011001110100101100100001100101101100001100000011000101101001001001011101100110010001111000101000100111010000111010111000110111110100110010101101011010110011001100101011 
01100110010110010111011101101010100011110101111100000110101010110010100011100010111011000001000100010100000111000110100100111101111101111100000101011001001111010110101000110101100111000111001101100011101001001111010101010100000111110110011110111011011001000110111000010001011100111011011111000000110001101110001010010000011100101110000010110100111100010100110011010111001101011100101111011111010000001000001011001111000010001110001111110100111001010010000010101000010111001010100000101101011101110011101100011011 
01001101111011110110100110100110101110110100010111100110011001101000000111011110110011110110111111100010011101111101010100100111010010000111111110111000111110011000100101001011000011001000011010001100001001111110110110010011000101110000001011110111110110011001000001111110101101010101100010000001011101010010010010001010010000101001110001101010101101000101001101010100010111000100101110011000000001001110111011010001111101100100111010001100101101101101000000101001000111000111000101011010000111011000000100111011 
00001011100010000010001111110100001101101101100111110101001110101110111101110000111000010100011010101001010000101001101001111001110010101101011111110100000001100011101111101001101000011111010011101110110110100110110010110001011010110010011011101010000000011010010000101111011001010111100001100101010000111001000001000011010001001000110100100010001100010111100010110111011011011101000110010011101000001011010111110000000000101110100010110110110110101010011111111100001001011101100001010010010100001010001001100001 
10110111110100010100000000111100101010100100100110101010111100010000001011111110101101110001101100001010001001110100101000010011010010001111100101101000011101100101111101001001011111001011100001000101010010010110110110111101110001101100010100000111011000010001011110101100110110110100010011110101011001110111101111110110101011011101011100000111100010001001110101001011000100001011011011010001011100101010001000110011001100000001111000000011111110000111001000100001111101001000000000101000011000110111011111010011 
10110001001010000111000001111101001111000101110010010110111111111010101110110100111111011001101001000010101011000010110001111100011110011001110101110110001010111001110111111100001001010011100111000111110011000000111110000000100001110010101111000111101101110101101111001001000010101000100101111101001111011000110100110010011101010001000111011110000001100010111010000110100110100010011000110000001010101111000000111110000000011111110101110101101110101100100011011011001001110000101101001101001100101110000101100001 
11111011011101110110000110100101011000000000000000100101001101101101001000101010111111100001100011011100001101001011111001100111111010100110001001010001100000010001011011111111010001010000001100101001100010010011010101100101010100000010100110100000011000111110000011101011010111011101100111101011111111011001000000010101001000001110110110101000001110000001111010101011010100010101101001011101000101001001111111000101001100001101010111101011011010101000110011100110011101000011110001100101101010010100111100110001 
11000100001001011001000010100000100010101000111010001011000110011110000000110101110001110111100000101111000011000101010001000110010010110111001001110101010001110111111001000110110011111110001011001110100000010111000001101010011100001101000101110000101111101101101001100101111101100101000000100111101011010011100101001000010101000110111001001111011011111100001000101011000001101101110011001011110000000000101111111000100000000111010110101101101010001010111111101101110110110010110111000001011110111100000110010101 
01001111010111000110110110000111110111011110010011101010110111100110000111000110000011111100101010000001010101111010001101011101011010101001001000100011000101011101101010001001000011111110111101000100000101011110011111000111001011011010101011001101010011011100100001101101001001101110100000101000011101100010110010111010011101100110011010100101010110011110111101101100011010111001001011000110000110100000011111000010100111000010011011010111100110011010010100001111000011111011100000011001111010110001000110100111 
00110111011110010001001001100010001000111110100000011101100011101010111110100110000101110001100000001010011011001001001100110001000110001111000011110001111100010011011101010100000111000001001100100110010100001011110100000111100011010101101111011111000001001000111111100000110101110011111101011100000010111110010101110011100101101111100101011010001100000100110001100111100001101110111000110001100110010001000111110000111011101111001111000010111011011111010011000011010001110100100001110010010100110001001011001101 
10111100000100111110110100011001111100011101100011000100000011100011010111001111011110000011111010111101010001101111001101010100100110000100111001110100110010001101000000100101000100010110110011010011001010000111010111001011100110101110011000100101000011000100110110000101010101001111010001110100000001100100001100101010100010110110001011010010100011111111000110110110000001000010001110100000111001001001100110101111110011110100010110001000101010001111000011110100100100110001000101001011100100101010110000001001 
00001011011011001010011110011101011000111110101101001110101001000111111101111100101100111011111100001111010010111010001111100000101000110111010101011010101000111000101101000001101111000001001010010101101100001011101100000000100010101001110000111001110010010000000010001010011111011001010000101010110101001111100000000011111111000111100100000111010010101000100010001111101011101101111111010101111111101100111100100010101111100111010111000100110011011111110011010110111110000100100011011100010000010011110111000111 
01010010011010101010000010111010001101101110100001111111001010100101000010001100000001110010010001101010000010110111000010010101110010101110111001100001100011011010011000111100001110111110100000001011010111100111011010001101100111100110010000011000011011000010001100001001010001000010110110010110010001100000110001001101011001100100010100111001100110001100111011110110000100101110111001100000010001111000011111110001001011110100111101101011011111111101001000001011001101111000010001000000110110001101001000000101 
00001010100110101110111010010110100100000000000100010010000010011010001010110100111110101000101111101100010100010111000010101001010110010101001011111100110001110101001110011100011110111110011000110000110101101101000100010110101101001001111111000101001000011000110010100110010011001001101011001011000010110110110011100010000011111010111101100001001001001101110100111100111100111000111001101111100010001001000000101010100010001010010001101100111111111011010001111111100100000011100001000101111011100011010000001101 
11011011110110000000110001010101100100101100100100001010100101110001010101100001100010110001111100011100011110010110001001101100111001001001100001001101100010101110001010011100000111010101100010100011001010010010011000011010010110011000111101110010001110000001001011101001111100011000001001001000001000001001111100100100001110110011010101100011101000011100011101000010110100111001001011011111000010111100101111110100111011111111111011001010000011011011000101100010101100110011000010101001011011110000011100101001 
10000000100010010011110001111111000111110011000110000100110000100100001111101100101100111111001110000000100001111000001111010000000110001011011011111001011111010100000111110011110110101011101010100010100101100000101011011001010100110001011110101100110111111001101010001101110111011101011111010100011101010110000010110110001011001011011001001010110000001010011010000110000001110000000010000010000101111110000101110001010111000010010100111000111110010010001011010011000010110110100110111111100010001010100000110101 
11100001000111110100001011111101100011000110000100110001100011100110110011100010111110101000100101111010001010011100000111001110001001100101101101101110000111110000100000000111101100100001111110000101011110010101010100101011101110001100000100101110101011110111110101110000001110110100101011101100110101101110101111010110010110101100010111110011110011101011100111110110011111010010001111000011101010110010000100000111000110110110101110110101000001100100010101101001101001000000011110010101001100100001110101111011 
00001111101010001100111000010101101010101101011100000010011011101111010000111100111100010010101100001111101110000110110000101010010001101100100001110011110101110010010110110111010000101111100011011000101101110000110110010110100100001101100001100100111110011101101011011000011000101010000010101111100100011000111011011001000110100110011011001100001111101100101100111001001000010100000101101111011000011011001000101001001101111100101010101101000001010011010011110000101011100011100010110111100111000001011111000111 
00010000110011111000110000100010100111001110111100111111101011111111000110100011111010111110111100101001100011010011101010011100111111111010101100110011000010101100110011101100001100100101010000011010011000100011011000001110110010010000011010100101001101110000101110010111010001001000101010011000011000101100001010010110100101110110000110101010111110111010110000000000000110000101010100001110111001101011101100010010111101100000111010101001010001001111011011001001100001011111111010001100111100100011000001011101 
00111101110100100001100000011101110100101010010110000000101101010011011000111011101011010011001111011000011000100011000110101110011010001001101010010000100010111111100100100001011000110101001001110001110110000100000100000100010101010011010100110111010010111010100011011001000111011010100111101000111000110000011100011111001001101110101100000110110110111011010110011010111111001110001000011111011011100001001111001100011111101110001111000100111000010000101101100011110110011000101110000000011100110100111000101101 
01001101011010101110001111110001101100100101110100010111011001001000100010000100101100010110011100000011110011010110001010110001101110101100000100100011000010101010110010011110111000111101100111110010101110001110101101100100101101100010010111101110101110001110100101011101110111000100000100000110011101100001100010110100100011111000111011011100111010101011000111000101101000100110101100101011001011000110100110101101110110110100100001010110101010100011000010000100001110011101101011000111010111000111001001001111 
01010010000110011110010000001010111011010001011010011110010110110001111100001110010010001000100001101111101001010001001100110001100001011111100110110011010101000001000001101110010010010110100101001011011100110101000000101100011110101100110011000111100011100101000001000001100100011111000101010000001101100000101001101001011010110011110000101100110100001110101100000101011001001010101010001101010010110000011101011110111011010011001111101111001110111010010011110111011000101100010111000101011010100110100110001101 
10101101011000111001100010111111111011001010001100011000111011110000011000000111010010001100011011011001010111010001001010000000100011000011111111111100110110011001110011101100110011111110010001011010110111110111000101010000011010111101000010110001001101010100011001001000000101111011111001111110000001000011110101010110001100101111010001010010000011011000000101100000101101010001011101001111111011100000110111010111111101001101010100111001100011111010011001110011011000001011001000101011011110110111001110011001 
11001010110110000000100001110000101110111010010010010000010011100001000000101100000100110100001011100001010000110110101100010001010100001101100000100000000001101111100000111001011000011000010101110100100100110000111101001000000001001101100110111000011000100111111111001101000001010011011100010100010001101101000001011110010011000000000000110001000010100110111111001001101111010110010101000011101100011010010000000110000001001010011011000001001100111010101110000011011100111011000001111011100111100100010101101001 
10011000110100010111101001000011010110110000101001101111101010100110101100010011110000001100010001111111111100011110010010100111001011111111000010110101001000111100110011101111110100101010000011010001011010111111011110000111110010110011010100110111010011011101001001110011100010111110110010110111111111110101000010010011111110100101101001101011011100011010110011010110000101010010010111111010111000111101101101110101011000010010110100100111110100111111111111101111100001110101111010001000010100110001100011010001 
00111100100010101010001101011000000110011101011101010011011011010001001101100011110100011100101000011011011111000011100100100011001111010111010101010010010000010010100110101001100000010111000001010111100111000000001001000000000111000000000100100100010010100110000001100011111100010011101011001110010000001100101011101000010110101100111100001000110000111101001101101001100111101101111010101100010000100001011010110111111111001010011110101001111000011010100110011000000010110000101001000010111011000110111000101010 
01101110010000001110001110000000111100110011111010000000100110011110111000001011111011000010100000010101011010010000101101001101000010000011111010010000000001010001100100101111010111110110001001101101111000001101100011000100111000100011010100110000001000000100010100101111111011100000001000001110100110001111100101111010010011111101000011000110000000001001000011010001011100000101010100101000011101001110101000001100100001010011011001000111010001101000100010111000110110010100110011100101000011100011110001101100 
11001111010100000110010111011111110111101111011011111001000011111110100100001000010010111001100101100001001110100100010100101111000110100110110000100000100000000011100100000011101000100100100001110111000010000001011100010010000001111001001000000011010111100010000100000011011010100000000000000011111110010100001011110001111011010100011011110010100101111000101000010110010000001000111101000001100001000001000101111010111000111000010011000011100011101110111000110110111100010011000111110100100001000000110111110110 
10111001010100101001101100100010001011001110011000101110100001111101001000111110110010111100111111000001001110011111011000000000101111011110101111011111000101100000111010011110100000110100100101110100000010000011011001010001010101111100010110011010101000010011011011101000101011111001100111011100100011010011101000111001111110111100101110011111101010101101111111111111011110001011101001000111111111110000000111001101010010011011110010100111111100111110100000100111100110010011000011101010010100101111001011111101 
10010000101001110000000101101001110011010001111101001000111001100100111110100011101000111101000111000100100010110011110110010111011110111010001111001101111010011111101110111101110000001100001011001111111001110011000000011010010111100110101110100101010010101111101011111110111110001001101010000110111111111010100111010010101101001000110000110010100010111110111000001000111100110110000111100001011110000101110010011110101101010010110010011101011111111010110001100100100110001111100111010001010111000001011110100111 
00110100001010001011111100011110100000010000111100100000001101101101000010110001001101010001100111011001101000001100100010100010101010010101000000011010110101100011001001101010110010110111111101100110101001110010011000000001011100100010000001100111001000010000110010101101110000001010101000100000011101000111010110000110100101000111111010110101100000101110100000010000110101011010100110111110100111010101110010010001100100101100011110111110101001001110010110001101100000001000000000010100100111011010111100000010 
11010001001111000111011110000101011111100000101101001010001100010101110111100010001001000001111100101110001010100101001110110000011011001001110011110010010011001101010010000010000010000101000100001001100111100111001000011101010000111010100000111100100011000100110000110001101010111001100011100111001001000001111000111001100101010000111010010110011100100100100101000000110001010111101111010011101001010101101010010101011010110101010011010101101010111010110010110101000010110010111001010110100000101001010001011001 
11001110110011010110010100101101000010011100001000101110110001111110010111011110000101110110000110110011111001011011111011110101111110111011001000000101011110011100101100001000110110100000011101011110100110010001001110100111000111100111111010101001110001101101111010100101011010110100000110001101111000010001101100011001110000111010010001100110100010010011110101111000111100001010100111001100000010111000110001111011110111101010111001011110100100001111010101111000101100110111111110010101001110000011010100111011 
01011100101010001000010000111111111000101110001001111011011000111011010001100111001001111100000000110100100111101101101010101011000101000011110111100011110001110100011100010100111000000110010010111111110001111000011000001011011011101011000110011010011101001110100011100101101001011101111100111001000001101111101010101101001010011010000011110101110111001001111101000101011001111000101010000001001110101001010000000101111111010101010001110111111100010110101011110001000110001110101010010100111011111000111101011011 
01011100011110001010011110010110010110101111001001110110111000000000101010011101011000100011111111010010101011011010110001010110101110011001111011110111011111000000011010100110011101011101100101010100111101010110101101001000010111101110011111100011100101000110111000010001000101000111010110111111110011011101010110111110001011110001011011111000100010100111101011111100001111011010001100011100111101101011100010000010101110111110111101000010101010100100111111100101001101101101000111110001001110000001111000111011 
10101110111110100010100100000101100111011011100101111101001110100011011001001011011010101111001110000100000100101111010111011000111000110100010100110000010010000110101110001100101000001110110000110111111011111111011010011111001110001111111010000001101011000110010011101011110111001111111100111111100000101110001100100000011111011110111011010001100001110000001000001000011111011110011010110101101101111000111101000000111001011001101100111110000100111010001001111101011110000010110101110000001001110110110000010111 
11101111111001111001001000110000001000101000001100000001011000101110110101010110001001101011101010111010011010111100101011000101111111111110000001110101101010101001100000010100111000110011001011110011010110000011101110100100010110010111000000100010101000101110111001101111001000101010010011100000100001100100110110010111010001000000010111011110110111100011001001010101101000000000000011000111001011011010001111001111111111010010111010000100010100001010000111100010111000111100100100010000100100100001010110101011 
11000010100001010000000100001110000011011010100011100010100101010011001010001011100000010111000101001101100101101101110001100011010001101100101001110111001010000000001000010111011110000011111000010001001000000101010110011100101110101001010000011001101011110100000110100000000011011000101111000111110111111101010001101001010111010011000100000001011000001001001010101000111100000100010010110110010100010010010110111100110101111110110100101111101111000100010110011011011111011111001101100101001011010001001111111111 
10101100100111001001001100101110001110011110101100010110001001110100110111111101101110011001110101111101010101100111001010111100100000000110100001111000011010010100001100101010011110011011011001101111101101110011110001100010001111011000101101011111001101000110101111100111001111110001100000011101001011111100110100111001101101000101011001000111011011111100010100101011011110100110000111100101101010011000000110100100101011000110111011001001000001110111100100111100011000010111010111001000101010100110010110101101 
11101111101000111101110010011101010111010000000010011001011110010000000111101101001110000001101000111011000110000110010111111000110010001111000101100100100011101011001111110001100010011100100100010110000000000110110010101010110010111111110110101110101100001110000101110001100001001111111010011000010010011100000001101011001011010111010010111101111011010000010110111110100100100100000101001111001000110110001011010011101011010111001100011100111011100000101011011101101100000001011111100111010100111110110011001001 
01001111010111000110110110000111110111011110010011101010110111100110000111000110000011111100101010000001010101111010001101011101011010101001001000100011000101011101101010001001000011111110111101000100000101011110011111000111001011011010101011001101010011011100100001101101001001101110100000101000011101100010110010111010011101100110011010100101010110011110111101101100011010111001001011000110000110100000011111000010100111000010011011010111100110011010010100001111000011111011100000011001111010110001000110100111 
11100001000111110100001011111101100011000110000100110001100011100110110011100010111110101000100101111010001010011100000111001110001001100101101101101110000111110000100000000111101100100001111110000101011110010101010100101011101110001100000100101110101011110111110101110000001110110100101011101100110101101110101111010110010110101100010111110011110011101011100111110110011111010010001111000011101010110010000100000111000110110110101110110101000001100100010101101001101001000000011110010101001100100001110101111011 
01100110010110010111011101101010100011110101111100000110101010110010100011100010111011000001000100010100000111000110100100111101111101111100000101011001001111010110101000110101100111000111001101100011101001001111010101010100000111110110011110111011011001000110111000010001011100111011011111000000110001101110001010010000011100101110000010110100111100010100110011010111001101011100101111011111010000001000001011001111000010001110001111110100111001010010000010101000010111001010100000101101011101110011101100011011 
00011110100110010001111010000101100011110100010010100100011111111011100111000001111000011010110110001110011001010010010011000011111000101010101110001101111110001100111001110010011101101111111101000111000110100010011100101010011011010111111101001100101011011011111101001001101010100001110111011111100100100100010111110011010001101011101011000000011001110100101100100001100101101100001100000011000101101001001001011101100110010001111000101000100111010000111010111000110111110100110010101101011010110011001100101011 
10110001001010000111000001111101001111000101110010010110111111111010101110110100111111011001101001000010101011000010110001111100011110011001110101110110001010111001110111111100001001010011100111000111110011000000111110000000100001110010101111000111101101110101101111001001000010101000100101111101001111011000110100110010011101010001000111011110000001100010111010000110100110100010011000110000001010101111000000111110000000011111110101110101101110101100100011011011001001110000101101001101001100101110000101100001 
01010010000110011110010000001010111011010001011010011110010110110001111100001110010010001000100001101111101001010001001100110001100001011111100110110011010101000001000001101110010010010110100101001011011100110101000000101100011110101100110011000111100011100101000001000001100100011111000101010000001101100000101001101001011010110011110000101100110100001110101100000101011001001010101010001101010010110000011101011110111011010011001111101111001110111010010011110111011000101100010111000101011010100110100110001101 
01001101111011110110100110100110101110110100010111100110011001101000000111011110110011110110111111100010011101111101010100100111010010000111111110111000111110011000100101001011000011001000011010001100001001111110110110010011000101110000001011110111110110011001000001111110101101010101100010000001011101010010010010001010010000101001110001101010101101000101001101010100010111000100101110011000000001001110111011010001111101100100111010001100101101101101000000101001000111000111000101011010000111011000000100111011 
10110111110100010100000000111100101010100100100110101010111100010000001011111110101101110001101100001010001001110100101000010011010010001111100101101000011101100101111101001001011111001011100001000101010010010110110110111101110001101100010100000111011000010001011110101100110110110100010011110101011001110111101111110110101011011101011100000111100010001001110101001011000100001011011011010001011100101010001000110011001100000001111000000011111110000111001000100001111101001000000000101000011000110111011111010011 
00001011100010000010001111110100001101101101100111110101001110101110111101110000111000010100011010101001010000101001101001111001110010101101011111110100000001100011101111101001101000011111010011101110110110100110110010110001011010110010011011101010000000011010010000101111011001010111100001100101010000111001000001000011010001001000110100100010001100010111100010110111011011011101000110010011101000001011010111110000000000101110100010110110110110101010011111111100001001011101100001010010010100001010001001100001 
11111011011101110110000110100101011000000000000000100101001101101101001000101010111111100001100011011100001101001011111001100111111010100110001001010001100000010001011011111111010001010000001100101001100010010011010101100101010100000010100110100000011000111110000011101011010111011101100111101011111111011001000000010101001000001110110110101000001110000001111010101011010100010101101001011101000101001001111111000101001100001101010111101011011010101000110011100110011101000011110001100101101010010100111100110001 
00001010100110101110111010010110100100000000000100010010000010011010001010110100111110101000101111101100010100010111000010101001010110010101001011111100110001110101001110011100011110111110011000110000110101101101000100010110101101001001111111000101001000011000110010100110010011001001101011001011000010110110110011100010000011111010111101100001001001001101110100111100111100111000111001101111100010001001000000101010100010001010010001101100111111111011010001111111100100000011100001000101111011100011010000001101 
00110111011110010001001001100010001000111110100000011101100011101010111110100110000101110001100000001010011011001001001100110001000110001111000011110001111100010011011101010100000111000001001100100110010100001011110100000111100011010101101111011111000001001000111111100000110101110011111101011100000010111110010101110011100101101111100101011010001100000100110001100111100001101110111000110001100110010001000111110000111011101111001111000010111011011111010011000011010001110100100001110010010100110001001011001101 
01010010011010101010000010111010001101101110100001111111001010100101000010001100000001110010010001101010000010110111000010010101110010101110111001100001100011011010011000111100001110111110100000001011010111100111011010001101100111100110010000011000011011000010001100001001010001000010110110010110010001100000110001001101011001100100010100111001100110001100111011110110000100101110111001100000010001111000011111110001001011110100111101101011011111111101001000001011001101111000010001000000110110001101001000000101 
11000100001001011001000010100000100010101000111010001011000110011110000000110101110001110111100000101111000011000101010001000110010010110111001001110101010001110111111001000110110011111110001011001110100000010111000001101010011100001101000101110000101111101101101001100101111101100101000000100111101011010011100101001000010101000110111001001111011011111100001000101011000001101101110011001011110000000000101111111000100000000111010110101101101010001010111111101101110110110010110111000001011110111100000110010101 
10000000100010010011110001111111000111110011000110000100110000100100001111101100101100111111001110000000100001111000001111010000000110001011011011111001011111010100000111110011110110101011101010100010100101100000101011011001010100110001011110101100110111111001101010001101110111011101011111010100011101010110000010110110001011001011011001001010110000001010011010000110000001110000000010000010000101111110000101110001010111000010010100111000111110010010001011010011000010110110100110111111100010001010100000110101 
00001011011011001010011110011101011000111110101101001110101001000111111101111100101100111011111100001111010010111010001111100000101000110111010101011010101000111000101101000001101111000001001010010101101100001011101100000000100010101001110000111001110010010000000010001010011111011001010000101010110101001111100000000011111111000111100100000111010010101000100010001111101011101101111111010101111111101100111100100010101111100111010111000100110011011111110011010110111110000100100011011100010000010011110111000111 
10111100000100111110110100011001111100011101100011000100000011100011010111001111011110000011111010111101010001101111001101010100100110000100111001110100110010001101000000100101000100010110110011010011001010000111010111001011100110101110011000100101000011000100110110000101010101001111010001110100000001100100001100101010100010110110001011010010100011111111000110110110000001000010001110100000111001001001100110101111110011110100010110001000101010001111000011110100100100110001000101001011100100101010110000001001 
10010011001101111010011000111110110000100101101010001011000110000110001111011001010011000101011011111110001100100110100011011111001000111001011010000001011110010101101110110001100110110000100000111011010010100101110111001110110000001011001111000011111011011101100101100000111010111111000110110111100000001100101100111001000100011011000111001011101001101110110001000011010111011100100101011101000010110010111000000110111011101111101011011101000010100010100101001111000001001000100011000111111100011111001000110011 
00010000110011111000110000100010100111001110111100111111101011111111000110100011111010111110111100101001100011010011101010011100111111111010101100110011000010101100110011101100001100100101010000011010011000100011011000001110110010010000011010100101001101110000101110010111010001001000101010011000011000101100001010010110100101110110000110101010111110111010110000000000000110000101010100001110111001101011101100010010111101100000111010101001010001001111011011001001100001011111111010001100111100100011000001011101 
11011011110110000000110001010101100100101100100100001010100101110001010101100001100010110001111100011100011110010110001001101100111001001001100001001101100010101110001010011100000111010101100010100011001010010010011000011010010110011000111101110010001110000001001011101001111100011000001001001000001000001001111100100100001110110011010101100011101000011100011101000010110100111001001011011111000010111100101111110100111011111111111011001010000011011011000101100010101100110011000010101001011011110000011100101001 
00111101110100100001100000011101110100101010010110000000101101010011011000111011101011010011001111011000011000100011000110101110011010001001101010010000100010111111100100100001011000110101001001110001110110000100000100000100010101010011010100110111010010111010100011011001000111011010100111101000111000110000011100011111001001101110101100000110110110111011010110011010111111001110001000011111011011100001001111001100011111101110001111000100111000010000101101100011110110011000101110000000011100110100111000101101 
00001111101010001100111000010101101010101101011100000010011011101111010000111100111100010010101100001111101110000110110000101010010001101100100001110011110101110010010110110111010000101111100011011000101101110000110110010110100100001101100001100100111110011101101011011000011000101010000010101111100100011000111011011001000110100110011011001100001111101100101100111001001000010100000101101111011000011011001000101001001101111100101010101101000001010011010011110000101011100011100010110111100111000001011111000111 
01001101011010101110001111110001101100100101110100010111011001001000100010000100101100010110011100000011110011010110001010110001101110101100000100100011000010101010110010011110111000111101100111110010101110001110101101100100101101100010010111101110101110001110100101011101110111000100000100000110011101100001100010110100100011111000111011011100111010101011000111000101101000100110101100101011001011000110100110101101110110110100100001010110101010100011000010000100001110011101101011000111010111000111001001001111 
10101101011000111001100010111111111011001010001100011000111011110000011000000111010010001100011011011001010111010001001010000000100011000011111111111100110110011001110011101100110011111110010001011010110111110111000101010000011010111101000010110001001101010100011001001000000101111011111001111110000001000011110101010110001100101111010001010010000011011000000101100000101101010001011101001111111011100000110111010111111101001101010100111001100011111010011001110011011000001011001000101011011110110111001110011001 
11001010110110000000100001110000101110111010010010010000010011100001000000101100000100110100001011100001010000110110101100010001010100001101100000100000000001101111100000111001011000011000010101110100100100110000111101001000000001001101100110111000011000100111111111001101000001010011011100010100010001101101000001011110010011000000000000110001000010100110111111001001101111010110010101000011101100011010010000000110000001001010011011000001001100111010101110000011011100111011000001111011100111100100010101101001 
10011000110100010111101001000011010110110000101001101111101010100110101100010011110000001100010001111111111100011110010010100111001011111111000010110101001000111100110011101111110100101010000011010001011010111111011110000111110010110011010100110111010011011101001001110011100010111110110010110111111111110101000010010011111110100101101001101011011100011010110011010110000101010010010111111010111000111101101101110101011000010010110100100111110100111111111111101111100001110101111010001000010100110001100011010001 
01101110010000001110001110000000111100110011111010000000100110011110111000001011111011000010100000010101011010010000101101001101000010000011111010010000000001010001100100101111010111110110001001101101111000001101100011000100111000100011010100110000001000000100010100101111111011100000001000001110100110001111100101111010010011111101000011000110000000001001000011010001011100000101010100101000011101001110101000001100100001010011011001000111010001101000100010111000110110010100110011100101000011100011110001101100 
00111100100010101010001101011000000110011101011101010011011011010001001101100011110100011100101000011011011111000011100100100011001111010111010101010010010000010010100110101001100000010111000001010111100111000000001001000000000111000000000100100100010010100110000001100011111100010011101011001110010000001100101011101000010110101100111100001000110000111101001101101001100111101101111010101100010000100001011010110111111111001010011110101001111000011010100110011000000010110000101001000010111011000110111000101010 
11001111010100000110010111011111110111101111011011111001000011111110100100001000010010111001100101100001001110100100010100101111000110100110110000100000100000000011100100000011101000100100100001110111000010000001011100010010000001111001001000000011010111100010000100000011011010100000000000000011111110010100001011110001111011010100011011110010100101111000101000010110010000001000111101000001100001000001000101111010111000111000010011000011100011101110111000110110111100010011000111110100100001000000110111110110 
10111001010100101001101100100010001011001110011000101110100001111101001000111110110010111100111111000001001110011111011000000000101111011110101111011111000101100000111010011110100000110100100101110100000010000011011001010001010101111100010110011010101000010011011011101000101011111001100111011100100011010011101000111001111110111100101110011111101010101101111111111111011110001011101001000111111111110000000111001101010010011011110010100111111100111110100000100111100110010011000011101010010100101111001011111101 
10010000101001110000000101101001110011010001111101001000111001100100111110100011101000111101000111000100100010110011110110010111011110111010001111001101111010011111101110111101110000001100001011001111111001110011000000011010010111100110101110100101010010101111101011111110111110001001101010000110111111111010100111010010101101001000110000110010100010111110111000001000111100110110000111100001011110000101110010011110101101010010110010011101011111111010110001100100100110001111100111010001010111000001011110100111 
00110100001010001011111100011110100000010000111100100000001101101101000010110001001101010001100111011001101000001100100010100010101010010101000000011010110101100011001001101010110010110111111101100110101001110010011000000001011100100010000001100111001000010000110010101101110000001010101000100000011101000111010110000110100101000111111010110101100000101110100000010000110101011010100110111110100111010101110010010001100100101100011110111110101001001110010110001101100000001000000000010100100111011010111100000010 
11010001001111000111011110000101011111100000101101001010001100010101110111100010001001000001111100101110001010100101001110110000011011001001110011110010010011001101010010000010000010000101000100001001100111100111001000011101010000111010100000111100100011000100110000110001101010111001100011100111001001000001111000111001100101010000111010010110011100100100100101000000110001010111101111010011101001010101101010010101011010110101010011010101101010111010110010110101000010110010111001010110100000101001010001011001 
00110001011011101110011101011010100011010010000101111111101000100010100111111000100011011111010101001111000010110010000111011110100100001100010101001001001000110001011111110110000111111110011111110111100110001001110000011110011110101011101100111111001000010000010001110001101111011100100010101100011000011011001111010010101101101000000000011011111100000101011100110101110001100011111100001101100011111011110101100010000111111111101000010110011111011001001110000111110111111100111010001100011000100110000011100011 
01011100011110001010011110010110010110101111001001110110111000000000101010011101011000100011111111010010101011011010110001010110101110011001111011110111011111000000011010100110011101011101100101010100111101010110101101001000010111101110011111100011100101000110111000010001000101000111010110111111110011011101010110111110001011110001011011111000100010100111101011111100001111011010001100011100111101101011100010000010101110111110111101000010101010100100111111100101001101101101000111110001001110000001111000111011 
11001110110011010110010100101101000010011100001000101110110001111110010111011110000101110110000110110011111001011011111011110101111110111011001000000101011110011100101100001000110110100000011101011110100110010001001110100111000111100111111010101001110001101101111010100101011010110100000110001101111000010001101100011001110000111010010001100110100010010011110101111000111100001010100111001100000010111000110001111011110111101010111001011110100100001111010101111000101100110111111110010101001110000011010100111011 
01011100101010001000010000111111111000101110001001111011011000111011010001100111001001111100000000110100100111101101101010101011000101000011110111100011110001110100011100010100111000000110010010111111110001111000011000001011011011101011000110011010011101001110100011100101101001011101111100111001000001101111101010101101001010011010000011110101110111001001111101000101011001111000101010000001001110101001010000000101111111010101010001110111111100010110101011110001000110001110101010010100111011111000111101011011 
11101111111001111001001000110000001000101000001100000001011000101110110101010110001001101011101010111010011010111100101011000101111111111110000001110101101010101001100000010100111000110011001011110011010110000011101110100100010110010111000000100010101000101110111001101111001000101010010011100000100001100100110110010111010001000000010111011110110111100011001001010101101000000000000011000111001011011010001111001111111111010010111010000100010100001010000111100010111000111100100100010000100100100001010110101011 
10101100100111001001001100101110001110011110101100010110001001110100110111111101101110011001110101111101010101100111001010111100100000000110100001111000011010010100001100101010011110011011011001101111101101110011110001100010001111011000101101011111001101000110101111100111001111110001100000011101001011111100110100111001101101000101011001000111011011111100010100101011011110100110000111100101101010011000000110100100101011000110111011001001000001110111100100111100011000010111010111001000101010100110010110101101 
11000010100001010000000100001110000011011010100011100010100101010011001010001011100000010111000101001101100101101101110001100011010001101100101001110111001010000000001000010111011110000011111000010001001000000101010110011100101110101001010000011001101011110100000110100000000011011000101111000111110111111101010001101001010111010011000100000001011000001001001010101000111100000100010010110110010100010010010110111100110101111110110100101111101111000100010110011011011111011111001101100101001011010001001111111111 
10101101011000111001100010111111111011001010001100011000111011110000011000000111010010001100011011011001010111010001001010000000100011000011111111111100110110011001110011101100110011111110010001011010110111110111000101010000011010111101000010110001001101010100011001001000000101111011111001111110000001000011110101010110001100101111010001010010000011011000000101100000101101010001011101001111111011100000110111010111111101001101010100111001100011111010011001110011011000001011001000101011011110110111001110011001 
01100110010110010111011101101010100011110101111100000110101010110010100011100010111011000001000100010100000111000110100100111101111101111100000101011001001111010110101000110101100111000111001101100011101001001111010101010100000111110110011110111011011001000110111000010001011100111011011111000000110001101110001010010000011100101110000010110100111100010100110011010111001101011100101111011111010000001000001011001111000010001110001111110100111001010010000010101000010111001010100000101101011101110011101100011011 
00001111101010001100111000010101101010101101011100000010011011101111010000111100111100010010101100001111101110000110110000101010010001101100100001110011110101110010010110110111010000101111100011011000101101110000110110010110100100001101100001100100111110011101101011011000011000101010000010101111100100011000111011011001000110100110011011001100001111101100101100111001001000010100000101101111011000011011001000101001001101111100101010101101000001010011010011110000101011100011100010110111100111000001011111000111 
00001010100110101110111010010110100100000000000100010010000010011010001010110100111110101000101111101100010100010111000010101001010110010101001011111100110001110101001110011100011110111110011000110000110101101101000100010110101101001001111111000101001000011000110010100110010011001001101011001011000010110110110011100010000011111010111101100001001001001101110100111100111100111000111001101111100010001001000000101010100010001010010001101100111111111011010001111111100100000011100001000101111011100011010000001101 
11111011011101110110000110100101011000000000000000100101001101101101001000101010111111100001100011011100001101001011111001100111111010100110001001010001100000010001011011111111010001010000001100101001100010010011010101100101010100000010100110100000011000111110000011101011010111011101100111101011111111011001000000010101001000001110110110101000001110000001111010101011010100010101101001011101000101001001111111000101001100001101010111101011011010101000110011100110011101000011110001100101101010010100111100110001 
10110111110100010100000000111100101010100100100110101010111100010000001011111110101101110001101100001010001001110100101000010011010010001111100101101000011101100101111101001001011111001011100001000101010010010110110110111101110001101100010100000111011000010001011110101100110110110100010011110101011001110111101111110110101011011101011100000111100010001001110101001011000100001011011011010001011100101010001000110011001100000001111000000011111110000111001000100001111101001000000000101000011000110111011111010011 
00110111011110010001001001100010001000111110100000011101100011101010111110100110000101110001100000001010011011001001001100110001000110001111000011110001111100010011011101010100000111000001001100100110010100001011110100000111100011010101101111011111000001001000111111100000110101110011111101011100000010111110010101110011100101101111100101011010001100000100110001100111100001101110111000110001100110010001000111110000111011101111001111000010111011011111010011000011010001110100100001110010010100110001001011001101 
11000100001001011001000010100000100010101000111010001011000110011110000000110101110001110111100000101111000011000101010001000110010010110111001001110101010001110111111001000110110011111110001011001110100000010111000001101010011100001101000101110000101111101101101001100101111101100101000000100111101011010011100101001000010101000110111001001111011011111100001000101011000001101101110011001011110000000000101111111000100000000111010110101101101010001010111111101101110110110010110111000001011110111100000110010101 
01010010000110011110010000001010111011010001011010011110010110110001111100001110010010001000100001101111101001010001001100110001100001011111100110110011010101000001000001101110010010010110100101001011011100110101000000101100011110101100110011000111100011100101000001000001100100011111000101010000001101100000101001101001011010110011110000101100110100001110101100000101011001001010101010001101010010110000011101011110111011010011001111101111001110111010010011110111011000101100010111000101011010100110100110001101 
00010000110011111000110000100010100111001110111100111111101011111111000110100011111010111110111100101001100011010011101010011100111111111010101100110011000010101100110011101100001100100101010000011010011000100011011000001110110010010000011010100101001101110000101110010111010001001000101010011000011000101100001010010110100101110110000110101010111110111010110000000000000110000101010100001110111001101011101100010010111101100000111010101001010001001111011011001001100001011111111010001100111100100011000001011101 
01001111010111000110110110000111110111011110010011101010110111100110000111000110000011111100101010000001010101111010001101011101011010101001001000100011000101011101101010001001000011111110111101000100000101011110011111000111001011011010101011001101010011011100100001101101001001101110100000101000011101100010110010111010011101100110011010100101010110011110111101101100011010111001001011000110000110100000011111000010100111000010011011010111100110011010010100001111000011111011100000011001111010110001000110100111 
