10100001011001011001000100011111011001110110100110010010101100011010100011001001010100100101011110110000101111111000000111010001000011110010011000001010100110010110010010110001111110100000100010100000001000101010101110011001110010101100000100011001000010000000101110000101000101010010111001010101001010011010100100001011000110000100000111100000010001001100100110011001001110110001101000100000001001011011111001110001011010100001000101010100010100000100111010001101010100010110010110010000000000100010100001001111 
00100111110000111010110000111010010011100100110101111111111010100111111010011100100110011111011111111011011001111111100110111111001111110001110101001110101010101000000110100101101011111110111001000001101101011111100110000100101110101111111111011110110110111101111111100010010110010011111111000110001010110000000111000101011100100110111100011001000101100001110111111111110100010001001100001110011000001000100001100111111000111010011101000101111111001110111001110001010100100001111011111101111000010111101101111101 
11001110001110001001010011000110110100111101000110010001010001011100101000100100000000101100111000111000101001001001010111101000010001110010001010111001010001010100000000110011001011000111100110000010111001101010010100101010101001001100110000100110000100010000100110100100101000011101111100110001000111111000001110100110001000011001111011011010000010110111100010101100100101000000000000000101100000100010000101010100011100010101110101100010011101011011100001000110000100100011110101100000010101011100101000000110 
10100011010010100111101010100011000011000011111101110101100100101000001110011001111011111001011000000100111000000001001011110011110010000010001010100101010111000001100001001110010001011000000101001010001000101011001100000100100101010010000101011010110010011110000011000110001000001111010101100110100011110011111000010000010100000011011111100001010000000100001111000110011000110011000110101000000011001111100001111111000110110110000001001110100000000011001101100101111010001101001110000011110000000010100011110101 
11100111010010011011110100110001110101011110111111100101111011010101001010011001001010011111000110110001110100100011111110111010111001000011010011001001000111110011100111110110101111111001100010110111010111110010001010110101101110011001101010001110000101110011101101011010110011011111110111010101111100111111110001111010101111010010101010111010000111011101100011100000110100010100111111011010110010001011010010001011101101111011010111010001110100111011010100100001111010010101011001100111110001001110010011111101 
10001000100010000010100001110000010101111000000011111101110110100000101100100100000000101100110011011110010000000001011000110001001000000100110011100100010011111001001000111011011001001101101000100110010101100000011001000100100011010101010111011001101000000000100111001100101001011010101101100000010010001011010000000001001010001101001100001000111001111110100110101110010001011010001011100010011000001111111100101011001001001110001001011001111010001111001111000101101000101010100110000101011101000011100101000001 
01100001010010011111001000111111011001101011011101110111111001110111100010100010011001111110110101100001111111101001010101110101011100110100011000101111011111111001011111001100011000111000001100111100000101111001110001000000101111110100101001010110101111101000011101101110000110101010000101010110010011011111111011001110101111111101000000111111011111001010100100011100010110110110110001111101100111110100110110010011011111100011110011111011111110101101001011011111111100100101110000111100001100101111000110101101 
00010101000010110110001010111011110001101110110110100111110000101111011011101001111101010111110011001001110011110111011101001111011000001100000100111011111111110001001111101110101111100101000110111010100101111101111110100011100111011000110000010110011111001111100011001111011010001111101010100111010100110001010001011101111011110110101111101101101111000000011111001110110110111111100110100111101110111101101100010011001011100011011011001100000101101100100010011001010000000011110011011101001110001010111101110111 
10001010110100011100000110000000110001011111001110000000000001001111000111110000011100000111101000101101110101011101110110001000110001110011010110111001100000110110110000100011001101001001100101100000111110001100010100001000111011000001000100101110000010110100000110101011110000101100100101001110001001110000101010111110100001000001001001011010010000100101110000010010000100010100000101111011001000001001001101111100111100010001100010100010011111010010110100001000000100001010111101000101010001001000101011010101 
00110001011011101110011101000100100101110011111001110000111110101010010111010000001001100011101011111011110110101111101011000010100010001000001011011011000111110110111110110111110111010010100110111101110101110011101001111101001111100010010111101111100010011011001111001101010110101001100001101000011110100001100100110100111111111111001010110110001111101110100110010000011000011001011101110011010111010000000101001010000111011111111111100100001111111111011010011110010011011010101011000011111011011011001000111111 
00100101101001100001110011111000011101110111110100101101111110001101110111011000001011101111111111111010111111100101100110000010100110110100100101100001101110111011100111010110101000101001111001101101111101011010111010100111111101111000011101011100010111111110111111101001000010011010100011010110001100111000000101110100101110000110101011001110010001100000100001111011101000000011101111110111111010100110001001101101011000111100110000001100110000100101110101110001011101111010111011110000001001010111010111111101 
10100001111111111001000110001010011100110110001100001011010000001010101001001101011101110101110100000100101110111000000100010100000011100101011000101010110010010110000010110001111100100000100000000001001101010010101100111001110000101110110100011001010011000100101110000100010101011010111000011101000011001000010101000010010100100101000001101000000101101100101110011001011110110000101001000001101111001011001001101001011010110011101101111010010100000001111010001101000010000110100010010010100000000100100001000111 
10100110111101011100000100001111010001111111100110000010111101010010100010001001010001001011011110100100100101011000010111010001000001001010011000001110100110010110000000110000111101100010010011100000001110101000001110010001110010010100000100001100010010000100100100000101000000010010000010011101001110001010111100111011000110000100001110110001010101001101100111010101100110010001101001110111001001011011011001011011011110100011110010110100010101000100111010001100010100011111010110100000110000100011100000001111 
01100100011110011010110010010100110011101100100010000001001100010000000000110101000000101101101110011110001011101010010000101100011001110010000100100110010011011100000010110101010111011111001100111000100101100111110111000100001011001100001101001001001000100010000010100000100010111100000110000100101000110111100100101111101010000110100100101101101000101110011110101101100001011010101010100100000000000111010001000001010001010111001110101010111011101001101100001100101000101110111100011010111011110000001101000101 
00111110100001110001101100111010000110010111000000100000100100000000100101100101000110100001000001010001001010111101011011100010010111001000010001101111110000100111000010011111011000101001010100101000010011011101001111100110111110101101010000110111100101011001101110110101100100010001010011011101101101111010000101001011000000100010101101100000101111010111100010000110011110110011001100110100001111010011000100000001100010011011111000111110000011100010110111000110111011010101110110110111000100011111001101110001 
01100110111110011111001011010111100100100101111011110111101110110100000101111010010100011011110011001111011000011000000001100010111101100100011101110110010101111111010110011010111010010001011111101111000001011010100110100001010001001111010000001101111100001011010010100101011111010110111110110011011101101110111000001111100000111101100110111000011101101111101010001100111110011001001110010111011100000100111111001110111110111010011111001101100110001000011001010001110011001001101111100100110000011011110010010111 
10001101001010011111001010110101011101101110100110101111111001110111001010101010101001110110100111101011000011100111111001110100010110110100011101111010010111100101011111001110011010111011011110101100001011110101011001010010000111010000111001111001010011000000000110111110010100101011000101000011010111110010111011101110000011111100100100101111011111001010100100110110001010001111100111111111110011110000110000110011011110110011110001001100011111111011111011011000101001100101110001001110001010101011100110010011 
11110011001100101110110010100110001010110011111000001000101000010101001110011101100000011111000010010100101000010001110111000001010110111010111110000110000100000001101111110100010001101100001010101111001001001001110111100010001001110100101101000101100010001111001001100001010010100101111010010010101001010101000011011000011011011110010001101011110000010110110110011000110101000110011110101110011011010101001001011100100110100110001000110101001000111110010111000000001110011000011111110001000110110001000100111101 
11111011001111100001101111001000101100010110011000111110000011010110010100111011100011111011011100111000011011000101000000010000001001011110101101110111000101001111101010111110101100100110011101111001010111011000001101011000101110101111111011000011011111101011001000010101000010111111000010101000001010100101110111100000101110110101101110010101011110111111011100001001101110111000101010100111010100000101001001111001101101111000010001110110000001110101110100111011110000110100011000000100101010000111110101001001 
10000100001101110101011101000100111100110101100010011100100000100001100000101010110110100010011011111100111001111100010110110101100000011000010001010001001101001000100001010011111101101111111110011100100110100010111000111001000000111111011101101010101001000110111001110001001010010111100010101110011111000100000010101110001111101000101101110000100110111001100110000001000110001010111000101001000001100110100110011110001101001111100100010111001100000001100111001111110001000010011011000101011001011000101110011001 
10101111001011001000101001111111101010111110111110110110111010000001101011111111011001011011001111110110110110101001101011101010011111000010010101001101001111110011000010110110111001010001100010111100000111111111011001010101001101111101111001101011101110110011100101110001110001011010011101101001110010111111110100110001100110111100111010001011001111010110111101101010010101110100011011010001111010001011010000111010100001110011010010100001100100111110010000011000111011011100101101100111110001010000110011110101 
01100100000000011000011011100101111011110110110110011100100101101000011001100101110110010101100011001101110010100010111000101011101101111010110100101011111111010111010110000010100111101010100000111100100111010100011001100100100101001001011010111010000100111110111011101100010110010011111011000001010110011011000110001110111101100001010111001111110000111110111111110000001111000110001010111011011101101000011000100100000011011011010110101111011011000111101110011110011100001001100111110000000101010000001010111111 
10000110011111110110000100011111110010010011001101100011011011100010101010000011100011111110110111001000110010100110100100000010110101110011001010010101110011011110101100111101110011001101001101001010010101111001011110000010011111101000011111001001001100101011110001100111011010001011100111001110110110010001010011001111101100100111111110011110111111000001110111010100110001000111101110000000011010010101100010011110011001010100100000110011111011100111111011000001000011100000000000100000111001100110010111011111 
11010010010101101110101101101111111111100000100100111110101001011111110101100110001000011010000000000010101010101011010000110011000101101011010011101111011110100111101101101110111100000010101010101100011000001110111100100000011101010100001100101100011000101000000111011111001100110101011001001101101101011000000010011001101001101010011110110101110101000100001000001001001001000111111010101011011011101011111101010110001100101111001010101100100110010000110001011011101110100011110010010010100110101010001100100101 
10010011000100110111001011110011000000101100001110001010000001101001010010110101100001110001011001101111001111100110101000010111011100101110010101011100101011011010111101000010111100101011001010100101110101000010001110100000000001101100000100101100010101001000000010010011010100111110101100001100000100111010000001011000100110101000010110000100111011010101101010101110110001010111000010100000111101101011010100001010001100000000101111010010100101010110111010110101100011100110101100001101101011111001110111011011 
10111111111101010110011110010101101011001110100101011111101001010011001010011100111010101101001010011101011011110110111100011011010010000110000010010110010011110011100011010101101001010110001110000010101111100110000101100001110100111011001111101110111100010110101010100011001110010010010100001011110101101110001010110010011011111110110101101011001111011011101101111000101011001111111111100001100111100001000011101110101011110110001111100111000111000111111110111101010101100011111101101101011111101001101000000111 
00101111111001100101100100111000011101110111110001101110110111001111100101011000001011100111110111111010101111101111110110101010101110111110100010100001101110110010100111000110100110100001111001100011101101010111011111100101110101110010011100001100010111111111111011100001001000011101001111010110001011111011000101110100111110000110100110100000010100100000100101011011100000110101001101110111111110000111001001100111011000111100110000101100100100100001110101110110111011011011111111111001011001011101001111011011 
11010100111000001011000110100100110101111110111110011100101010011111010000100000000101000111010000011000110101101001001000010010100000011100011110000001001100100100111011111010001000100001100100100011101100001010111001100110111001110011001100100100010001110001111100011100101110000100000101010001000100101100000101101001101000000000100111101011001000011110001001011011011010011110001000010100100001010000100010000010110010111111000010011010010110111011011000101011000101101001010100000000110010000111000011011011 
11001010011110001000000101100100110100011101101110000000010001011100000100100100011001101100101000111101100001011111010110000000010001110010011010111101100000010100110000101011001001011101100110000010111110101000010100101010111001001100110000101110000000110100100110101011111000111100110101101100001011111000101010110110001000001001011001011000100010100001100110101100100100010000010101001101000000001011001101111100011100010001110010100010011101010011100001001100000100101011111101100001010001001000101001000101 
00100101111000110101110010110010010001010110110101101101011110001111111010010100101011111111011101111010011011011111100110001011101111110100100101101100011011101000010110100100101110101111111001101001111101011111111110000110111100101000111101010100010111111110111111100011000010111010110111111110001000111000000101010110011110110110101000110000010001100100110010111101111100010011101100001110011010100010100101100011011100110010110101000100110110001001110001110001110100110010101011110100101000011101101111111101 
10100101010010000011110000111101101011011110111111110100111011000101001010011001001000001111001110110110110110100011011010111010101111001000010111001111000111010011100110010110101001011001100011111110000111111110001001110111101110010001101011111111001110110011101101001010110011011011111111100101011010111111110100111001100101111100111110011011000111011100110101100000110100010110011001110011110010001011010000001010100001111011010001000001100100111111010000100000010010011110010101100111010001001100010010110101 
10101010100000000001011111010101100010100010100000001100000010111110110000011011111001111010111110001000010111101100111111000010100100011011110100111000110110000011011011011110101101011100010101010110000011010110110000101001010001111010110100001110010001110100001011110000011111111101111100001101100010001110110010001001000100000110000010110000110100000000000110001100111000010000110010000001010010100100001100001100000110101101101100001010111010110100101000100001011101101101110000101000000100101100010010110111 
00100101000101100001011100111011111001110101110100001101110110001100010010011000111011101101110101101000101111100101101011010000000111100110100000100001011110111011111011011110111101111100011011111100010111001010111010100110010101001000011001111100010100111110101101101101011111111011100100011111001100100010100111110100101110001100111110001110000000011000001001111011100101001011100011100110101010101110101000100001010000011000000000010100010101110101111101100100011000111000011001110000011001010101011000011111 
00011000111001010000001110100101100011111001101010000000001010100010011110110011101111110110111011001100000010001010010010001001111011010110000110111000110000011001011110110001000001110000001100111000110010110010000111001001000010101110110001101000010010001010000011000100110001100000001001100001011011011010010000101101001001111101001010111100101001010111010101110101100100000111111010011101000101000100101100100010110111110100000010000111010010011001111001111001110100111101010000100100101100100110100101100001 
00001101111000010011110111000100100010001100110001110100001010011100010101110110010111001011000000011010110100111100110000010110100011011100101010001101011011010011101110010010001110110110101000000011100100111111000101011101010010100111010001011111010100101000111000111100010010010010101001011101000110001110111100010011001001100001001001011001101100010110011011011011011011111100001011011101000101110011111110111111010100111011001000111011001000101111011010011010000010001010000110100101110110101001001011011101 
10010010010100000100010101111011100101001011011001011000100110100000110000100110001010111000000001110000010001101001010110100000011000010101111001100111101000101010110010011100000011100000000110011001010000101000001100110001100010100011000000000010110111011101001101011111000110000110011110001011000011011000110101011101001111111100011111001100000000110011000100010101001101010010101100111011011010110001010001110000011101110011001011000000000011111100000110010100010101010000111000101110001100001111100101101101 
10110110111101011101000000001011010001101011111110000010101001010001100100001000110111001011111110110001101100010101000011110101111101001110010010001110001111110101000001110000111111110000010111010101001110101000010110011000011011011100000010101000011011010110100100000101100110110111000000111011001110001110010101111011000011100110001111100001110101001111111001010100100110011000101101110001101001110001011000111011011110100011010010110110000001100100101000001000010101010111000010000100110000100011110000011101 
11101101001101000011010110000100000110110100101000111000011011101111001100010111000001010010011100100100110011000110000010101111100111011100111000111010101011011010001101101111111101111100011000100011111110001111101110101011000100001111000000011011111100001010011000001001110110101101101010010111001001111100110011001011101010101101100010101101100111001111010101101011001111000010101011000000100000000010000001011000101011110100101010101101001100011101000000011000010111000101100101111000111001100011110000011101 
00010000110110111010100011100100010011101001010011010010101110100011010001101001111010110000001111101000100111110000001010110010001011000001110110100011111011001111111111100110011000010000011010001100100111000000011111110110010110110100001110100000011011110101001001111000001001010011001000000111011101110111110001000101100111001111001111011101100000110001000000101110001111100110111001100100001001101010011111100101011011001111111011110010001110110110111001110101000101010000110001111010001100010100100001110101 
00010001010100101010100101100101010010101001000000010110001110000001011000101001011010111100001110101100110110100100000010111010001111001011111111000111110111001111110011100110111000010000110010000100100011000000011011101010110110011011011110100000011001100100011000010010001011000010111100100111001101100110010001000100100101000111001111011011110001000000101000001110011111100011110001110100001000101110010001101101110011001111110001110010001110110100111011011000000111010000110000111010001101010100000101110011 
10111010110101111101010111010000011111110000100100001101010000011110010101011100001000011011111001000000110000100111101100011001000100010111110100110011000011001111110011010010100101010101000101010010010101001010110000101011100000011011111111011001011001110100001100110100010000111001111110011101010000011110111000000001001100101100101000111110111110001101110011101111101100100110000110010001110010110111110010100110110000100101100011010011101011010100101000100000000110011101110000100001010101101000111010011011 
00000010110100101100100101010111010011001001001000010010001101010001011100101101101000001110110110100001110010110100000000111011001111101001111111000011111111001111010101100111111101010000110000011001101011100010011011111010110110001111110110110110011000101100001101010011101111000010101000100111010101101110010011001100110101000010001001011011111111010000100101011111111110101001011000110110001101111011110010101101000110001111110011011100011111110100111011011001100101010010110000111110000101011000111111111111 
11100101100010011110010100100101011111010101100001000110011111101010111100111000001100011001100000100110100100100001111111101100010101101011001101001110110010101100100101011101111110000001101001001100100101101111101111111010010000100000011000001001000001011000100101011000000000000001000010000011100110010001110111110010001000001000100011011000100100111001110001101101010110100101011000100010011010000101100001000110000011010111101010101010100010110010001000101010000100110011111111100000110010001011000100010011 
11110011010101101110111010100000011010111111010000111100011100100111011110101010101011001100011110101101101000101101001110110011111011101101010100001001110111111011110001111101010010110000100011110101101000000111101010110000110001111001010111011110110000010001010110000101100111000011001111011000101101011110101011000011101111100101000000000011101101110110101011001100011100100011101110011001101000101001100111000101110110011011010100111100111110000010011110101000000111011100000111011001000001001101000011111011 
10100011101110011111100001110010110110111000001001100011110100110101100011011100011101010111100010001011001000010100010010110000000111001110110001100000001111001111011100110111000110111011000011100010000101010110101001100110011101101110001011111010111011110001000011101111000101011101010011011110000000010010000111100000100101101010010000011011010011000010111001100010000101100010111110110101010000011011001101010101011110011111101011001000001101011111000011001111001100100001001100010110110011110010000001011001 
01110101011101000001101001111111110101110011011010011011010000101000111010101110001011100110110110001111001010011000100110101100000000000101100010111001001000010100110101111111001100001101101100111100010101000010100011110110101011011011110110111011001001011000010011010010001010000011110001110010001111101111001011111001010110110001011000110111111010100111010101000100111111010011010010101101010000101001110100000010001111011010111100000100011111111100100111011001100010111101010000101100101001101010011010001101 
10010010010100000010010011110111100101001011011001011010000100000100110001101110001010111010001100110001011011101100000110100001011010010101111001100111101000111010110110100010000011100100001110011001010010101010000100101111100010000001100110000010110111010101001101010110000010000110110010011011000011111000100010011110001010011100001111001100000000110011000010011001010001010010101010111010011010000101000000101010111101110100001011100000000011011011000011110001010111110111101110111111001101001111100101011001 
00011011111001111011101100111110011110011011010110110010111111110101011000001100000011000100001000011110000011100100001000011001000011101011000101001101111011010010011101011100101111011110011001011001000000111100101110110100110001011100011100001111000001000101001110111100100111111111001011001101101101110100001000011010111001111110100100001101100111011101001100101011010101110101110100000100001100111000110111110111111101100011011110010001011100011101000000101110110110000011101011111010111110111010001100001011 
00101000100010011111001011110101111001101110000101010111011001110111001000101010011001111110110001101001110011100011010001111101011100110100011100111111011111110001011111001100011100011010001100111100001101111001111000110110100111110000111001011110101111001000100111101111010100101011000001000011010111011011110011001111000011111100001000111111011111001000110100010110010011101111100101101111100110111100010000010010001111100011110001001101011110101001101011011010101101100111110000010111001100101010100111010101 
01000101011010010010001011001111111111001101100001011111001100110111110000001111001010011110101100000111110011001001000110111010110010101100101100001011100101010110001100110110110100110101000110100011011011000100101101011111011101111101001110111110000000101010011010011001001110111011100001101111101110100010000111100100111100110111110011000001110100010100011110111111101000011100001011111100000111111110010111111101111111100111000110001101110100101110011010011001001011111010010110011111100000101111011010110001 
11010100001110010101111000111110101101111010001111110000111110111100111001010111000111011010110001011001111001101101001001111000001101001000001000111001100001101110010101101011101000011000111111111001100101101111011111101111001101110011010100101001100000101100011001011000101100011110101010001110001100100111110101000101001101110100100001001101101000111010111110110111011010001010110010101101100111111001100111101111100100100011110100010101000011001100010001111011101100100000100101111111101000101101010010011011 
10011000101100110111001000010111011101101110100110101111111000101101101010100001100001110100000100100100100011010110110111100100001010011101001101011010011110100101011111101110011001111000011110100000001010110100011011110010110111000000111101011011010100000010100111101111000100001001100011000011000110110010101001000110110101100101101101011110011111011011100100100010101110101111100111111110110111111010110100110110101011010001110111101011011111111011100011110000011111100101101101001100011110101111010110000111 
10110011111101111110101000010000011100010100110000101010001101110110011100100110100010100100001110000100100100101100001111110011111101101111011101101000111111111011111001111011011110010000110101110110100001100111101011110001110001110101000011110100010001010000001110000101100111100001001101011010100111011110101011011001101001100101000001110011110111101100011111011100111100101011000111010001001100111101010001000110010111001011001111001100101110000010011011101010100101011100000101011111001011000111110011000001 
10001000110100100000110110111101101111010111100001110000001011001010110011101000101100000011010011110000010000001101010101101001100011000011100100100101010011010010000111010001101110010111000101010011000110001111101000111010001101100000100001001101110010010101000001011110011110000100011010000010100000011010011001100101111011011000001101100110110010000111011011011000010000010000001010101111001001100100100011111100101101110010101000100101010011101100111100000010101111100011101000110110111110101101001011110101 
01110000001001010000000101110001100000010000010110101010111110000101110100010110101101010111100011100001111001101101100111000000110111011101001101010111111001010101111101000111001011001000010011101100001110111010111101110010011100011011110100000010100111111011100001010100111001101111001011000110111101110110010001000000001001101001011010111111011010100010001110111011011110101110001110011011110010111110011110111111010010011111000001111111101110111011101100101110001100111111010100010101110111000100101101010101 
01101101110000010010111010110001100001011100010101110001001000010010010000101110110110000110010011100010100110110011001000101000100111110111011011010010000010010101010001011100111100011000110101000110100111110100110100010111011100101101011011001100100001000110111011001101001110001010100111001000001011101010100101011000010001010000010010000110000000110011000110011010111010100000000011001000010101100010100001101100111011100100000111010001111110011100001101001110101000010110110010110111010001010000101111101011 
00100110111000011001000110010000011110111101010110110001011001100101111000001100100011000010010100111110010001101100011000111000010001111110000101110101110011110011000101011100101111110100011001001001000000111100101111111101110001111100011000101101110001011011001010111000010001111111001011001000001101110100001000010010101111100100100100101101101111010110000100101011110001110101110000000110001000111010110101110110011001110100010110000001011100000100000000101110010110001011001011101011100110110010001100000111 
10000001000101101010100100100001010010001011001000111110001110110001011000100101011010111101001110101100110110110001100000111010001001001011010111000011100111001111010000000100011001010011110010111110100011100000010011001010010110011110110110100000011001100100001001010010101101000000111100100111000001110110010101001100000100000001111111010011110001100010001100010010010101101001110001010101000000101111000001101101010000001110111100011100001111011111111011111100000111010000110110110110010101000100000111000011 
01001000000001110000111001111111010010101000000110010010100011000010110100011010011001010010001000100001010011101011011011110001011111000000111100011001111110111001110010111011101010110011101011000000001111011110010111110100001001110100001011100100001101111100100000001100011111111111011101111101001001001000000101001011001110010010111111101010111100100100011000100000011101001001110011001010000111010010011010000000100011001100111001011000110100111000010100110101111110100000101000001110001110010100101000110001 
00001000110000111010100000010010010101001010100100000101000100100000000100111110000000101000100111010010001000100000010110100000001000000100110001000110011001110101001000110011011000001111001110101010010101100100010111000100100011101101011111110101101000000000010111001000111011111000100111100000100000010111100000100101110011001111000100001101011001111110111110001111010010011011100001100010011000001111111100101101000001100110100111011000111011101101000111100100101000101110100100000011011101000011100000010001 
11000000011110100000001000110110111101011001101100000001111001011101000111100000011001101100101001111101100000000111001100000000010001100010011010011000100010001101110000101011001001001101000011010000011100000001011000100000111011001100110010111101100100111010101110101011011010111110101101110000001010100100101010110110001110001001011101011010101010100001100010101010100100010000010101001110000001001001011100011100111100010001001000111000001101000001101011001100000101101011111001000001010001011000100000000101 
11010100001011101101101001100101101011110001101101101000011111110110010111010100001011100110110111110101100001001110001010111001001111011011010111110001101110110100011101010101101011100001101001011101100101011110110111000000101111010100011100000110101001110110010011110101010000001011111000111110010111111100001010111110100110010110111100001110101000010111110101110010001000110101011111101111111101001101111111001000101011011111100101110111000101110001110000010100110011010000010011010101101101110111000001101111 
00110101110011100010011111000100010010110010100001110010111110100010010111010000001000100011001011010010111110101111011011111010000110101111010011000010000111010100111110100011110011010110100111111111110101110000101000011101011111110010110111001111000001010011001101001110010111111100100101101001011100101000100101110000111111011101101010101101100111101110100110111000101000010001011001110101000111000011110100000010001111001011011101101010001110100111010010001011010010011110100111000011111011011100101101111101 
00110111000011100011111111000100000011110110100001110010111111100101010111011010011001000111001001000010010110101010001011111010101110110110010011010010000110010110110110110111110011010110000101111111110101110000111001010101011111010001110110001110000011001011101101001110110111011101111111100000011100001001100101011101100011010100010110001001100111011110101110111100100000010001011001110101000111001011110001000010001011111111011101010010100110011111010110001011010100011111000101000001111011000101101001011101 
01000111110011110010011110100001001001001101011110010111000100010110110110101110110110000111110011100011100111110010000100101010111110111111001011111110000000110101010010011101101000011100100110100010111111110101001100101111011110011111110011001101101000000001100010011000000100001010110001001000001110001000000101010000010000110001110010100110000100110100010111010100010111001110000011001110101100111110111011101111101011011000010110111111001111111000001101111111110111110000100101100101011001010111110101001011 
00010110100010100010100000110101001110000011111000000001001110110101100011001101000100110011001001101111100001001101111001100011101000010101010000011101010110010101111011011011110100010110000111011011100001111011101100110000010101010011110011011100110111100100011011001011010000010101010101101110001000010000000010010110000110000000110100010111010010010101011010100000010001011100100000001000011000010111110000101011100110100101010010100000000111001110000100001001000111111111010010101010000111000011001000010101 
10010010100100000011110111100011111100000001011010011010010000001100101111110101100110101001001011001111100110001100110011110010011110111101111001101000100100111001010110101001110100100111000110101111011010101110100000101111101010100001110010000000110011110101001101110010000010101101101000010100111110101000100010110110110010011000010010001010110111110010000010011000100000010110011011011010011011110010000001111011110111011111101011101001111000000000011011110010110110110111101011111111001000001100111101011101 
01110000000110101001010111101011000101010101101011000101110101011100011111011101011100101011100011001000000000101011010111111000101111001100100001000000001101110110010001100101110101001110110100100100000011111000110010010011010011000010011101000111010101110101110111101100100110000000101101011101110110100011101101110000111011001011010111001000011001101000101111000010000110011100001101111011010111011001011111010010100110110011001110001001010101101011011110101000011111000000000000010110011110111000000110100011 
01110111000010000011111011100111101011110110101011110010111001001101000010010010011000000111011110101100010110100010011010111110001111101000010111011010000111010001000110111111100010011101001101111111110101110010111001000001101110010001110010101100001110101001100101001111110011001101111111100001011000101101100100011100100101010101110110001011000111011110111001100000110000010001011001110001000011001111110001000010000000111111011001010001111100111111010100110000010000010110001101100111111001000101000000010001 
01110110000011101111101111100110101011011011101111101000000011111111010110010001011011000110110111110100010111000110001111111111101110101010010111101101101110110100011100100111101101110001001001110101110101111110111110000000001101011100010100011010101010100000010101111111010010101011111001101101010111101101000000011100100110010111111111001110101000010011110001100000110000110100001011101011111011001111111111101011101000011111101010110111100101110011010100010110100011011010010111010111101101011111010001000001 
10000011000101111110110101001001110000000101101000110011001101010000011100100111011001011101111000101100110111111011000001101010001001001111011111000010010011000100001001010000010010010011110010111100000111101101010010101110000110010100110110000110011001100111000010000011101101010000111100100001011000111101010101001100010100011000111101011011010000001000001000010010011101101001110001110101000000100111000101101001111000101100101101001100001101010101110011111000000111000100110000010010010101011000010001001011 
00001101101101110010011010110110001110001000110011010010011011000100010001001110111001100110101011110101000111001000011101011000010001100010101100000000101000011110001101110001000101111110000000100001110011110101100101100001110101010000001000001011101110000010011001101000111110001010000000001100111000000101001001100100111000011010010010000100000001001110011111001010010010111100110010110101010111010001111001001000001101111011000101011010110001001010010101001011100000110101001100100000110010010010111101100011 
01010001000000100011011000110011100010000001111101011100100001000110110111101110001001111000011010110101110011000011011010110001000000001010110000010010010111111110010111100000010001110101110001000010010101010110000100101001001101000000001111000100011110101101011100001010001111001011001101111100010010000110110101001110100000110010011111010110011001110010011000010001000101111100100111011101010001011000100100111010011100000000101011001000010011011111010100010010001011111101011101111111011011000100000001101011 
11100001100111010111001011001110111100010101111010010101101100010100101001111000010100011011001010011010011000110010111011100011101001100010011110000110010101111101010111011010111110111000110111101111000000010010010110100001010011001011110000000100111001100011010010111001001111010001001100110010001110101011111001000101001101110000000011111000110100101010101010101110111110010001001110010011011000110000110111101101111101111000001101001100100110010100011011100001110011010001101101000101111010010011011111010111 
11111101110011101100101100111101110010100001111001110101100001111111111011011110101110001100011010001110010011001100111110011011001011010110010110010111010011100101111011110011001101001010110100100100001111100001111101001010000000011101001001001110101000011100011000001101001010101110001110110111111011100010001001110111110100001101101011001001001110100011001101000111111011101110001110110101011011110101000011011100100111010010100011000011101011101010101111111101100001010111011001101110111010100111000001100101 
10111101001110011111010010110000010111111110100111101111011111110011100011100100011001110101100101001000100011111111110001011110010110110100111000101101010010110101111111101110011110111011011011110100001000111111001000010111010101010010100000111101110100000000000010111110010110001010101100000001010111100010111111001111000011111111000000100111011111001010000001111110100010011111110111111000101001010001110010110011111110010000110001001110111011101001111011011000101001100100010000010010011010100111110100011011 
10100101110001101011101010110000110100110100111010100000001101110100011110110111100011001100001101010000100100100100000110111011111100101101011110101010110011110011110001111011111000110100111101111110100011100111110001011101010111110100001110110100000101000000111100000101101111100001011100000011100111011101000010111001111001100101000001010011110110101100111111011100111100111000000101010001000100111111111101001110010110011011000100001100101100000110000011000010110101000110001101001101001001100101110011000001 
10000100110101110000010110111111101111010111001001011011101011001100111000101100101101000001010011101010111011011101010101101100010011001010000000100101000011010010100111010000101110010010000001001101100010001101101000111011001111101110100100010111101010010100001011101110010010100011011000010100000010111011011011100001111101011001011110100010011011001111011110011010111001110000010100111100001101101101001011001110100100110010000010100001010111100110101100001110101111101001101111010110111111101100001000010101 
11010011110010010101111000001110101111000101111101110101000110100110101110010001001101111001011010000110101000010001011011011111111010000010000011000101000100000001110011000111010010010001010110001011011010111011011110111100100111010011010101011010110010001000001011000111001001001000010101100110000011010011111000110100110011010111110111100001110011100000010101000110001001110011000110001000010011001011000001110101010110111100000101001110000011010010101100100101100100111001000111100011110000010100100011110101 
01101100110110111010100010010010010100101110100111010001010100110000100000110101000000100101101111011011001011000010010000100000011000110010110100000110010001010100101000110111010101011111101110111010001101101111110011000101011011101100100111011101101100100000000110100100100011110000000111101000100000110111100100100101111011000110100100100001011001111110011010001100010010101010100011100110000000100011010111110101011001110111101110111010111111101101100110100100101000101010110110001010111101010000100100010101 
10011111101011010110010001011001000101101111101000111111111110101110111111000011011110100001001111100011101110111110000000001101111100000101000100000001000010001001110011001111101010001101100001100100110000010000010100101101001000101000111100111010011101010100001101110110010110000101001111111001100101100100001001000101001000001100000011001100011000010000010010101001110010101111101011100011001001000010001000001000101100010011110011011000111110111010101111111011110100010011100101011010111011100110001111110111 
00100100100011101110010001101101010001101111000100010100001100010011000010100011010000101001000110101000010010000001101000011001001100100011010011100110110110000110011001100100111101000111000101101110100011101001111010010110000001010100010100001010000010110110010111011101101101000101101101111110000000100010000101000100101000010111010111010101000001110010001100010111110000001000100001010000100101101111111101110111011000001001101110100010001110001111111001111100001100001001111111010011011100110001100100100111 
10110111111101010111011110011001101000101111100101011101110011010011001011110100011010101100001010011101011011100110110100011011010010100110000011010110010111110011100011110100101001010110101110000011000111100100000111100001111100111000101111100100011100011100011110110010001111010010010100111011110100101110001010110110001111001110111101100111100111001010111111100000101111001111110111001001100010000101000011111101001110110010100100101111000111010111101100111101010111111001111010001101010110101001010110100111 
10110111111101110111001010011001001011001111100101011101110010010001100011110001000110101101100010011101011001110110110110011011001010100111011011010100100111011011101010100100111001011110000011111111110011110101010001100011111100111011100011100101011100111110001110110000000111011011110110110011111101101011100010111111001100001010001011000011110101001001110111101000101001001011110110111011100110100000010011000110001000110110111100100111000011110101101100101001000111111010101010101000011110001001001001111101 
11101010011110001000000101100100000100011001110110000001110001000100000101100101111001101100100001000000000001101011100111000000010001111000011010111101000000010100110000111010001011001001101110000011110110101010010000101110111010001110100100111010000100011110000110101011111000100101110001101100100011110000111110101110011010101011010001000000101001000000001010110110110100000001000111001101100000011011011100001110011100011001111010100011011101000011101001100100011001111001111101100010000001101010101000010001 
11101110011011000010101100000101110110010100101110000000010001111100100100100100001001101000001000111101100001011011010100100000000001100010011110100101010010010001100000001011011001000100100110000010110011001100011010001010010000001101100000111011010100110101001110101001111001001100110100101100001011011110100010110010101100000001010000011000100000100101101111101101110101111000010101101101001000101011001111101100011000011001110011100010100001011011101101011101000100101100101111100100000111001100101001100001 
00111101110101111010000010100111000101111001110011010010101010100011000101111001111100100101001011101001101011110111000010111110101011000011110110110101011011001111011111100100011000010000010010101101100011100000111100000110011010110000101100000000011101010111101001101110001100011111001001000111111010110011110101010001101011001101001101111111100000110001010101011101001101100110111001101101001001100010011010100101011011001110111011110110001110110011101101100001000101010000110111101010001110010100111101111111 
10000111011010000101001111101110111111111101110000011000100101110101100001000101100011111100100111100101000110011001001111111001010011110000100100011010100011011010100101110110110111010111100110110111010101010100101000001110001100011101010110111101011111101110011010011000100101101111001001100001110110111110000111000011110100110011100001010000111100000110111100001111101011110100111100101111011001001010110111011011001111100001110110001111001000111011010100101011101001110010010100010000110100100011111110111111 
01010000001000010110011000111010100010000000101000011010000000001110110011100010000111110110101010100100110010001011001000110000000000110010010011011010000110111100010111100000011011110111100001110010010001100101000101101001101111100101001111110101100111101100011100101011001110001011101111110101010101000110110100010110100011100110110110100111011010110000011010000111001111111010000111011101010001111010000111101011011100110000101000001001001010111011010001011110001111101111010000111011101001001100010101100001 
01110011010011101100110110100000010000110110100010001100011000100111101110101110110011101100010110101011011000000100001110010011011010111101000001001001111011111010100101111100110000110000110001100111001000100111101110111110110101111000001011101110111010000001110101000111101011100011101011010110101111110110101111001011101101111101110011000100101111110000101011101100111100100010101010001101111010110001100010100101100110010011000100101100101010000011011110101000101111010001110111011101110001101100010011110011 
00011100100101101100100111100111001011011100001111111001000011101111111110110011010111001111110011111001100110000110011101011011111111101010100111101101001110110101011100100101001100110001011000110101111011101010011110000000000001011100110101111010011100100000011101111101010010000010111010110101100111110111000000111000101111000010011111001110001000011010011101111000100001111101001111101101111101001111101111101010010000011110100100111101100101010001010100100111100011011000011111010110101110011110110001000111 
11101111000111101000101101111100111000110101011111110100010100100010101111111101100001111010001101101100110110111010101011101110000111000000110100111111001011111011000000110100101001010001100110101100110110111111111101010111011101111111100001101011001010110111110111101011110000011011011100101011110001111111110001000001101110101110110001011011100111010010111100101110011101100100111001010010101000011100010100111010000101101011000110111101001110110100111110000100101001011111111101100010110001010110100011101001 
01101100100000011000111011011101111010010110110110011110110001111001011001001101110110011100100011001001111000100010110000001011101001110000010101100101111111010111010110111101100110001010100000110100110101010110011101101111111101101111011111110110001111101110101001101100010010110110001101010101110110011011000110100110010101101100011111011111110000111110111110110000101101000110101010110010001101000000101000010000010011111110010100111101011011000111110010110011011000001101100111101101000011010101001010111111 
10000111010011010010101100000000111110100110100111000001010001101001000110001100001110101010110010001101100001101101110100101001001001110010010100000111010011010001100100101011011001010100101010010110111010100100001001010110011000001100100000100011000100011101100110101001111011000101110100111111001011010110100011010100001100000001000010011010101000101010001011101101100101111000010101100111001001101011001101100000011000111001011111100110010001011011101101000000000101001111101011110100000111111100100101000001 
11110000001011101011111111110010101011101011001101101110000000111011001010100001000111010110010101110000111101100110011011111111101111001000000011001101000110110000011001100110000101110111001001110111110101101010101100000000011001110111010100011010000010110000010101111011100110111001011001111111010101111001101010001000000010000011011110000101100000010101111000101000110001110101101011111010110011001011011111000011101000001101101010111011001110111000010100010110110011111010010011111101110001000101010001101111 
01000010101011010011110000110011100010010010100010000110000011001110110111111010000111111110101010100100000110000011010000110000100000110010101011011000000010110000101110100001011011011101100000110110100000100101000111101001101111000100001111010111001011000000011100101001001110110011001111111110000110010000110100001010110111101010000010100111011100100010001011010111001011110000000111111001010001100000101110100001011111110000010000101000001000111101010101011110101101111100001001110111111001001100110000101001 
10010100000110010101111010110000101000110010100111100010000101111110111011011111010111011011110001110001110001101101001000011000000100101100001001111011100000101010010101101001101000011010110101111101100101001111010111111111101101110011010000101001100000101100011001011010101101011100011010100110101100001111000100101101001100110000111001011111101100010010111100100110011010001011010111101101101011111001010101101110101100000010100111110001000101001100010001111011001100101110001001100011101000001101110000011001 
10100000001100111101011101000100111000100001101010010001000001100001000000101010100010010010011011100000110101111100010100000101100000011000010010101001101100100000101000100010111011111110111110011110001110100100011010111001001110111111111111101010100000100110011001100001001000010111100010101100001011000000000011101110001100101001000101010000100100010001101100000101000101001010011000101101000101100100100010011000001101001111100010010110001000010100111101111101111101000010110111100000111011011001100000001101 
00001010111101011110000100000001111111000111001000000011000111101110010101110100000100010111101010110101010111001101110010101100110001110011010110011000000000110110110000001101001101001001100101101000001010001000010101000111111010100000011100111101110010010010000111100010100000101101100100011110001011110010100011100110100001000100001001111011110000100101110100111010000100110100000101111010000000001001111101101110111100010011010110101000011111011010110100001001010011000010100100001100100000001010101110000011 
10000100000001010000001001101100000100010000000110100001110111000111100000001010100111110111110011000001111101101101001101110001110110111101001111111101011101000111101000010010110011010001110000100110110111100111001101010000011111011010110110110100100111110100001001100111110001000110000111110010111001001101010111010000000001001101010010101101101111100000101111100011011001101101100011101011100100110111111100111111011010111010001100111110010100111001101000011011001100111001110100010111100001000110100100011111 
