00111110100000110000111110110100001000010100100101100101010011000001010100000100000010101001000100111010100110110001110100011010001110111001000110101011101100010100010100100010111011000001000011101000000111110001100110010001001010000110000100111001110001111100000011000001110010001100001000101000000100001001000000001100001101001101100100111001010001101001111111101100100011010000011010001001100100101100110010110110011100010011000010000110011111001100001001001001000100010010000100001100011000000100010010101011 
01011010010011111001000011101111101111110011110111000110110100011001001111111101001110111111010000111111110100000100011110011110110111101100111110010111111110100111111110111010110101110111011011101110110001110110101110100101010011010011101111100010110111011010100101011011110110011111011111111000110111111111111011111111001101101101000010111011001011001110111110011000111110101110100010100110111011110011111011111001111110111100100110001101111011011111110001100110111011001111101001011101100101110110010100110001 
00101101110000001011101101111011101000011101110011011100101101101001011111101001111111110101010010001101011110010110110111001110101110101111111111001000100111001100110111100000111101100010011111001100110111100001110100111000001010011101111100111110110011011010110111101101011110011101011110111001010101010101111100101111101001101110010010110000011011110011111111011001101111111011101110111111101101110011111101101001111101100100110111001010100110011010111110011110110100100100101110001110110110110001101100101001 
11101011011101110111001011111001110001100101010000111001110010110110111100110000001101010011111010011111010101100111101011111111111111011111111110100001000011010001111111011111001011101000111110011111110011000110011110001111100101110001010001001111010011101101111000100011010000100100110111101101001111111110110011100110111010011110100101110101110000101111001011101100110001111101010001001011111110110000010001100000100110101011101111011111111001110011110111010101000011100111111111010110001101111001010010001111 
01110000111101110111101101110100101011011101110010110001110110101000101001011000101110101000011001000001011111101110110010000101001111101101111011010101001001101001111101010100000101110001011111011101011100101111110111010001001111110010011110111001110110110011100010110010110010001011001101111011001011111010101111111100011101110110010110010011111100111111100011101010100001100010100111010010110011010011011100101010100110011111111110111011111011011010101101101100111111010101101011110001111111010100110000010101 
11100001011111000100000000111111000000101110101011101001000100111010000011100110010011000110100000000000000011101000011010001000110000000000101110000100000101000001111000010010000110000001001001101000010001000011001110111001011000010001111110000001101010110111000100110100001100100010100101010001001010111011110101100000010110110100011110101110011101001100010100100000100000000101010000101011111001001010001001010000001100111101000000011001101010100110100010010110001101111111111010000010000101000101011101101011 
01101011010001111000001011101101101110011011110110010110000100100111001111111100001100011101000001011111110100000101101111011110111011101010011110010111111110000111111110111110110111110111101001101110110111100111111111101111011111010010101110101010110110011101011001110001010101011010110111001000111100010010101010111101011100111110000011000011010100000110110100010010111101101110101000110000000000101110000010101011100111011100000011111001000011011111001111110110101101111110001110000011100011110011100111011001 
11100001011111001100000000110110010001100010011010100000000100111110000100100000010010000100101110001000000111100000011000001000110000000100101010010001010100000000011001010011010010001011101110101100110001000010001110111110010001110100111100000101100010011111000100110100001100110010100101010001101100111111110001110100000000010110101110111110010001001101010101100000111010010010011000101011111001011010001010010110011100000001000100010000101110001101101100011000100100010100100111010000000111100100110001110100 
10100001010111101000000010110010010001000010101110111000000001110010000100100010011010100001111001001000000111000000001001001010010001011011111101100000100000100100101111000101101011100100110100101010111010001101110000110000000011010110100001110100110110010101101011001000000001110111110011010100000011011011101111000110100101001100100100100101010101010000010001101000000000100111011010010100001100110001100111001000111000101000000111001001101000101010011011011111001101001001011010000010010100101110000011011001 
00000010000011100001111001000001000010010001001101110100001010010111101101000011110001000101110110000000011010100111010001101111001101001000001100111010001010010001000001001010000100000110011011100110010001000110011001100100001110111000000101100000101110010000010010110110101100010110001110011000111110011001100010101000011110000111101011100000100110011100101011000000011111100100010001001111011001101011010010101000110010101001010000101010100010110011100111011101010001101000101001111010010110000101101000100001 
11110011111010110101001110111001110001100111010000110000110000100100111100110000001101010101110010110101010111010110101011011111110111011111111110100100101111010001100111010110011010101000110110110100110001111111011100011111101001000001011001011011100010101101110011101111000000000101111100110000110111011101111001000111101101111110001011111111011110000111110110110111010111001001000001000010011110110011001101100101011100000011100101011101010101001010111111101110010011110110110111010001000111111100101111001110 
11110111111111011111001111111001010101101011011000101000100011101101111100110010101101011011111100011101000111110100101011110111111110110110111010000100101111111111010101011110111010101000110111111110110001011111011100000100100001000110011011111010000110101001110011101110000000000101111010110000110111011010111101010111000101110110001011101101111100011011000110110011010111010001000001001010011111111000011111100101010110001111101100111000111101111011000110110100011111110101111101011010110101110100011010010101 
11011101111110100101101101111111110101101111011100100010101000001000110101010011000010111010111000010101011110010111111111110110110101011101111111100101101110001000100000110100111010100011001100111100110101110110111000111110101000000001111011011010100100001001100101110111001110010100011101111000110111011111111001111111101001101100000110011011011011001110111110010000101110111110100010111110111011111111111011111011111111100100100110001001101011111011110101000110111000001110101101011100100001111110111100010001 
00101000010100011100100000011000101001100000000101100100110000110010011100011100001101101110000110110100100100011101000001110110100101101101001010000011111100010011101101000011001101101010111101011010010100011100010010010001101010000101000000110110000010110000011010000001011001101100011100010011001110111101110101110010010111010000110000010001110111010001100011010000111010101100000010001011100000100000100100100101001100111101010101101001100110011011101000101111110111010000001100110010011000110010011010110101 
00111110010000110000111111111101001011000000000101101101010100000111010100011010000010001010001100101000100110110001110100011010001010010101000110100011111110110100110100100110111011001010000011111000100001110001100100111001001010000010000001111101110001111000100011001001111110001110001000001001010111011001010010011110001101001101110000101100000000101000111111101100000101011100110110001001100100100000010001111110011000010001100010000110011001100000001000001011000110011100101110100010010010100000111011100101 
10011010100110010001101111111001100011101111110110101010000100101000101101111000001011000001111000011101010100001110111111011011111101010011100111101101000101010110101101110100111011000101111000110110100101010011011110110100110011000010101001010010101011110000011110111110001001100101111000001101110101111110111111100111001110111010001011001111010000000110110110100010010111111100100101100001010110100111011011100100011110011100110100101101010111111111001100101101110110011110111001010110110110101010100111101001 
00011100000000000101100011111010001110011010000101100100001101000110011111100011011101010100000011100110011000010001101001101001111011100010100110111011100110000110111100110010100010110100001000000110111000100010010001101100011000010111001110100000010100100000011100000010101010011011000010110100111110001001100001100010001001001100101101001001101011110100100100010010110001011000100101011111000011000111100110101011010111000000010011000111001100111101100010000110000100011111001111011100011111000010101000110001 
11001010111111010011110011000011111000001011011111101000101110010011010010011111001110100111101111110010011010000100101100111101000110101000010100010111011001000010011001101000001011110111111111111111110101010111000111000001100011000111011011001010101000101011110101111010100100011000100111101010000110101101000110101011110000101101011100100111011010011101100011110110101111110100011111000001111110111110111010001100001010111011010011000011101110100110000001100100011100101001101111111010010111110111010001110011 
11100000100011110001101110001111011110101101000110000001011100100111000010110001110110000110000110010111111110011101011110010101010010101111000100011000011001111110111000010100101000001010000100110101110101010111011011110001110000001010100100011110100000101100111101000111000111110000110111111110011110110001011110011101000001110100100101001101011000000100111110010010101101000101100100001011011000000110000010101110011001101111010001110101001000011001011010110100101100111110000010111110100111000001000011110001 
01101101001001100101001110111011110111111100011101101001100101100000111100001011011000100101101110110010101110111010011000011101100101011100001000000010011001001000010110100011100111111111110000110111110111111001111001100110110101001111100111111011010100010011010101111101011010000001001101011000001101001101010100101010011011110011011001101011111100011111010001101100101101010110100001001101101010000011110101110111100010111011101010000110011000100110001101011101101101010101101011011010110011000101100110101011 
01000010100111010100010010110101101101011011001101100001000110111011000100010010011000011100001100010101101011000101101000011001100101011111101111101001000000001110110111011101001100101010101000010101111001100111111101010001101011010111111110111111110001010101001011111011011010010101101111001101111111111100111010000110011010001000100101110101011000011111101111100001110000111011010001100011111110110000011001100000100111111011100011001111111011111111100011000101100111101111111110010110001101110000011010001111 
01010011111110001110010100010110101001111010010101000011100111010001101100001000010101011000001101011101001011000100111001111110111011011010111100100000100001001100110111010101011100100100000100111010111000000011010111001000001000100110010001000001110101001100100001000110001000011101001000001100010100011001000000100101100111001100011110101010010111110100101101010000110001001101100101110111001001011001110110001001110101010000010100000100001110110101101100001010100100011011100011010011010110100111100010101111 
11010100010010110100111010011110001001101101100101111111101011110010011000111101001001010001001101010000110101001101111101001110001011000011000000011000000000010110101110111001100111111101110000001100100010000000010011000110101001000110111111100100001100101111110110000110011111001011011001110001110000001010010111100010100010111000000111101100000100100001000011001010100110000010111001110011001101011000111001111111001100110001001101010011011101100000100011110000011110111001110111000101101110110101011100101001 
10111110101001111101010110010010010101011000001111100001010100100010000000011001110010000011011001010010111101010111010100111101101011100000101100010000100100000101000001101100000000001001011110001011010011110101110111101001011010111110100001011101110001111000011111000001111000101100001001001001011111011001010010010110100000000111110001101101010010101001111100110000000101111110110010001001100000000000110010111111101010110001101010000011111001100000001000100000010100011100101110100000110110110001111010101101 
01011111100011001110111111110000101111110011011000100101111110011100001001111101001000100110111101001100110100110011010110010100110100111010100011101010101100100001011111010011101001111010101111010000011001101010001110100111101000110011111101001010111101011110111001100010100011100101001100110111010100110001110101011111001101011000010000100010110110111101101110011011011011000001100100101110001110010001011101100101011111001111000110101101101001011001101000100101001110000100110001010110110010100000111010010101 
11100101100010011011110010000010011110111000110010010111111011000011111100011001101101111110110010101111101001100101110101100101111100110101010011111010100001111001110001001100010000010011011111000000000001000011101000110100011001100010010010110101110000111100001100001101011001110001010011010100000100100111000001001010011011011010010101101110000101001011111110000110110011010101110101100100100101100011101110111100011001010111111010100111000011100010100110010000110100001100010001101000011010100010100000001001 
00010111000111000000110101010000000010110001001101101100000001011110101101000111001001000011011110000110001111100011010101100011110111101000011000110100100010011001010100001100000110100110010111100110000000110110011000100000001111111010000101100000001101010000010110100010101100110101000111011100011110011001110110100000011010100110101111110000110000011001111111100001011011111000011000001011010001100010100010010110111101000100101000010000011110001001100100100100101011001001100000010110111101111100110011010001 
00111111011010111101111110111101111011000010110101110011010101101111110100011100000001010110001100111010100110110001010100001000001000000101000110100011101110010110111100101111111010001010000010111001100001000001110101101100011011010100100110010111010000101110101100011010111111000011010010100101101110110000101110110011100101110101100110001011011011001100111000101010100001000110001010000101101000011101101111110101010011000011001111101001010011110101100011001101011110100100011100001111110100101010111110111001 
01110011000100010111110110111101110110111001100001010001010111011000110001011111111100110101011101101110001001100001111001011111111111010111111001011100100111100111010011010100111001111110011101010101011000100001100101010111110111101110010000011110011111011000111101101101001100101010101111101101011111101011110001110011110010100011001010110110001001000100010011101110100010000001101010001111100001110100100111011000101010001111010010011101000000100010011000100010011000100100101111011000101001010101111011101011 
01011001011010000010001110101011000011000010110000001111000100101000110011100011110101011000110000010001111000000111011001100100110111010111011100011110010010010000000111111110110001011001011100000000001011001000000100111100100011110100111100110111110100110101111011010100011100000000001111010010010010000010001000001010110010001100010001000001011110001000100001010011011100001011001110011110011000101100101011001000000001111010001010110010100000010000100100111010011010110010001101001011100000000001101110011111 
01010101110010010110100001001010110001100111000101010000101000110000000110011011001010111101101011111000011111010001000101000100100011100001101101101101111101010110011001001101101100010000011111010111101010110110101010001001011001101000101011110110111101010011000011100011000100011010100110001001101000010001101010101011110011110001010110011001000001010111111010100101110000010100101111010011110000000010010000011010010001101100001111010001010001010111100000110010101100000001010000101101110000110000001110101011 
01100110110111001010110010110000011011101000001011001101110001110101011100011100001010110101010001110101001110101011010001100101101101011111001001010111100011111001001001010000110101100001010100100011101000101011000000111100010011001011100100000010011011011111011110110110100000010101100010010000011111011001000011000001010111010100100100001110001000011100001001011111100111011010110011101101011001010101011110011111101000110110000000100001110011011001100010010010011011001011110001001000110101110111000101001101 
00010001011101111000101111100100010001111101011010111011001101101111000101011100101010100110010111000011100101111101111010011010101111111111100111000010111000101101110111010111100100110011110101111000000111011000010111100100100011100000110011000011000110011101100010111111000101110010111011100001110100111111100011101110111111100110111010001010011001100110110011101001010111010100111000000110011111100010101101110000010001001100000000000000000000111111111111010010111000010001000000101101000000100000000101100111 
00001001011000100101000100011000110000010111110110010000100011000000011000000111100110100100100011011000111010011100101110111000011010000111001001011010100011110001110111111000010111011011010100100011011111101011001000111000101110010000100111000110010010111010010000011000111110100101100000000100001110110011001101101101010100000010001010101111011110100001100001011000100100101000100010101110101110111111111011001011111001101100101100000001101011111111010111100111101100001110100101010000100001011110011100010001 
11100111100111010100111011010110000001110011011101100011011000010100101100000011011000011110001100010111011110111001010101100001100111100000110000110101100000011011100001010110000110011100010110110101001000011110111010001110100010010101010111010100011010110110111100010100111000100111001111011010110100001100100101011011000110000001110110010000010001011000010110000010110000100100101101001011100101000111001001010101000010010100001101100111111101111110101000101010111000000000111011010011101010100000000100101101 
11100000011111011000000000101111010001100011011000100010000101110110001101100100010011100000100110001111000111100000011001001100101000000000111010010101010100001100011001110011010110011011101010001010110011101000011110011100010001100111101000000001000011111111001101110001001110110000000101110000111101110010100001110100000010010100000010110010000010010111000101100000111000010010011000111011101001010011001000010111011100010001000000100100100101100111111110011010100110010101101110000000000111010100110001001001 
11100100010111111000001100101110010101100011011011000010000101010110001101100000110011100010101111000111000011100111001001001000101100100010101000010110010100100100110101110101011110001001101110001110100001001001011100111010011001000110101000100001001011111111010011100100000110110000000000000010001100100110100001100100100001010000000011100010000010000010110101100001110010010010111111111011101100010001000100000001111111010001000100010100100010100101101010011010000100010100011110000011001111010110110011001001 
00001011010111010011001101010010000101111011111110011001001110011101011101100010010101110000011101001110111100111001011110001010001111110110111110000001111111101101010001011110101000011100110110111110110100001011011101000101100001010111010001011010001110111101110011100110000000011101111010110000110111000010110101110011010101111110101111110101101100011011110111100111010111100101000001011111011010001001010110100111011100001111001111101000011101011111110101110101101011000101101101111010110001110001011010011111 
00000000001110111000101110110100010001011101011000011101001111101101000101011100101010100110001111000001100110111111101110011010101101111010110010110110111000101101110100000111110110010011110101111100010110111000011100101001101111001100011011000111010011000001110000111111000101000110111011000001110110111111110001001100110111101111101001000110011011010111110110101001010011010100111110100110011111110110101100110110010011001100001000011100000010110011111101110011000110101011110001110111101001001001010111111001 
01011111110010011111011111111001111010110011001000000101011110000100000001101110111000100010111101011100110110110011010110110110110100011110100011101011101110001011100011110011001011111010111111010100011001101000001101100111000010110111110101001100101111001110111000000011100010000001110001011110010010100000010100000011001101111101011010100010110110101011000010011010001011000000100000111000001011010001011111100101010111000101001110111101111000011011001010000101101000110100111001010010110011101010111110010111 
11101011110010110101110111111001101101100011010000110000100111101110111100111000001101110100110010110110101111110000101010110101110011011111111110001100110111111000100010010110011010100100110010010100100001111111011110011101000011000111010111111010100110101101110011111101000100010101101100110001010111111111110011000100100100110110101010110100110110101000000011111011010111000001111001010110011100000011101111100010010101110100110111101011110111111010000101011100101010110010110011111011101011101001100110010011 
11110101111111111110110001111001100101100001011001101100100011101111110110100011011101010001111100011100001111110100101011100111110110110100011011010100101111111111010101011110101011001000101110110010010011010101011000001001100101000010011011011010110110111011100010101110100000000101111011010010001111011110111101010111101001110110001111101000110101011001110001000111001000110001000111110010001110011000111111011011111100010101010111110101101111010011000100011100010101111011000000010110101100100000111000001111 
01010011111111000110101011100000111010111100011000010001111010010010101101100010110010000100110101000011011100010110101111011101101001001101010001011010101010101000110100111110010111011001000110000111001100000110110001100010001011011101100100011010111001110010010111111110000110100000001010110100110011010100010110001101011110111111111010000000010000000100001000111100000011100101000101010011010000000011001000000001110000101001001001101011001010110011010101010001110001100000101100101110001101000101001000100001 
01100000101101100111100101110000101011111111111011001001100001100001111001011010100111100010000011001101011111101011100100000001001000101101011011010100001001101001111101011101100111110101011011011001111001010100100010010111100010100110011100010111111001011101000011010011110111011000100100110001110001100101101001000011101100111110010010111100110010011101100011001111111100001111101000001110000101100000100111001000111010110110011100101011101001111101100110111100110100010010111010010000001100010010000101000011 
11001010100111011100010111110101101100001011001111100001001110101111010110011110001000001100011110010100101100000110101111011011100111011001101101010011000001001110101100010010010010101100101001101001101110111111100001111100000101110010100101000010000010111000000011110001111111101111110110001101011101011011110011101001000011110011101111100100100110111010000001110011010000000110011111110100010101000011101010101110110111100010100111100011110111111110001110011010101001111101101110011011101011111011100111110011 
11101010110100010100011000000000000110011011001111100010000011010110000100111011001001010000001110011011101001110001100010000000000000010000011010100101000001001101010000000101110100001110110000100000010110110100010101000110011001110100101100010010100111110001110100100011111010000101010110001011001101000101110011110101011110011010100110100101110111101110111001110001111011111100100001010001010000110010010110000111010001010111011001010010001010000001110000101010000010000110101011011110011001100000110010100001 
10011111111101000100001011101101110010101110110110110110100001101101011100000011111010011101011100010101011111111010101011110111101110001011110111000001101011111001111101011000010010000011111100101100110101100011011110011100101010001001101011111011000011100001110011110111100110000100111100011111111111001101110111100110100101111111011010001011011010001000100110100101101110010100101100100001011000110010011101001000010100101100010100010111000100010100101000110001110111010011010001011100000111011010010010011001 
01101010111111110101001001011001101110111110110110110000001100100110100001110001001111011001100000011101000011101100101111001111111011111011110110110111010110111101101100111110110011110011111001000110100110001110011111101100011001000010111101101011100011010010011011100010110011000011110110011000101101011010111111101111011101101010011110000010011010101100111110111010110111101000111101010001001100100111011010110111011111011010101000001110011111011100110110001010100110001111000010001100010101011110010001100011 
11111110010111100100010101100110011100111111100110011010111110111110110101100011001010110111111100101110100000110010111111101111000110111111001010110001000111010101010110101100100000110011001100011001001000001101110100010010011111010010100100010000010000000010110110111011010111000100011000011000000100010101010110111001000101101110001101010101100001100111000001010100101011001011111000001111001001010110101101100111001000101100110100111001001001111111000000011110010000001001111101100010010000001110100010100001 
00011111101011001100110100100001010110101010011100010101001111011000001010000100001000011001110110111010101000111011110110000100001000011010010111101000111111101110000100001111010101000110000110101100000100001000100000000000001100110110010101110010000000100100001001011010101000010011100001101101001001010010101000110001111001001010000010101001010101110011110011001000101101010101101101001010001010101110101100110111001010010001111001010100111010011101100111111000011110011011100101111011010111001011001010110111 
01010010001011011011010010111101110010010000000101111001010110110110000111100100011011011111110001111111011111000011011000001111000100011010111010110111011011010011011110101111110111001011101001110011011110110101110000001001011000110110100011011101110001011000011111110001100100111110101000010101011111001001000110010111010000000111110101111110001000111101001010111110000100010111010010001101110010000001111011111111011110110001100000000001011001100000001000110100010110010100101110010010101101110001111010100101 
11000010011110011100001011110010100000011101001110111010111001010011111110000001110001100110101100101110000001100011000000011011010100011011111101100010100010010100000111000001101010100100110110101010111010001101110000110101100010111011110001010100000100011101001000001000010001110111110011010011000001111111100111000110100101101100110110100000010101011100010001101010100000100111011011111001000100111010000111011000110010111000000011000000101010011010010110011011100100001001001010000110011100000110001011110001 
11011001101010111010001111110000010011111000100100101010001101001000101101001000001011000001111000011101011000100110011111110101101000001001010011110010100010000000010110110110010100011111100100011010001100100010110001100010001011010101011100011110100001110110010111111000000010100000010010110101100011010110000010001101011010100111100011000000000000010000111000011100000011111101000001110011010000000111010010001001110010101001010001111010000110110111110101010011100001111000111111101010110110000101100100100001 
01100110111111101010110010110101111011011011011111001101010101110001011101101101000011011101001101100111001110111111011011101001101001011111001111010111100001111011001001011000010101100001010101100011101000000011010000110110011001001011101000001011011011101111010000111110100000010001100011011000010110011001000101100000010101010100101101001110000110111100000001011111101111011010111011101101010001010100011011111110101011110110100000110001111001011001110011010010011011011011100000011010110100010011100101001001 
10011010101010110100001010111111110000001110011100110001111010101100100101110011001111010110111000010111101110100111101111010111111111111111100011100001101111111010100101010110011100101011101000100110110111111111111000001100111000000100001001011011100010110001110010010111110000110101111101011000110101101000100100111110001100101010111100111101000011010010011110111000110110011000110101101110101101100001010110101101010011100110111010100110001111001111000100100011011101001101010101111000100001100111111110000101 
11010111000111010100111001010010010001110001001101100001001010010100101101000111111000001111011000011110010111110011000100100001100111101000111000100100100010011011000000000110100110101100000110110110000000011110111010000010100010010101010111011001011110110110111110110100111100000111001011001001110110111100100101011011010011001001101111010000010011011000010100000000110010100101111100000111111110000011010011010111000110010110001101100100001101101100111100101010111011000000111010010010101011100010000100101101 
10001010011101101101101111110000111101001000111101011100000000011101001011100001110111110010010011010110100000101100001111011111010010110101111010010001011010100011111000100000010010111111000100001001010100010001111101001011011101000111110100001011111011101101010111101000001110111101001111001111010010000011100110010110001110000011001001111111100101000110101000111100110001001111100111010111000110110011111011011011110011101110000010011011000000000001001011101100100111111110010111111000101100110110101000001011 
00001011000111100011001101010001001000100010000101001001101111011101011101100010010101110000011101001111011111111001111111010010001011111011011110010010110010011000100111000011110100011111110000000111010011100101010101111000010101010001010110111010011000001001110110001010100101100010000010001001101011000011011001001111110111100001011110101101011110001110101000010100100010011101001011000011101101000000000001011101100100010001100111000101101010101110011011011110011100111000111001101111111011110010000001101011 
10101000101000010000001011000000001000011101110111000000101110000011000000010011000110001010110110110100110011010110101000011101000010011000111010011000101000110111000101101111101110100110011010011010010100110001111000110010001100000011000110010101001010000010000000010111010101110000011010001001001101110110010001101110001110010101100011001110111100011011111100100100000110000010010111011100011110010110000111110000010110101100110111010000001011011000001000111011111011000010111100101010010111100010000111111001 
11010100110000010111100001000110010000100111001111011000101000110101100110011001101011111100101011101011111110010000101111100010000111000010000110011010001010111101101001001111101100111100001111100101111110000010111111110100111010001000111100010001101001000100110101100011101010000100100010010010100001100000101001011000010010010100010011101101011101011010100110010000001011010100101000100110001111011101010001001111001110101110010001010111010001001010011110011110001111111010001011111101010010100010010111000101 
11011100000010110000100100000100010011000111010100111010011110101000100101000011111111000001010011011000011001100001100000011001001110111100010110100010010111111101101011100011111111000100010101111011101001100011101001000011110000011110010000111011011100101000001101101010001110000111100111100011010101101110011100000000100010101101101010111110000001110101011101010110101011110110000100001000000001110000111000010001011111111011000010011101001010100110011000010110001100110100111110000100101000010101001001101001 
11000000111101010011110000111100011001011000000000100001010111101101111101110011010110001010000000100110000011011110111010111010010110010101011110100000111001101000100000111011101111000110011111011101111010111101001110001100111100100000110001001001011010101011001011101100001000100011111000101010001110001100100100001101001001101010010101011000100011010010111000101100110011100000111100010111111100100000100110101011010011010110100001000000100000101110000100100001110101011101010011101100011001100001111010111101 
00100011000011000001110001010000001110110011000101101100100001011110111001110111000001011001101100001100011101110001000000100111000011000000111000110000101000110011110110001110000110100010110111100110001000100011111000100000100111111110010101101111001101000000010110000010000100100000000111011101111110011101111110101000010000100100101111111000100011011001110011100011111111110000001010001011110101100000100010010011111101100100001000010010001110001001011000010110101110110101011110001001101000000000101010111011 
10111010111110010101001011111001100100111110110110101000000100101000110101110001001111011001111000010101010111111110101111111111111001011011100111100100010111011010101101110110111011010011111000110110100101001111011110101100001011000010111001000011100011110001011010100110001001100101110100001000110110011110111111101111101100111010001011001111011010001110110110110000110110111100101101110001011000110101011010000101011111001000110000001100010011110100110110111101110110001010110010010110111100100000011110101011 
10100100110100110101101101100101001000110000101010001001010111011110010011101101111001100110100010010100010011000010011011001101110011101100011111010111011100100010011001101010001010110111111111101101101101010101000101000011100011100111011010101010101010110111010101111000000100011101101011101010001111101100000010101011100000101001001000100111111000011100110011000100101111100101010111010001110110111100111010001100100011111011010011100011101010101110110001100100111110101011101011111110010111010101000011100001 
10101011101100110110000110110101110110010001110010100111010100111100100110011001100100111010010010111101110010011110001101110010010010100100000001000001101001110111101100011010010010001100101011001011100110110101000011100100101011110011100111010010000000111000010011110011111011100111110110001110011000001011110001001010000011110010001111110100110110111001100011111011010001000000110001110111010001000011101011110100110101110100100111001011110111110110001001011000101001110101111010011011010011100001100101101011 
11101010111110010010101011000000101000011111011111000000101110000111100000011011000110101011101011110010011011000110101100011101000110111001111010110000101110000101001001101101001010101111011110111111010101010001110000110011000100001011000110000111001010000000000010011111010101111001010011000101011111110110011001101111001110110101100011101110101100011011101100100000000110101011010111010100011000010100000111110000010001101011110111011000011111100000100010011011111001000000110110001010010110100100001000111101 
11001100111011100101111111000110010100100001010101111001010111011100001011110011001011100100100110100000111010110110110101001010110011001010111111101111000101001111001101110000100000010100101010101011101001010101000110101001111100110101000000000101011100111000011101100010101010001110011001100000110000101001010011011001010001010001100101101111011010111110110111000110001110111110000101100010001001100111101010011111111001111110100110000001011111110011111000011001111100010000101010110100100011100000010001001011 
00110101010010010110111010010100011001011100001010111100101100110100011100110010110010011111100001101011111001101100010101110011110001000001111010110000100111010000110000000010011010000010000101011001101001101010000010001111110010111101101100010010110011010001100100110101010100111001110011000010000010011110111001001111000001101110010110110111111000111010101011010011111000001101111111000111100110111011100110110000101001111011001111001010010011111010101010101100011101100111001010100011011000011101000100100011 
00111111110011101001101010011101000010010011110110100111000010100111100010000110111101110101000010110010011011000001110101101000100011111101111111011100000010110110110110001011011001001000101000000101111010010000001110000001001101000111100111001101111010011110010101000010100010101000011011010101010101000101110100011111010011011101000011101001001001011101110011110010111001010001000101000000110000111011111001110011001111110001000001011101001010011110111111111110000000000100011000100111011010111111001011011101 
10110011001010101100000111111111111010000100000101110111010100000111001000011101001111011110001110011100011111000111010100100010101010010111001101110111101100010010011110001111101011101111011010000011000011000011110110100100011001010000100100110110010010101111010111000110001111010111010011011001100111010110110000101001011100110101101110001111101110011110100001000001011111100111111101011000010111000111011010110101010110110000101100101000001011010011110110111100111011101101111111010110100001100000010001100111 
10011010100101011001001011110001001011110110001100101101101101000000100000000000100011000100110000110101110100011001111010011000101111111010001101111001100001000000110111011110101000111011101010011011100100111111111101011001001111101010011110111001110000010111001010101011111010101001101101111101011011111010101010011100011001101110001111010001011100111111100011100001001100111000111111000111111111010111010110100010101110011111110110111010101011111010101101111101011111110111101101010010111101010100111010010101 
00011111000001110111100001111010000110111110100101110101111111110010111011001111000011110101101011110100011001101110111100111110111001111100111110010010001100111100111110101101101111100111010011101111001011000101000010001011100001100111011111001110111011010101011100000011110001111001111000111011111101111110011010001100100000101001111101101111100101000000100011000000001001001101010011110000110110010010011010101010100011010010101011100011100111000011011101110110100011111111101011101011000111100001011011100011 
11011111111100101101000111101111100101101110011100100010111001011000101101011010100110001110111000011100010110111111110111101110110111111101111011100101101111000010010010010110111010101110101000101100111101111110111011001110101100000001101010010000101001011111100101001110110001010001100101101010001110000101110110001011000000101111011100100101111010111101101011110110101111000100011011000101111110110011011010001000001000111011000010010010110111101110000001100100111101101001111011100011010111011111011001111011 
01010111010001111110111011001011001000100100101001000100011010111011001010011111101101010101101010010111111111110110010010000110101111100001010011011000100111011000010000101111000111101010101110010010111110110010001111110000000011110011010110011100100011111111100011011010101011010001011111011010001101101110000111100100010110001000010001111111011101110000101010001000111000001001001100011000110011010101011110110100011110011111011010100000011111000011001111100110110001111100011000111010010011011110001101110111 
11111000010001111001001111111100000011010110001101011101011111001001110100111101100111100100010110111001001011111101101110110100101010010110111111011010001000001101010000000101111100101011110110101011001100100010011100010001101101110110000100011101000001010101110011111111101100010101000110000010101100011100100000010000011011010011101111111101101111001111110101100011001011000010110101111011000000000000100010010111111000001111011101010101011000011011000001010110001110000001100110110111010001111110110010110101 
01011000011100000010011110100000000011000011101100100011010111011001010011110110110100110010100010111011011000001101011011001000100011010111001110011110011010010000100111111110110101011000010101000010001011001000001000001110100011100000101100110111110011110011100011000101001010000010001111011010111100001010010000101000110000001100010001000001111110100001100100011010010100011110100110011110011000101100101010000100001001011111011010000100000000010001100100011110010010000110001011000010100001001111100110010101 
10101010111101010100010000000001100101001011001101100000000110111011000100110010011000010100001110011011101001110001000000011101100011010100111010011000001001001100010000011101110100001110100010100000001010110010011101010000011001110100000100011101001101110001110110100010101110010101000111001000001110011001110011110000011010010110101111110101110010001111110001100001111011011010101101101011010001100010100010010110111000000111011001010100010010000001100000100110001010001001100100110110011001111000110010110001 
01010110110111110110011101100111011011000011010100100111111100001100100011100110100111111010000011011100000001101000101011011111100110110100100001010001011110110111111011101011111100001110111100100100010100001000111010010011001100110011100111011110010001100001011101001001110101110100000010111011011010101101010111111010011000011101000010101111100011110101000010111010110111010001100000101111100110001110000001111110111001010000010001100101010000000100000111010000011000011011010001101000101011010010001011011111 
01111100111000011000000010001100110100100101111111111010001110100001011111010001110011100001110101111110001011001111001000100011011111101101101001010111110001100000101000100101110111111101101000011000011111111001000111001100111111000110011111010100001100100110011101110110110010101110010011111001110011011110000010000110111010110111000010111000101000110101001001001101110110110000111001100110111101010000100001111111100110000011000011111011111111001000111001110000110000011010111111010101000011110010011010111111 
10000111011111111110010110010000011000001011000011101010110110001010110111100111000010110010010110001100100011000111110100010001110011011001011110000011001100110101100100000111001011110001110001100001010111110111010010111101000100011110010110110110101110111111100011011101000100110011001100011110101000011001101000010001000010011000000110110101111010111111000011010000100011001011111001001010101100111111010100011101011000011100100010001010010011100000100010100100011001000010000011001100000001010011000010000001 
10100010011000011010011001101110101100100001101000101010110100000010110011111100100111110010000011100101101001100000110111010011011001001100000011100101010000100110011101010111101011100111101110101110001100001001000111111100011111011011111100100001010001001101001000100111111000010001101100011011111010111111100111000000010011101010110000000010110110010001001100110101111000111100100100111110111110110000011101101101000111000001000000010100100001000010001010110010011100101100010101101111011011001001010100100001 
10011111110100011101001101110101000011111011011010000101010111100011101101010101000111111110001000001111000010111001001101110011001010000111101111111101111101110101110100000100111110011001010010000101111110010110111001000110100011011001110100011010111000010011010111110110010100100110001010111000010111100100001010001101011110110101110011001000111001010100001100101000000111000101000111010011000000000111001001010001110000101001001000111010001010110010010000010101101001110001101100101110101101000111001000101101 
01010110011010000110101100101010010001100110100000101011100100001100100001000011010100111101110000011001110001000111011101110100110111010111011100111110010110111000100110011111111011111001000100000000001011111011000000111100100010111000000100100011010101110101111001010001001000000010010110000100011011010010001010100010110010000110010001000111010111011000100101111101011110101011001110100101001000000100100011000000000001111011001010010010001000010000100110111010001010110000101101101000000000000001101110001001 
01111000011010101010111001001000111000000110110110001011111011101010100001100011101011010111000110010001001011011111001111100111111110110110100111000101110111110010110110000100111000001101111010100011111101011011111010111100111000010110000001111111100000010011110010111111110010110101011101010000110000101100100000011111001100101010110110111101001001010000000110110000010110001000110001101110101101100001010110101101010011101111111011100110101010001111001010000010011101111101110001101000101001101101100110100101 
00101100011010000110001011011100001101111111011011000100001101001101101100101001010011100011001111110000111110101100001010100111011110011111101010100010100101011100111101110101110000100010011101001011110100011101100100110010001110101011101111100111110001100011000011100101111111110000101101111101101011011110010110111100011111111111010111010000011000001101111000010111100000111000111011011001001011010100000101110011000100101101111110110001101001111110010000000110110011011011101101100110010000101110100011100001 
10011100000000110000100000010111111000000111011100101110001110100100010101000011111001010001000011011000010001100001110000001111011110100100010110100010010111011101101011000011111001000110101101010011101011100011001001000011110100010011010100111011010100101000001101100011001110101111101100100011110111101111011101010000000010101101101010011100100111111101010101001110001011100111010100000000100101000111001001110111001011011100001101010111101011111100001000101101111000000000111001110001001010010001000000101101 
00100111100011001011101001111011011101011011100001011100100000101000011111101001111100110100111000011010100100011100010000001110100110101111101001001001110111101101111110100000101111000100011111001100100110110001100000111110000110011101011101110110001101011110010111100110011011010001111110110001000111011111101100100000101011101001101111100100100001111010110000110011010001000110011101110100010101000010111110101111111110000010100011100011110110111111001101011010101001111101101111101010001111111011100111111011 
01101101011101001101000000010011010100000100111000100000001100111111010100100000111010001111100000101111000111111000111000000010110000010100101011010001010100000000011111000001001000011011101010101000110001001010001110011110011000010000110000000111101100011011000110111110000100111010100011100001000100111111011011110101000000000110101100111110011101001101010000000000111110010110000000111010111001011110001000011110010000001001000110010010101110000001101000111110000100111100100100110100000111100100110001100101 
10101011011111000100111100011000100000101010010000110100010100111001011101010011001000111100011000010101011111011111111101110100110101001101111011000101101100001101100110100000111010100111101111101100111101100111111100110110100000000101011011001010100000000001110001110111000110010000011101110000010110101010010001101101101001101110100110111111001011001000111010010000111010110110010011101100011011110011110101111001111111110110100110111001101111110011010101100100111000001111100101011100010110111100011100001011 
11000101101001010101001001110111000110001001110100101110110001111000110101110011100101001111101000010011110100001101000011110110101010110111010011100111111110100100100100010100110111000110010001110100110011111011101100001010111001100101000000011110100011111000111010001101011110000110100100011100111100000100111010111110011110011011110100010101000011001111011110110010111000101010011000011110100101000001011110101111010111010011111010100100011111000100110101100011110000000101000100111100010010110111110010000011 
11110110101010110100101110110010010001100111011100100000111000000000110100110000010101010011110001100100110110010110101111011111101111010110111110101100101111000001010111110110011001101000110000110100011010111110011100111111111001000001011001001011101110101001100101000011000000001100101000000101110100101110111110100011001110101010001011001111011001100110111011110011010110111000100101111000010110111101011001001101010110011111001110001101110111111101001110100110010011111010111001010000111110101000100100111011 
00100010011000001100100010001100101011000001001101100100110000110011011110011101101101101110000010110100101101011101101000110110110101001100001110110011111100001010111101011111111011100110111101111001010101000101011010111001101000001100000000100100010100110000011011001000010001110001010011010111011111010110011001101111001010110111110101111100100101001010101110000000001100001010010111010001011000010100010110111000110001101011110101011110011111100100000010011010111001000000101110011011011110101010001010111101 
11000000101110100000011011001100100000011111010101000010101000000110101000011010000010011100001100010100101100001011101010011101110101011011010111001001010010001110110111000101011000011010001000010111111001100111011101010000101111010111101110010111010011010101001011010010011001000101101111001101111111101100111110011110011011001100101110110011011001001111001111000000100000111011010001100011011101100000011001110000100101111000110111011110001011111111100000000111110111001011100110000100101101110000011010000111 
10100100101011110001001110001111011100110100000110000001111000101110010010001001110110000110010111010111001101011111010111010000110010101111100010111001001101111110111001000100101010011010001100011101010100110111011110010001110010001010100110011100110110111100101101000111000111110001111111111011111110110101011110011101001001110101110101001100001000100100111110111010101111111001111110110111111111010101001110000110100110010111111011001010001111011000100101101101011101100010101011000010111101000111111000100101 
10011011001100011001111011110001000010010110101110001101101100010000111000010000100011001100100001110111111000001011110010001000101110111010001101101001100000000000110111011110011000011011111100001011110101101111011101000000001011111110111110011101110011011001001100100000111011001101101101011100011010111011100110010100001000001100001100010011010100111111110011100001101101000101101101101000001000100010000110100101100001000111000000000101000000111001011010110100100000110000010110111011100111010001000011100101 
01010101001011001000001010110011010101111110011101101000110101110000110000101011111100100000001110110110001001001010011101000101100100001010011011100010011101011001111110100001101111110111010100110110110111111000010001000111110100101011000111011011100100010101010001101101011010000001001111111001001101110100110001010000001010110110101011110110000101001101110101100000111000010001101110101011111000011111001010010111011100101001110001010000110100010101101000011000111010011101100101010000000111100110110001000101 
01100110110111110001011110010011001100011110110101111010101110000100100101110001001111011001000010011111100011100010111111001011010011110111110111110111011110101011101110110110110011110001111111000101000010001101011111101100010001100000110101011001000111011010011011100010010011010010110110001110101101011010110111101101010100101000111110001010001010101100100100111011110110101010110111110001001110100011011111110111011011010010100000001110010110011101111110011010100010001000100101010000000111111100100001001011 
11011110111001000100001010100111000011101110110111010110100011000110111101110001111111111111101000111111010000000110001000110110110011001111101110110001000010110000101100011111001011110011111111010110110111000110011110111111100101101001011100001101011100100101110000100011110000100110110111101100101101111111110000110010111010101111100001110101000110101110001101001110110011111101000010001011010101011010010001100000110100101100101010011011011001110011010111010011111011100111111111110010001100001001011010001101 
10101110111111001101011001011101001110011110111111110000011010100101100011010001000111001001001000111111000011111110101101001110011111110001101010010111010100111011111100110100111010000010111001000110100101001100001111100100011000001010111001111001100011000010011010000011101001001011010111111000101001010011100001111100100000101011011110111010011000101001011110101010110111001001011101000101001100100101011011100011101111001011101000101110011110010000110110001000010110001111010011001011010111011010011010011001 
