11111000010100011110111001111110000111111111111100001110101111011101010111101101101111011010011111011111110010110111000110010001111111101110110110110111111010100111000110101000000000011001001110100110101111101111100110100100111110111000011110110101100010011011101110011110000001111010011100011100110110011100001101000001101001111001010110011101101101110110101011101010110011001011100111011100011111001000110101101010110111000010101110111011111000101011000101100110111101110110011101101111111011100000011100010100 
00011101010111011001111000010010001100100101010001011011111010010010010110000101101100110001001101011000000011010010000101000101010000010110001010100011010111011100010000001000000010100100110000001010001001011000001100001010000011100000110000001000100000000000101010100000000110010101101011110111001000101100111110010000010001100100010001011010000000011011100000111000011000011100010101000010011101100001010111100110001111000011110000101100010011001011100110010111110111011110100011001100010111100001000110010110 
00011011101101011000000011001000010100100000011101000011011110101000001100111110010000100101101110011101000011001000010001001001001000011010001000110011010111010000011001110001000110100110010101000010000001101010001110001010100011100001110101010000011010000000000000100000010100010111101011110011001001101100101011000100010001101000010000111010000010111000100001111100111011011101010001100010000101100001011011001100000011100001101011111000101001010011111000111101000000110110010100010100011000110010110011100000 
01111000010000011110110111111110001011011111110000101100100011011011010111001101101011011010011111111110111110110111001111110000101111101100100110011000110110101111000110100111101000011001111000110100100100001111100111100100011110111110011010111111111010010011110110011111000001101010011000111010110111001100101101000111101001010000111010000100111101100110011111110011100111000000101110010111001010111001111110111111110110101000001110110011101001110010110011101101000011101001010110011111101000010110111001011001 
01111000001110001100010110110111011011110011110010111000100001010001000111011111011110011010011111111110011100100111100111100000100011101000111110011111100110011110010100101111101000011101111000100100110100101111000011100110011110100010111110101101101111000001100110111111100101110110011011111110110111101001001000111010101101001101010101110000101100000111000000111100110101000111100111100011101110011100000001101110110101111110010111011101110111111000101111011000100100011101010100111001100101111101100010101101 
11010110010010000111111110111111101011111111100011110100100011010111110011010001100111011011011001110010111100100011100011110110110111100001110111001100101100101101010110001100111010011101111010101101111110010100110001110101011110011110001010100101110111111111111111011101101011101001000110101100110111010010010100111011101110010111101111000101111001000010011100111110010000000011111100101111101111100101101110110011001111101000000111010111011110010100000101011111010101111100010111101010110011100000011010001000 
11101010011011110101100010101111110011001101010010001111111000111111000000010010101010101110111111111111101100101100011001001101111111101110011101011100010110100010111110110010010111101101111101101000001111001111011011011111010011001011101101110111111010110001100000111111001110111011000101010110110110001000001001100111100001011000010011000100111111111100101011111011011111001010111010010010101000100001111110011111100100101010101111110110001001111000110011001111001101110000100110011110001110111101101001011001 
11111111000011111111000011000000001010010010101011011011011100100000101101111000010101100101100000000001001001101001110000110111010000010010011001100011001001010100110001001100110011100100000011001001011111100000011000001111110001000001100111010000001100001100100001100000111010011001000111000001011000010001010010111000010110101101000101111001000001011011000001000100011000111111010001100100100100000110000001000000001001010111110001101100100010001001111100010010101101110110101001110000110101101101000100100010 
10000111111001110001001001001000100100001000001111000011011110100110111000100010010100100101100000000001100011001000110000001111010100010111010011110101011001000001101011011000010111100010100111011011011011010000111000011000100001011000100001010000000100011110011001100000011010010001000111000111001000110111000011001101010010110100101000000001010011101000011111000011001010011000011100011100000001100011111110010001001110000001001101111000000111100111111000010010010011111110011110101011011010010100000001101101 
01101001010100011100111100110010001001110110011000100010101000001100111010101001001011001011010000100101001000100110010101001000100001000010101110100111010101111001100110010011011001000111111011101011101000101011001100001100011010011101000100010000110100000101000111100110111001100100010111011001101010101101000010000110101101100011110010011000111010101010101100010100011110010100111100000111001000010100001010100100000000101100101100101001110000011000010110001001011101100000000000010110000010010110001001000101 
00010111101110010011001010000001110000100000011111010010011100000100101000110010010101100101101010010001010001000000010100001111010000110111001000100111000111010010110001011000010011100110100111001011001001110010001000001011100011000001110101100000011001101000001000100010010110010101100111101101001000101000100010110000011010111100010101111011000010011001100001101100111000011110010001100010100101100111010101000100001011010111110000001100010010001111001110010100110110010110100001000100010111100101000110010110 
10000111101111100001001010000001100100100010000111110011010000100000101000110010010100100101100000100001001101001000111000101111000000010001011001000010001101010000111001011110010111100110100001011001010010110000111011011011100001000011100101000010111101101100000001100011111110000101110011000101001000110011110100111100010010100111101101111011000000011001010100001100100000110100000101101100010111001110001001000000011001110101110010001000010110001101001100010000100000000111001001100001010111100011010100100110 
01100011101010101011110011110111010101100010100011111111110101010010001100111100101001000101000110101010001101010100101110000000110101000000000010101000110101001000100001001001100001111000110110011101010001110000101110110010011110100000101001111010010110110110010101000000110100100010010110000101111110001100010010010010011000000000101001110111000110000010011001000110011000011000111010110011111010010100000000101001000010001101001000100010001000100101000000100111111010100011000000000011011010100010011101110010 
01110100111101011111101101111110011110111111100111010111000110110110110011110011100111111111011111100100000100111101011010010011010001111000100010101101011101010010001110010111010111111111100110100001010000010110010110011001101000000010101111010111101110011011000100011110010111101100011001001011011001101101001111100110111111011111011111110111101100001010100111000100101111000100010101100000011100010110011110010010001101111000001011101100011110110010011001110110101000011100100111111101100010001010100001001011 
11110101011000011110111001110000000111111111101000001101101110011111010111001001101011011110100110111110011010110101000111111000101111101110100111111101110010101100001110100001001000011011011110100010111101001111100100100100011110111100011011111100000010010011101111010001000001111100100100100010111101001100001101000011101001011101010011000010111011100110111011110011111111101001010010010011101000110001111100111101101100001011001011000111101011110001110011111101111111111000010100011010101000011101101111011001 
11101100010000100101111100110111101011011111100010101101100101110011010011000101101011010010010001100111111100101111101010110010101111101001110111011100111000101111101110100111111001011001101011110101110110101101110011110101011100011110001110011111100101111111111111011111101001101010010000001000110111010011000101101111100110011011101111000101111101100100011110000011000111100001101010111101001010011110101100110011110100111100001111110011101001110000010001101011001001100001011100110011101000011110111001101001 
11111011101101110011010111110011110100100100100101011100110100110001011011001011101111110110101000001111000011100000001110001111100100100010001001111000100100110110000010000101110011011010010100110110101111011011000011100011000101110010100100101101000001001111011001110100111100111001111100001010100101110010001011001000110010011011110010001100100001111111001010000000000000011111010001000101100111100011011011001001110110001101100011001100011110110101010001100000011101010110101110010000100110001001110110010101 
00100110000110101010010100010100111111100010011101110101101111110010111011111101110011110010001010011111111000111001010111100110111110111101101010101011010100000110110110111010110000110010101100111110010011101111111100000011100110000110110100110111010110110000000000110010101101001001111110111100101100011111000111000000000111011000001000100110001010111011100001011111101101101101111110010000101111101011000101010011110100001100000011111010111100101111011000101111000011111101010000111101101010111101100101111101 
10000101011001111101011010010101111001000011000000000001101010101111111001010111100110000011000000111100010100011000011011111001111011000011101001011011101011001010100000010111101100001010100100011011110001001000000000111011111001111101001011100001101011110010101101011111100001111110110000100001001110100110000011101010100101101000011110100011000110000000001011001100001010011000101111000010010100010110010011101111010010011101001010000110011111100110101101100011000001110001010000101000101000110110000000111011 
01010110010001110001101011110101100111000010000011010100110010100110101111101011100111111110100001011111001110101101011101010111010011001000001111111100111100000111111011010111000111110100010110110001111111111101111010111011110001010100101111100001111110001100001111100101111111110011100000011001010011001001110100111000100110111100011100110111101111111101100110110010011111010111001100101001101001000111100110101001111001111001011110110010100001000100011111011001101101100001100101111000000000011111001001001101 
01011000100110100100100010010000001000110100111011111001001111100001001101001011110101000100111011111111100001001011010101000101001000111011000000010110010110101011011001010101110010101010100000111000101111100000101110000011011010110110100101110000000100111001000100100100100101000101000101101001111100110110101101001101000111110010100001001000001111001011100000000101010010100000101110011001101010010111100100010100110000010001000011101011100011100010010000010101100011000011111000001111011110000001100001011111 
01001001011011111101111011000101101001000110010001100001100100101101111000110011100010101011100001011101011110110000111110011000100001010011000010001111000011110111101100010000011100100000110000111010100010001111000110000000101110110010110011001110011110100101101111011100010010000100110001011101001000011100000000100110100010100001110000111101000111111010101010011101011010101011111110011101100110110010100011010111000001000001000011110100100100001011110000110100011011001111110110001011011110000000110001011101 
00100111110000001111110101010010101100011101001101110011001101111010111111111011101001110000011100010010101111110000110010010100010000110010011001100100101010011111000001100011000010011011011111010110111011100010101100011101110100001100110011010101001110011101011111101000011001111000111101101100111001100111110000011101110100010100111100011110011010001011110110011011111110101110111001010100000111100010001101110100100011001010011100101101101100100100110100110111101100101111010100101110110101001011011011000011 
11001110001011110110001000100100000101010000100100100000001011110101011010100010010101001010100101100111000101011110010111100010101101100011011010111011010101000010101101000000110111011101001111100100011001111010100001011101010001101000110111000101001011000111000010000111010000010011110100110110000010010000101100100101001101001010001101101011111101101010000010000110100111110110101100110110111010101011001111100101110111100000101101001011001011001100110101010100110110111001001010000000100111101101110111100111 
11110100000011011111001110111000101010011111011100001101110110010010010011001110111100111001001101100101000110111011101111100111010000100011010100000010110110111101101111000111011101100111111111100000010101011110010011010110110110100010001000000011010000011101100010000011001110000010011110101000000100001011001010011000010100000111111110101010110001000110000011100110011011011101111000011111101110001101001110000100001010110010110100100010010010110111100000010110001000010111111100001100110111111011011011110001 
11001101111010110101101011010100010011100101000110101011001010110010011100001111111010101000000100111100111101010001001000101101010100111110110110110101101001101100111101111101000100100001101100101010011000000011011110011010100100111101001111111010110100000010010010111001010101100100110100001001111001110011110110001010110010100101100010110101101101000001100100111010101011011010010001001000001001000001011010101110100110001101101110100110011100100101000110100011001101111110111001101011000111010001000001010111 
01000001010001011001010010010111010100101001101110010011011000111101011110001101000110010110001101001001010110100111111001010011001100111001111000001110110100110001011011001111111101011001001100110000110110010110111011001011111111100000001111010011000101010111100000101010001010100110100010101010011101010011010100010010010000100000010010101100000010100100000110100010100100011011100000110100111101101000101010001110010100101111101100111110111111101010110111110000001111011110000110100010110110101111010010010011 
11100010010010100111101100110111001111010111101010011110100011010111110001011001101011011000010001101010011100110111000010111100110111100101100101000100101000001001100010101100011001011001100010011001110100110111110001110101011000011110001010101111101111111111110110011111001011101101110100101110110010010011010100111010101110010111100110000001111101100011011110100001000100100010001100011101011010011101110100110010011100010010010101010111011100101100000111011011110111101101101011101011110111001101011100011111 
10010011001001100111111011110100001000011000110001010101011100101111010010010010110101011010011001110110000010111000001000111100110111101100011010100001010000010101110111100010010110100100000000110000101111110010011000100001011100110001101011010101101111011010000010000101010111110101000000100111100011101100000001110001010001011100100001100011001001000010101100000100110111011110100110111000000011010100011101010000000111111100100000111001000101100000100011011011101001001101100110010000011001000110000000001001 
11011100011111010101010000000110000101001101010101011101011010010111010110001101111101010101011101010111100001110000010011010011001011100001111010010010011110100110011000100001100100101000000011000010011000110000110110000001111100011000000011100100000110001101000101101100011100010111100000010011110111011111101000110011001010011101111100001000111011111011011110001010010111001011100100111000000111000000011111001001110111001010011111111010111000101010000011111110001111010110111101101111111010100000010101000101 
10011010100000100000101100001011110111001110100100010000011011101011001000101110110010001100100001101110110110011100011010001110000100000111100000000000011101000110100001111101111110010000010111111111100011100001000110101011110110110001101011100001100111000010110011010011000011001100100011011000010100100011101111000111110001110110001000110110011000010110010110110000010110010100101010111110101100100000110100001111111011010111001111010010100001100100011111011101101110001111000001111100010000101101001010011011 
11101000011100010100111110101000001001110110011000100010111000111100111010111001111011011011011001000111101000000001011110101100000100000110000010100111010010101001111110110000011100011101111011001010111000101011001110000110011010111101000000010000110101000010100110101110110000010101010101100101001010101110011010110110101111101011101010011000011111101010101000011010011010000100111000010111101101101010100010010100011000100111110110111011000111100001101111110010001011111101101010000011101011110111101011101101 
11001111001000100011001011010111000111100000101110111011100011011100101101011000100111011111110100000100001011111010001010101001000011001011110110110101100011010101001111100010000101011101110111001111011010000101111000011100000111001101110100110011100111011010001011110000101010011100111111100000010011010011110110000101011100001111010100110110101100100010111011111111101001101100110011100011111001101101111000101000101111100111011000110111001000101001001111000011101100011100110111110100100011101100000100110011 
00110101110000111111001101100101111110001110000101011010101001011000110110100110110011110001100111001010101110101000110000101010010001100001111111100100001101111000100011000011010000100001010111010100011100110001011011011111110111100111110001101001100110000100010101101100001000000010000000000010110110100101011010011001111100001010101000111100110101010111100101001011001000110011111000010000000000110110000011100000001111011011001100000010110100001000000110110001100101111100101101100010010110000110000110001101 
00001100110110011010111111111111111011110000001001000010010101101110111111100110001010000000110000100101010110100011110000010111010001001000111100111000011100001011011100011110011011110011001111001000010001110101110000101111011001100111101100011000011111000000010111011000001100010011111011100011101011000000111001011110100100011011110111101011010100011010010010011100101000111000011000100111000100100101100110110111010101101000110011110100010110110010010011001111001001010101101011101101010011011011100000000001 
11001100000011111110000000110001111000101011111100111100000110100011111010100101100010001110100001001000000100010110110010101110111001010110011110110011100000111001111101111011100111101010011110110000000010011000011111001001010101101011111001011110010011100010000111011110111011110000101111111010010000110011110110010001011010001111110111101100101100101110111001111110011111011101100111100110101011101111101110010110000111001110000111000100101011000000110101010110101000011100010010101110101011010010100000010011 
00110101011001001010101111111000101010000110110101101111110011101001011011111001111101011111000100110011110110000000011111101100110110110101010010100111100011001101001010010011111100010000000001010000011010101101011111000111000001111100110000101001110111110111010010000000000101100101011000100011101000101000110001111110001010010010000001101100110101111011011000100010101110100010101011100001100010000111100010101100111100110011100011110101010111010100010110110000011010001010100110110011101100001101001001001011 
11000100011001110000001111000110010001110010011110111100011101010110001000101111011100110111000110111110010010111100010001000100011010000110111000110001111111000011111000001010010010111011110010110001100011011011101000100110111111011000110110101010100001101111101010100110011011111111001110100101101000100010001001011001101100011000001011000110011110110101001100100100001110011011111001010000000011001111111101001100000100000110110100101010001001111010010111001111011100000011010110011100010110010011001111011001 
11100100110001101011110001010000101010100100010100111010001101011001111111110010111111010100011101010111101101110000110001011010100010000010110001100100110011011111000111101010001000111111011111010110011101100000100100011101110110001101010001111110100010011100010111110011000000001100011111011011010101011110101110001111101011000101010011011010011110001101000111111110111010100001001011000111011101001100100010000100111111000011011101010100101000001111001011110111111010111010001000111011001010111011011110001111 
10001010001011101000100100011011001010100110101101011011001001010001010000011111000110000001101110101110110110100001100111111100000100101110110100111100110110011010001111011010101001100010110000000011000101011000110010000000010011110110000001110001001010101001011110000010100111011110110101001000001000000101001101100111001110001010101111011000110011101000110001110101110001010001010100000101001101010000100001100101101000110100100011001100011001011101010111010000111001000110101111110011001100110011001010100011 
10111011101111101101001101100101010011001010101100100110000001101101111001111010110001001010111010001011111111101001111110110010101111101001010101001100001000101011101111110011111101010101001110111101010000100111110011110011100100001110011111100101011111011111010101001011111001101110010100001100111011011011000001100111101110011010101110000101100110110100011101000110100010110100101010110111100010011111100000011001110011110110000101010011111100110110010011101001001000000101011110110011001010011110111110101001 
00101000000101000001001000110101000001001100010000000000110011011001100010101001001110010100101011101101010010110000110100111010110000100100001001000000001111011111110110001001100001100101110110000011000000010011010100001110110011000110100011100010000001000010111110011101100011000101000001001000111100010010111100010011001101010010011111111110101100010111100001111100110101000101110011100011011100001101000001101110100101100110110010000110011101111100001111100101000100000001000001010100100101101011011110000011 
10011010101001000111101101010010001100010110100011110010010011000000111000110110110110100001011001000000110001110010111100000101010000000111011000000010101101110011010001011010110011100100100001011101000011010000011010011011001000000011100100000011110111101100000001001111110111010011011001010101000010010011110010011100010110100010101100111100001000011001000110111110010000010110101101101000010010001100000001000001010011110100100101111110110101011100001100000100000000000111101011001101010111011000110000100011 
01000100010101010110110010110011000001101000011101101111010111001100001101001001010010000001110000000010000101100110000110100011010111001011000110000111000011110011100000010101011011001101111110100010000011100101101000111000101001110011101000100100010011001101000001000010000010011101001101010000111001111001110101100111010000001100000100100010100000111010100001111011101000000110000011011011001001110110011110111000001000100100110101100111000010011101010111111100000001111101111111001101110000010001100101011101 
10101100010011110110111010101101011001110011111010100001100000110010111111000110000101101010110111000100111001110110001111001010010100111000101000111001110110101010111100101011000111110000000100101111000011111000010010111001001101011100101111011110010000011110001011000011100100011010011110000100101011110010101111110000011100010000101001000100000000100110000000100101111100110101010100000000011011101001110001100111110110101100011110001000111100011000110100001111111111111011101111100111000110011010011111011101 
00010010001001101000010100110111010011001000010111010110111111111100001010010110011000010001101111110110001011100100100011011010101000010100011010011011110010110101100001111001001101010010001110010111110011111000001110001010100100100011101100110011001100010001000011011001100110000000100001011010011101011100110110000000000011100110010110101000000001001110110011011111110011100100100010101111111101010000000010111011111001111001001011101001110110000001101000110000000101111100101101000011001000101110110001000111 
00011011001100010100001110101111010101011010111001100101110010101110000010000101111111000100110000110110110100001001110000011111010110001011101001010110100101111011110111010010110001010111100101100001100000100001101110101111101100000111100000110100101010101010001101101101011110100000110101100010111011000101000100101100000001110110100001111111100100100101010001110110011011111001100111011100101110111001110100001110111100111000111010111011000110110011001010111000101101111100000111011101001110101001110110111011 
10010101000010011101100001001100000010011110010101110011101011011001111010001110100000000111100101010111111011100101010000101011000110001011101011001101000111101111001010010011110000010001100000110100011000100100101000001110010000110100111110100101110110100001011001000100010011011000111110001110111011110011110110011111001000000111101111110100110100111010111100110111011000011011110110101011101111101111101110110111001111111001000111010100101111010100110101010011101001111100010011101010101011010000010010100001 
11100100111100001001011101101111110011001011000100010010110100010110111100110000011011111101000100000000011110111110101010111101000111000010111110111001100001010101100111101010001101011111011101000111011110000111000101011100110100001001011010011111111011010110111011110011001011111110111110011110000011100001010110100101011000101111011100110110100100100000011111011111111001011100010011101010110001101101011011001001011111101110111100010001011001011111001111100010011100111100100111010100101001101110011110100001 
10111010001001100110000111101010001000110001100101010110110010011000111101001101001000110011010101101101011100011111010110100011000000010011110101011001101111000110001101101111101111100101011111111111011011111101101000101100101000001111101111100100000001110100111101011100011011001001111010100100111011111111110110110110010101100010011100111100111100100110110100111111001001011110100110110010100111100111101110110111101010101000000111110100110011110000110101000010101000110101111010111111101011011000100001101001 
00101110100111000111010001001100111010001011011000001010010000001000000100110010001110001101111101110000010111000100101000011011001000100010010101110100001001111000101001000101001111001101010011110000101100010000000010001100011001111001011001000100101001001101111111010111010010100000100010010111010001101000111000101111111000100011110111001001110101100000011111100000010010000010001001100111011000110100111101101110001011010010111110000101000010110000101111011010111000010010101110100010010100000010011000000011 
11001001110010111001111001110111110111001110011010001101001100100111000010010010110111011100111000011010001011110000001001001100111111101100001010000100011000101001110010010000010100111010000000100000100110110110010101000011010001110000010000110011101111001011000010101100011111110111000010100100101010100101000001110001000001111110101000100111100001110010111101000001000101011110110110111000100010010011011101111001000010111100100000101001010101110000110110001001101100000101110101000000010101000100100001110001 
01001001110011111111101111010001001001001111000011101011100001101111111101011110100110001111100100111100011010111000101111011000101101110001101110101011000010100101001101110001011010100000110001101000010110001001000110010101110111010110110011001010010011110111111011111100001011010000111000101111000001111100000000001000000010100100100110110100001101011011101011100001111011110101111001111000000001110010110111111011100100110101100000001110111010101000011100011110001100010100100100010010111011101001001111101101 
11101001010110111100100011100000100011010010001001111001100110010111100111101110100101010101000011001101001110110110111000111011101000001000111011010100101001001111101010010011010011111011110110001001011111111001010110100011010001000100111101110001100110100110110101010011111110111011110110110001111111010111001101011000000000101010011101101101110110111011110111010011010110110011010000101101100001111010100011101011100001000011001010111010011100101000011111011001110101001100110011100100000111010010000010011001 
01101001010010100110100011010100000100110100111101101101001111111001000011110111001001001100001011010010110110111011111110100010000100010110110000110101101001111001110011001001010101000101010111010011000111111101100011101100111010101110001000000101100011111111101110111001110011010001011111110001000101111001111110000011000101010010010100010010111001111101010100111111101111001111011001111100110111000000101100111110000011000110011100000010100110101101001110111000100010100110000010011100111111110010001000100111 
01011110101111100100111110101000101110110011101111110111101100100110011111010111110101101001110101010010011101101011001010001001101101111011110110111010110000101000001000111110011110011010000011110100110111000100001011100101011100110011011111111011110110011111000010100010000100111110011110111111010000101101010010111100110010001101110000000001000001101011011110010001001010111011101110011100100111100010110010010001000010011001001101111000101100001011110000011100111011011110111110101011011010010000100001111101 
11010010011111110111010100111011001111000000000110011001110111101000011111001111111010101111101111010001000100111000111110000000010111111000101001110111110001000101011110101000010000110100011101101110100111001110111001110010100001111110100000011011000000111110100111010101010011010010100000111111110111001110111000010101101100100101000101110111011110010100110101111110111111000101001110101100111100010101010100110110001000110110011110110010101011011110111100011110100010111010110101101001011001010000001001111011 
11101111010100000000110010000001010101000100010111110101000101011011110110100111010011111101011111011010011101011001100011100110110001101110101111111100011111011011001111011001100000011000010010110110100110100000010100110110000010101011111001010110110110110110110011001110101000101110010111111001010111100000011110100000110001000001010011000110110110011011001001000110000111011111011100100011101110100111101100010011111110100110110101000111000100110000010101101101110101001011110000110010011011000010000000000001 
01011101000100110110011100001000001011111101011101000001001010101101110011000010000110111010101011010101110010101011111001111111101110111111011001010111000110110011001011110010011110000101111001100011001110001011010101000101100001001111010100000101101001101001101010110111001011011101101011111010000011110011111100111100100111111011010110001000111001110111100110111001110111100111000111111101100011101001101100010010111101100010110101111001101000011000010011010110111110000110001111000011010110001001111111000111 
11110101100101101110001101111110111111100000000110110011100011011100111100010000001011111011110100000101011110111100111010101110000111101010110110110100010110010101000111101010000101010101010011110111011010000111100100011100000111001101011100001001100110011001011011110110001011001100111110011110011011110011010110100101001100100111001101111100100110001110110011110111101111010101000101000011111101000001110011001001101111110000110110111011101111110010001011011010110101100100111011110110100001001000100010010101 
11100111001110101011001111010011000010010010111010100010111000001011110100110101011001000010010010111000011010000010100110000110110010000110000111000010101011011101000100001001010000000001100111000111100001010100011001100000000011001000111100110010010100100111111101111110010001011100111000011000010100001111001000011010010000110101110001101000110100110110100011101111010111000001110111101001101100100010000001001010110101110100111101100111101101111001111100001001001000100001000010001011001000000110010000011001 
00001000001101011011010100101111101100011010110001010100011101001100110011110000000101010111111011000111000000100000110111011011101010000001000111100010011100100111000010000010101010111100000011100000100011110110000110110101011011000010010100010101001000101100101001000010000010011011111011100101000111001100001001110101110101011011010100011000000010111110111000001110000010100111000100100110010100101001000111100001101110110011100100001101010100011000010110101000010100101100000011000010111111010110001001101101 
00101001100111000001100011101111101100101001000011100111010000010100110101110111111001100001111000111010010101100000111000110000011111110001011111001100100001101110100110011111111011011101101010111101111110010101010011000001011100011110001011101110110101111111111101011110101011101010010000101100110110000011010100111110101110100101101111000111111101001111111111100010000100101011000100111111010010001100100010010011011101101100010100001011010010101101100101000010011011001100101011101010101110011101011100011111 
11111111111000111000100110110011100101111110000111100101101111010101110011101101101011110010100010000111101000111011010111100100110110011101000110001011110111000111010000011010110101000010101000001111100010001111011111110011100111001110101110111011110110111000100010101000100111010111001101100000001010010111001101010000000001011100001001110110001011001111100000001111010100111110011111011001101111011011001011010101110100101101000000111010101101001111100110110111100110101011011001011111100001111101100010101011 
10011100101011010100011111101100100110110011100011001110011000110111100111000111111101101001111101010011011101101010101000011000001101111001101110111010111000110001011100111100111111110100000001100100000010100100011011100101011100110011011011011010100001110000100100110010010101011110101101100000010100111001010010010110101000100101101010110101010000010000101010011100100110000101110110110001110111001110000000111000101010000100011001010110001011101000001110100001001111100111111001000111000000010010111000000011 
11110100000100011100111010101001000101101110110010111000100011101001111111111110111100100101001001000001100011010000001010110010010100010001110110011011111000111110010101000000100010010010001000110110110010100010100010011100101000110100100100001101100101010110101101100001010110100101110110111011000011001110100101001100001111101101011100100100101010000000100011100100111110101110101000111011000100001101011110011111100110101000000001100110111001100011100000111110101100011011101010000111110100011000100001001111 
01100101010100011010110110100001110011101001010110101110010101001100000101011001111010000110010100001111010111000000101101001100101010000100010111111100101100111011100000111001110000110111100111101101110000011110000011111001001010101010100010000100001111101011000111100110000000010010110010011100111100011111111100110111010011001100100100100011101100111011001100101001010010000011100000110000010111110100001000111101010100110000010111001101101010101010100001101001010111100010010110000011010110100000111100001001 
11001110110110110111011111100101001101000100100101111111010110110010011111110111011111001001100010101001110001111001111010000010001111011000001011011111110000101001101010101011010011000000110011110111110111010101111011001010100111000011111010101000010110001010100110110000111110111000110100110111011000110010101100111010110100010010001011100111010001011000011001100011100000011101110101110010001111111001110010000000101110000101110111111100100000101110001000010010010000000101110101101101010010111101110110000111 
11110000110101110001000000000010110000011100100011101100011000000100010000011000101100010101100100110111101111100000010101100101011111001010100011010111011001011110101100101001111010110110100001100100011101110011011011110001011011110100111001001010100100100101001100101011111010010110001101100010101111000000000001100100011001001000111111001111100011101011111110001111111010010000001100010000111010001000000011001100110110010001101001010001111101101100000001101101100011011010011000000011101001110000001110010011 
00110100101100000000011100011101111100101101110100000110001001000001010000010001011000101011111110110000110001000001000111100100011111110111000110001001010110110001010100100000111101000101001001100110100000000100001001001100101111111111011010001110001001011001111010101000011001000110001000000110000100101100010010100111111110010101100001010000000001000100111001001101101001100000111111010010011110000001101100010001001110101100110001100110110011010011100000101110001010110011101001010010110000011001100011000111 
01100100110110111000001100101011110011001101001101001000101011000000001101101101001110100000100100000001110100000101110111010010111110110100000001111010011100100110100101001100110010101010001000010000100101011010001011110011011001110010001110001100010001100101100110011111010101100011000100011100101110101100001001110011101011000010101011001001010010001101001001100000000111010000001100111110001110010010000111010111010000011000100011001000100111010010110000111100100011101101011100101110001100010011111011001001 
10110110101011100101001001011100001110000100111101110000001101111010111101111000100011111100001100110010101111110000111000111100010000001010110011100000000011010111000011111011000001011100111111111010010011100010101010011101110101001100010111010100101010011101010011001000011001011000111100101000101011111111110111010111011000101111100011111100101100101101111100111111011001010100100111110010101111101101101010110110001110101100000110011001110110010100110101010110001100111001011010010110101010010010100110100011 
00010111111000101001000011100000101101000011000110001000000000000010101010101001000001010000000011101011001000111000010101001110001100000100100000110111001111101111001101110010011110010010010010001100010011000000011101010101110110000001001001100100011101001100001010011011111110000011010110111111100100110100011001100101101101001000110100111011011010011100000101101011000100100001110011001101100001101011010111100011010110111011000101011101100001111011000011110101000100001111010001010001010100000110100000001111 
11011100000001010100001001110011101010011111000011000110000111100000001010010001111010110010111111100000100000111010110101001110010110010110111101100101101000110111011011011111111101000000011010000100010001000001000100010101111010000101101000101000001000010011000110101010000000101110101001111000100111011001110101001000101011101101001011010110101010000011010100111011000010110000011011110010010000101011000101101000111001001000111011011101000100101101110011110111111000011010110000000111111100100001110001000101 
00011111100010101111101101111101011110111111110111000100000010110100111011110111100111101011011111100100100100001111111010010100011010111110100000101111101111000000101111001111010011111011100100100001111000010110110110001001101100000010001011010000011100011001000100011100000001101101011110001011111001011100001011100100110111111101011101111011101110101011101110000100101110001110010100100100001100111010101010010001111011110001001011011100011110110010000011110110111000010000101111110110110010111000100101001101 
11000011111101001100010100011110110111101001100011011001000111011101010001010010101010101011001010100010110000000100010011100001000111000101011111000111111101111110110101111011001001010110011000110000000011100100101100110011010011001010110010010011100110000101011000100010001100000001011000110110101000000111001110010101000010101100101010110111100110100010101100011000100100001011010010111001011011101000101111011111110100011010100110000110110101000001000101000100100000010001100100111000111101100000101010110001 
00111110011010111000110010110010001001101111010100000010100110101110010100010101000010111011001111001001001011100100001111100000001001011100110110001001010000000100001000101101001010100000010010011110011111011010010001010000010011111000101111001011010100010101110010011010100001011111001010111101010100001010111011010011101110001111011110000010011011011000100110001101111110000001111001110011010011000110001011010001010111000111000101000110101000000000110101000110010011000000111000100010110001110110001101000101 
10101110111010010100011000110011000100010111000001111111001010100100110010100000101110101110100101010001001111001000010011101110111101001111101000100011000000010111111100111010111100110010001011011101111101011010010110001111010110001100010111111011101100010110111100111101101101100010110010001111110110000110000010010000001110000011111010011100011111000101010111000100110111111000011100000100100110001001001001000111110111111011000010111001111101100110111000011011111010000110000011110010000111101110111010000011 
00110001011001001100100101011010010010011011011111001000101000001100000000001000100000010100011101010110111111000100000001101101110001101111110110100000001101010110010001110101101100011111011110001000001100111010000100011101011000111101000101010111101101100101011000101110100101100111001111000000100101001101000011000100001111001101110110011000111110100111000110001100011101100010101010001100110000000110001001111111010011111110001000000011010001011011110111100101101111110010001110001100011010010010001000111101 
01011100111110001101110101001011110111100011011001110101101000110110000100000010111111101001011011000001110110101000010100111111011010010110011000000100000000000100001100111101100000110010001110111111111100011100100111110000000111011000100100100110110011011011010111000110101111100010110100111011110000001010010011110000011010101111011110110111001010000000100110101011001100111111001010011011000001000011001110110011111101111101111101010101100100110010111000101001110100010110101000101001111010010100101001111011 
00100010110011101001000011110010111100100010010000111110110101011011101100100101111001000101010101100000000101110110000110000000000001001100000110101110000001010110100100000101100001111010000110011100101101110100101010111010011110110000101001111010010110000110111101001000110000100010011100000101111000011100100011000001011110100110111011001100101010011111001110110000011011011101010000011110000010111010111111011110001100101000111010111000111011011011111100101110110011101111101000110000010001100111010110101001 
00101100101100001110011100011110011000111101111110101011011101011001010000010100011000100001011110110000110001100010110010101000100110110111010010010011000011111001000100101000111001001101001101101110000000000010110101000100001110111011011000000110100001011001111000011010000000011110011110010110000001101110001011000111011111000001100011011000000000010000001001001101101000100000110011010010010110001011111001010000010110001110110001100110110011001011011111001011111010101010010010011000110111010101011111111001 
11111000100001010000010110100110101101010000001000111011101101111011000100001010011010101100101000011011001011100000000101001011000101000001011111010000110001111111010000010010101110000000011011000110010111101001001011100110110001100000010100100111000011000100111010100011110110010010100000110100001110110011110100111011001010000010100011000100011001000000000001111011010001110001101011011011110011000010110101001101000100011010110101000111100000001101111110001100010111101010010101011000011110010001010011011111 
01100000001101010010000010000110100001000000001010111111111101000011000100001000001100010110100001011011111011110000000101101011100101000001011111010010010000100111010000110010001100000001011010011010000111101001001001110110010011111111100100101111100011110100111011101011111010110011100001110001000111110010100000011011001000000110100010000000000000010100010001111001000001110001001011011001011011000101110100101100000100001100110110101001110001001101110100001001000011110111000000011000110101010101001011110111 
00110101100100001000011001010000001100100010111001110000100111100000111110011101010101010001000000000001011011010000000110110010100100010001100110110010101000110100010001001000101001010010001010010111110000111000100100000100101100110100000010001001001101001110111111100000110011001100111110111011000011111100100001000101111011001100011010100011101000100010001011100001001011011011111011101001000001110100100001010111011001100111011010010010110110111011001110001011110011001110010100001101000001110011010011100001 
00010001110110011101000111100001100011011011110001010100111010101010001111101011001110011010100100001111001100111101001011000010011001001010101101101100111000010111111011110011000110110010111011010111101101101000101010001111110001000100100111110001010110110111100111100101111111100101101000101001111110010011111101111010100100111110011100110101010100100111101100010110000100001010000100000111111110011001000100000101111001000010001111110001101111010110110011101001110111101011011001101100100100010110111001010011 
00110000001101000110010111100001011100110000101101001100101011011000001100001001011001100011010011100110111000011110010110100001110010010001111101011000011111010011001100101101000111100000011111001111010010111001000100101100111000001110110101110100000001101001001101001100011011101000111111101100000000100000010111011100110111100110000000110111000100000100110001110111101011010100001001000011111110101111100100111110001000100101100110001101000111010001111100000001111001100001001110010100001001001110100010110011 
01100100010101111101111111110010011001110000011001100010101101011110101100101001101011001111110000101001000000100110110101101000101010010111101110101110010011100001101110010000011000001111111001101011101000101001001100001101011010010001000101011000110110110001100011100001111101100000100101111001011010011101110100011011001000000001000001010110110110010000111100100110101000010100100110111010101000110111110000001010110100010100100011001000101001000011101001111101011001100010010111010000010000000000100011110001 
10100001010001001011001001111011010001011100011000001010111011011001110100101000001010010110001010011001100010010110110101110110011110010100001001000101001101010011110110100000100001100101110100101011011000010111110000011010100011001000100000000100001001100000111101111101001011000001000001010001101111010010101101011011001101110100001110101100111100010100010001101110110001000100000010101111111100110000010010110010011011111101001011010101011110000101101010110000100011111100001001000011101001100100110000100111 
10010110101001011011001110001011111011001001100010010010010001000110111100001000110010000111110100101101000001000100010000001111111011101111001011001011110110100110101110110100101010001010101000101000111100000011010100110011000101010101010111110011011100010011010000000000000100101110001110001101010010000111001001111100111111100100100011101101101110000010101011000101010000110000101100000010000110101111011101100001000110000100110110010111011000111110000011001111110010000011010010111100111111010101001110111001 
01010101001100000110111101001101000011011111111111010001001011000010010011011010000110100010101010011001111000001100111101111111110101110110110100000010111000011000010001001100001111101110011110001011110111011011011111010101101111001010000011011100101001001110100010110011001100101111000001110111000000001100000000100001111110100001000000000011111010001111010010001000100101101000001001011100010000110010010011001010110000010110111000101010110000111011001010101000010110000001001100011101111110111111111101011111 
01001110100111001011001100011101111110001101110110000110011001101000011010110011111010101010011100100010111101001001000111000000011111110111001000101010111110110011010101110010101100100100001101110100101001001101000111110001101000111100011000001111110011110111001110011001001101111110111010111010100111001110101101000101101001010010111011000101111110100100111100111011110111000001101110011001011011101011111110011111100111101100001110111011010000110010100010100101010010001001011110001101001010010010111001011111 
11000011111000010010111100110011010101110100110110110101100100110110110010001001110001110011000010001111111000101011010111111100111111111101101010001011100110000111010110111000110000111000001101100111010010001111011101110011110010000111110110111001010100110010000101111000101101011110011111101000101100010111000111011001001111001100011001100111001010010111100100101110101111111101110100011100111111001011000010010001110000011110100110011100100100111010110111100111010100100110010111100010111110010110010001100001 
01100011010110000100111001110100000101110110000101101101101100111001100011101111001111111100001001010110011010111111101101100000000000010000110110010100001011001001011001011011010100110100010111000111010111111010101011001100111010101010101000001000010011101000111111111111001111110001110001110010101111111001111110100001010000011011011100010010011001111101010100110010101101000111010011101001111001011110101100001110010001001100011001110110100011110101111101010111100001110011110100111101000000101011110110000011 
11001011110010111100100011100110010011110110101011100001110011111111100100100111011111110100011110101000000100011010100110110000111001110100010000110010111000010010010111101101000111101110011110111111100111011011110001110001101111001011000001110010111001011110100110110011111100010111100011110001000110101100101001100010110111101001010000001011111011000101100011000100100111111100000011010000010000010000011001001000110000100111111000101001110001101011111110100100111110000001101000110101000100011111101101011111 
00010110101001011001011000111111011011001011010001010011111000100110111110001000111110110011010000101101001001010110000001011101011010000011001111000010010110000110100100110110101010011010101000101100111010100110001101101110001100001001111110001110110100001110101001100101001000100001001010110101110111111110110100111001111101100100010001000110011100110010001010101110001110010111100111101010110010001111001100011010010111001011111000010011100110101111011000111111000110111011010000001010110010001110100101111101 
00101100100011100101001011000100111010001011001001001010001011101001001100110101101100001100011011100001010111010100101000000111100000000011010101100100001011111000101001000111011111000111111110011100000111110011110010000100101111011100001001100100111011100101111000000111110010011001110000010111110011101010011100100010110100110010100110111000110011101000111001001100000111001111000010100001001010011101110000001011110100110001100011011010010111011011011010001100011011000000111011010001011111111001010100111001 
11010011101100101001010101000010100110001100000101011110001111011101000100111001101010010101001001111011000110001001110100111101101011000111010101011010001001010111100001010100010000001011111011010100111100011110001001000010111010100000011000100111100010100010010000101100010001010001101001111001010110001100110000001011100111101110011110011010111111011001110111011000111010001010101011111111001100010000001100011000100000010001100000110111000001100111101010110011000000000101010100011000111001100111110101101101 
00100111111001011011001100000011111110111111110001000000001010111000110111110111100010101001011110110110001100001111111110010010011011011110000010011101101111111000101111011100110011111010100101100111110000000110110001001001001100000100011011010000011001000011000100000010000100000101111110001110111000001101011111000100110111111001011011011111111111101111111100000110101110001110110010010110100100101010101010000011011001110011001000011101011100110110001011111110111100000011101110010110001010101000110000001001 
00110100110011010100000010101110111011101101000000011101000111010100001101101011100110111101101101000111110100111100111001110001001111110001111000111101000011010010101101110011001101000010001100000010100001101011001110001110001001100001110100011010101000001000010000100010000110110010001001010111001010001100011011000100000001110101010100101001000110110111110011000011001111111110001011110001010000111000110011001100110000000110011000100000110001101011110010100010100010100011001000111101001100110111111101111101 
