11100001010110111111011010110101111111011110111100011111111011100000001101110111110001001100100001011111111011111111110110110111110100001111010111101000100011001111010110000101111001001100011011101111110100110100110011110010111110010010011011111110000111011110001110001010010111000101100010001110100111001010011001101101011101001001110011000010010111111100111001000001001110110011111010100110111100101001001101010000010101100011001110111100101111111110000111110101011011101111111011011101010010101101111011111100 
11111101100010100000101101100000110001001011011000110110100100110010001000000000100100011100100111000001001011000001001110010101001110000110000111111000110100111100110011001000000101111010001100100000000001101101100101011001111110110010010000101011100110000000101000101111101000110001101000000100101110010001100100000110001111010101001000000000000000111001101100110010010000010101110010000010111110011000101000111001010000000001100010100100011110110000000001100111011110010110000010001110111000101010101000000101 
10000100111111100111100100111101001011110001010110011111011111110111001111110110100111110010111101001110110011110101101001000000110100010110011110010010111000110111001111110100111011000110010011001100111100110110111111110011100100001011101111110011110110100101101111111000001010111111011111011011101100001000111000011101101101001111000000011011110010111010100010010010001111111110101011000110011000001011010001010110011110111101111011100111100110001011010011101000011001100000010001001111110000100111111010011011 
11110101110110011010100001101000110011110111110110000101011101010101000001000000110000010111110000010101001111010010001001100101000000111111010110000001010000011010010010101100100000000000000001000100100101010011010000100001111000010110010010110010100101010100110010011010100010001011000101011000100110011011100010010011100110000110000110111010100001100010100001110100011001000101010100001011000010101001011110011010010100000001110111000011110011111000010001001011100010001010110110001001011000111011100101100010 
00010001100111011111001110100100101001001100100100001010000001100100011001100011100010000101101011000100010100100011110010110100001111100010011101101000011001100111000101001100110010000000010000001001011111011011010011001101100011001000101000000000000011000110000100000011111010001010001000001110010110001111110100111110010110001100000000011010000110000010010110001101010100000000011001101010001100110010010001101010000100100110010001001000110011001110001100010100111111000110111011001101010000000011101101100110 
11111001101111011011100010110010100011101011000011001101111101010100100101111111111111110111001111110011010011110111101001001000000111001100001101001001011111011000010010101000110000011010101010010111010101100011011011111100111011100100111111101011011000011001000110000001011101111001010100101101000100101011011110100111111101101100101010101111111100011011101101011001101000110100110110110101011010111101101011100100001101101111110111001101010010110001111101011011101011010111000101101001100001101011100000001011 
00110111110100100100100100111011000100111111101100011111011100111010100110011010101010000110000100001111111011100011111110011001011110100000011111111101101101100110110100000101010011100100111001011111011001111000110111111001010111101010001000001100110000111010011101110111111111100100010100001111100011111011111011010110111101100000010010101111011110101001111000011000000110010011001100011101011111110010110000100100100011001000111010111001111001110000001010111100011111000111101000011111111111010101011111101011 
01010001001001111111100110000011101111101011001010001001111000101101011111111010011100111100101110001010100111010011101001000010100001010001000011100110111101110110100001101101010111111000000111100111011011011100100001101011111010101011111000000011001001100111111111101010101111001111101101111100110101111001110100000111001010110101000101110001011000010010001010000111011001011111101101110101011111000110011111111010110010011001011011001011000000010100001001111100110110111010111111101111010000101111110101110011 
10000100110011001001010001000000011010100010000110010110000000000110000011011000110001110100111010001011000011100011100110111001010000010011101011000011111100110011110001000001110011000000110010010001100000011010110001011010010011010000101011000100100000110001011011010100100100101100001000011111110110001010001110101001101111000001011000111111101100110101001010001111101100110001101001001110100110000101110000011000011100011010101001110011001110111011010100001000000110010000010110111110010101010000100101010001 
01000011000001000010100000111010010100101101001000010000000001010000000110000101000100000000010000011011010111010000000010010000000000100101011111100010110001011010000011000110011011110000110110101011000010110010101100000100111011010110001000010000110010011110111000111010110100100011000110100110101011111111111011010001010001001101001100001101110100110111011101000011111100001011101010111110000110110011000101001000001110101100111011011001010100100100101010010011011111011101101101000010010100111111010011010001 
00101011000010001111010011000001011011001110000001000000110011000000000011100110100111100110010001001010011111110001000111111100100000111100000011011011101111010100000100001101100110000000010010111111000001001101101101010110011001100010001100011000011010001000011110000010100000011001110000101000000100010100011000101100010110010110001010100110111001011100010000101100111000100001001001001101001001001000111011111001101011101000100110110111000101101111011011000001110011111100001001110100000010101100001100011111 
00101011000111101101000000001101101111000010110000011001010111111110010110111011010001101101001001001111101000010111101101111010010100001011000010111110100110111000000100111011000010000101110010000111000010100001001110110000111000000100100110000010011100001100101110010001101101100111110010001100110010010111011010001000010000100111111101101110000100000001101101011010001011110001101110101100011001100101000000110001000100001001001000000010001000010110010001100001001101101011101000000001000111010010011001101101 
10010000000000001011001010000010010011100000001011001101011111001011011011110000101011011010100110000110001000011000110000001011100101111100011011001101011110110011000010001001011100101011000000000000110000110100110011110101001001000000011100011100010001011000100100011011100110001010101111100110010110100101011010101011001111011110100111101001100011011010100100100000010111001111000110110010010000000000010101100011010100111000101101001101101110010101000100101000111010101101000000101111000000010110011111110111 
10000110111101001110000011110100100011111100110010000110010011000010101001010001101010111100001101010111101010010111111100100111000011010100011100001010100101111011100001100011111111001111111011100010001111000110111001111010111001110010011110101001010110001111111011000011110011101010001010011001000101110100101011000110010100011100001111101110001111000110010101001000100011001100010111111110011101011000001010001001111011101100001010110100101111001100011011011110100100101111100101101111011101011100101101000111 
11100100011101011110111010010100011011110100010110011010100010010011101001110011111111111111000101010010100100100001001010011101100101011001110101101010110011110010111100101111000001011101110111101100111101000010101100110110100001100111011010101000011010010101101100111010011111101101100110100010101110010100011100101111100111000101011101001000010110011100011100111000001101010001111110100011001100001000010001111000110101011110101001000000010001111001010011011110101110100000101101111101100011100111111100010101 
10111000010110011101001101001001100101110110100101000111110110001110111111011100000010011110111110011111111111100111000100111101011011100000101000110111010000000110100011010001010000110111101010001111011011011000100001110011000110001001111000000011110001100101010011011110111001101111110000011001010010111101100000100000100111011110101101001010011101001100010101111101111100001110111000101100100111000111100000111111100011100110001010001100101110000001110110110110101110100011111010010010101111100011001100000001 
11000111000011111011100100000001010110101000011001101100110111101011011000010100101000110000010101100000101111100101111000110001101001001110101111010101110011101110001000111011011111110111011100101110010100111010001010011111110110110111110110010010110000100001011100001010100000010100000111100101001011000100001001111011001000011011110110111111111010010111011110010111010100110110000000000001100001010110100001000010100110011100111100001011110100111100001011000111101101100011000000100100010001000011000111000001 
01101010111000110011000111010110111111010110110111110010010110101000100001001001010100010110100000001011101001011010001000101101010111101000110111110001000000010110010110100110110110110111100001010110111000010011011001010101111000110111010100100000001101100010011010100101000100101010011110011001100011000101000101011011110111010111010001110111000000101011111101001011110110011100100011000101111111100100011100110101001000010010010001010100111000011000101000110110001010100001110110101010011010001111011011011101 
01011111011100000110101110111110011111110010110100011110101011101101011100000001111001111111111001100011110000010111010011111111010011011111100001001101010110111101101101111101100001010001111101110100111000100011011010001001010011011110001000110010101110100100001001011101111011111101100001101100000111011111110000001000011010100001001000100101110111111111011110110001000100100100010001110010110100010011111100101011111010101101111000011010110011010110001000011010111001001100001010100011001101011011100100011111 
10100100011101111110001011110000010001111001111001000000011010101000011101010101101011101001011001010001000111010100010011110100100110111011010010111100011101100010110011110000100111010011110001000111001110101000001001001111100110011110100100001011110000000000000100100001111001111001000011010110010110010111010000110011000010010100011111000011100000000001010010011100001111101100001100111110010110101010001010100110111100001101011010111001000000100110000011100101100111001011110110110010001111111111000101110011 
01111001001111010111110011010100010111010010101010110010110001000110100011111001100000000101100011101110101000101111110000111010001101110010010111010001101100001010001110100000110110100010100100010001100100110100000110110000100100110101011011010111110011110001011101100100000101010011101011110110110111011110010111110101110111101101111110000001000011010010101011100111001111001111111000111110111101100110000010101111001110110101110101110111101111111110010110011101110010101000111100011111011111111101010001011001 
10011011011110000001110001001000000111111110010000000001110001010011100001101100110010000000100101111110110010100101111010001100011010110101100100101100001100000100101110110000101011111111101111001100001000110010000001101011110111110010110011010001010100011001101111001101110000010000110101010101001001101011011101010011110101101000110100010011111001011000110001101101000110001111100001110111010001101101001111000110000001010110010100000000010000100000011010101000001000110001111010010100001100101111100001011011 
01011110010010101000010001000010001100010000011000010000101100001111011111100000001100000011011100001100000101000110101110000000111001000010001001010100011111111100101001011111010101010101100011101100010110100110011100101001011101010101011001010100010001110010100110000110111110000001010011010110011001110001001100100101101001101011010100001110000010110000001100000101000101011100100001100101100100010111100110100011010001001100110011111100100111001011100110110000000011101010001001110101101010100000001000000101 
00001001010100110000111111100001110000100010000010111111100101101101111010010001100110110001000001110001110111000101110100100011100100110001110010111011110010001101111100011000100101101100111101000000101101111010111111001001000001010010011011011111011111111011100011111101110101101010010011011001111010111101100011010110111110101011111101011110001001111000011001000001010100101001100010000101110111101011001011011111000101000111110110101111110010111110110000000011001001110110100110011011110011100000100111101111 
01011011011001000101000101010001000111000000100000100100100111101100000111000001111101111100001000001001011000000111110100101000110000101110000011111010011111101010110010101111100011111111011010000001000001111110110010100011101010011010110100000011100011100001001001000000000100101110001100010110111011000001101111100100111110101000100011110100010100110011001101011001100000011000010110101011011101110100101111100001101000110110101011010101100101001110110001001101100100111110111001101010000011100100001101011001 
01001100011001011000010000111010111000111110001100111011001000010110011001001001111101111010101111011011011110101101111100001001011100100001110100100011111101001111100100000111000010000000100110011000111010111110110011011000110010011110100010100011111011011011111011110101010000100010010011011011011111101100010010110101100111100110100110011101100111011101011111001010100101100111011111011010010100000111100001100010010011110001111111000100001001111111101101111101000010111100000001111111100001000011011111111111 
10100000100000111101100011100101100011101101000001000000011001010110000001101010011100011010110101100000100100111000010100111001111110010011110001110000010011111011010111100010001011011110101111011101101111000011000111100000001100001110110011110010111100110000010100001011110111100010110101000000000011011001011100110101010001101101111000011011011000110111100101100101100111111010001101100100001011111110111011111011111100110101001110100000010110000000010110101000101000110110001010010000101010110010010001010001 
00011110011110000000100101011100011100111001111110011000011110011110010101101100001000010011101110000100000011010101110110110001010010110000010001010100100110100010000010011110111001000011101011100000000100011110000100110111011110111101001101010110000010010010011100010000100010000100101011001001101000110101001010111101111010001110000110101011100011001100100101000101010110100110010010001011011010000110001011001110000000110001100100110110010000010001000110000100001111010100110111011011111111010111100010000111 
11001011101001111100001110000001001001000000001000101101111100010010000110000101100011001101100100110111011100000101101100111010101110011100010000010001000000011001110000001011011111110111001100010111110110001010000011000000111011111000010100100101110001010110000000000100100010011101000000110110100001000110100010010000011110001010001000111100111000100100010110000000111100010001001101111111001111011101001100011100000010001000111110101011101010000001000100100011010011110111110110111000100001011000100011001001 
10001111000001000001101000101001100000110101000101111111110001010110000111101101101111110000010100100100000110000000000011001000010110000001110001001010000011011011010100100111100000010010010000111100100101110101010011100100010110100011101101000000010001011100100110111000111110100011100100001000010001111000100001010001001100110000000100000000110111100111001101110100010101001101100000101011110010000010000110011011111110110001010111111010110000001100111111111011011011001010101000110010010111111001110010101101 
01100000000111100101110001101100100110111001101101100010001000001111011001011010110100100010100000001001010100011100110110000001000010111010001011001100000010110001111000011110011011110011010000100000110110111101000010001000101001111111001000101111000101011010110111010000011100101011000001011101110111000101000010100110101110011001001010011101101100100100011111010001001010000110010001011100100110011000011001000011001100111000101101011100111111111011100110100011000010100010010101100111100110110111011011100001 
01101011101111011111101001100000000000000010110100110001101000101111010100010011110011001110011100100011100111110101101011011011000000111100001000010011100010100001100101010010110010100000001111110010000111100011010010110110001001110100100010010111001110001100101001010000100001101101000001100101011100010111000111010001110110001101001000100110111000000110001010110110100011110011110100100100110000000100110001100110001110110011111010001010000000110001111011100110010110011000100111101010010111111111110010010001 
10101000001110100101000111100011010011101001111000000100111000111111111001000001101011010001110100100010011011000010011000000111100101111101011011000111111101111000101100101101101100101111011111101110011100111100010110001101110100100111100000110111001000110001011110101000101011001110110110100001000011111000011110101011011011011111101000110001000000001110001111110001110000100101000011011000000111100110101010011101100011111100101111110111100101100001001011000011101101100101001110010011110100000010001110011011 
10001000000000101111010100100010011001110010100111001010011111110101111001111000010000011000111010101100110010010000100110110111010110000110101000101100000111110001011110110101100011100000011000110010001001100111010100010011010111010100101001110011011010010110000001101010111010011000011110101010000111001101000110100011010000000101010001101001011011100000000000000101001011110110010101001100111100111101000011000110110010011100110010000100010001011110101011101010001001100010100110101101000101000011000111100001 
10001111001100010101011101000010100010111101001111010100000100110001011010001010111110011110011011010100101011010100100101111100011100111111000111100000001000001011101011100111000110110010101110000000101100010011111101011111101011000101010110010101010000011011111011111001111001011011001010011010010100111111010101011111011001101010000101000001100100111001001011000010001000100111101110011001000110101111000011111111101000000010000110110100110101110011110111110001010011011001110000111101110000101000100010011101 
00011111101101101000000000111000101100001001010100010110000000110011101110110110000111011101001000001011000011001000100110001010000100110111000011011100011101110001001000011000101000001000101010101001001001111011100101001110110101010000111110001110111100110011000010001010111001000100001100110101011101001110100011101011101100011000111100011110011100110100000101010000010101010011111000001110001000010011000101001100100101110101100011111001100111100101101001000010111000110001110010100110110100000001101100110001 
10011110000100010111101110010000110010100111101011110010101000011010100101010001101110101001001010100001011111001010110001010111100111110100111101011010001000010110111000011010100011010010001111001011001100001111011000010111110101100111010010101110010101011000000110110010101011011100101001011010000001100010011011001101111100010111011110011101010000110111010110100101111011101111100001000011010010100010101011000110010000111000110110101101000101001001100011101000100000110110000011110101001010110101110101000101 
01000010000010111110100110110010000011001111111010110101110101111110000111010011110010011011100110010011010101110011011001110010110001100011110010101110111110111100010101100111111011011111000111000010101101110001101110000000100000111010111010000100110010011001101101100011001100101000010100111110110000011001110011111001000000000100001011111100111000101111010110011010000010000110101010000110000000011011100100110000000110010100000001001000001001111100011001100101001111001111100011111000001000001011010110110001 
00101111111100011001111011011101001101101110100010111000101011101000011100101010100000110010011110110110100101100010100011011010000111000111101000000010111110100110011101100000011010111110111001101010110111001010111001111110100010011111001010010111011011111010001100101101000010111110011101010111011111010001001011111001001100000010000000110110110110010111000100010101001001000100001011010110110101100111010100000111111101111001010100101000001101001010000101111101101101100111110111001111110100101111111101001101 
01111001001011111100000001001000110010000000110000000101101011101101111000001010010101001011011101101001011111100011000001101011010101011000000010001001101100011100100011000100010111011100010101000110101111100101110110011110111010011011111111101010101110101010001101001100000000001001000000111000011011010010010101001101100001000011100001011010011011111010101101110001001101011010011101010111001001001011110111100101000000111111100001011100000101101011001010101000101110011011001111000000000011100010101000011011 
00100010000101111110101011011111010011101111111110011101111101111110011100110010011001111110011111100011000011010110101001010011110111010111101000110001111111100000100111011001010110011011010111001001000000011001011010100101111111011110101011110000111000001010000100001011010111100010000011010010001011101010001101000110010101110100111011101111010101100000111010100101110001001001110010110100110110011011001010100110100001101100001001111000010010110100101110111011001111100011101110111000001100001001101111110101 
10111110101011111111110010000011110010001000011001010001100001111010101100110110101010101000100001110101000001100111001000111100101010011001011111100011111111010000111010001010100111100110010000010110011111111001001101010100010000110011111001010001010011010001111011001010101111000010000110011101100110011010101001011110100011111010101110011000011111111100110000000001100100100011100100111000110110101001101101111010101100010111101111100001101111001111011110000100000101011000101110110001101101101101110101000011 
00101101101100111000110111001011001011110011010110111111000111000001011111011011111111000111100001010100101011000001000110010110000110011001010001010111001101000100000110110010111010001100010001011000001010001000010011010001110000010011000100011110010100100101011110111011001000110000101110111111001011100011100111101111011011110100001101010111001001101000101011101110101000101100010111101001111010001001110011111100110101011111010101000110010111101101100011000110110011100011101000001000001111101101110011101101 
00001011000011111001110101011101110110000101111110010101111111011100011110100101111100101110000100001110010001110011010110111001010110111100110111011100011011101000101001111001101100000101010010001011001100011001111101011011000100101000011001010010111011111001100011111000111111000111110111010011010001111100101010110110010101100011001000111100000001101101101101101011101010011000101111101111101000001000111101000111111011010110011111001011001011000000000001011010110110110010001111111101111000010010010111101001 
01010000011010110000100001111101000010011100100100100111000101011010110011100111100001101100011011010110001111110100001000011110001000011111011110100101110011101001011110110010000110011000000010111100000010101000101111000101010111100001110001101111100000111001010010011010001100100111100100001101011010111000010010011001010010101101000101010000100111110001001010101010000110100000011011001110100100011001110000100011000001011110001111101001010011100010011000001101100000000010010101000110110111001010111011001101 
10011110011001111100110001000101011110100111110011010000001001101110111011101101001010100001111100010101100011011110110010011000111011101110100111111110110001001101011111111111111111000100011001111110101001010101001010101011011111111111100001010001111111000001100000111001000010001100010010001011001101011111000110100000001110010001101111111011100111110101011010110101010011110011111100001101100110001110001101101010110101010100001111110110011000001011010000011111110010111000000110010010100111011110001101111101 
01110100110001011100011000101100000100010010111010011000100101110111011001000010011101110010001010001001111011000010010111111011011101001101000011110000010101110010101010011110010011000101001001110000000001111111100100011100000000010101101110000011000001010011001101110010000100000001010111111000011001011010100011110001000101110110101111000001000101000100001110100001101111001100100110000001110100010110100111000100110100100111101001111001011110001110011111000000011000011001000110110100011000011110111001101011 
11101110011011101101100001011101001010100111010010011001100111010000011001111001010000001000111011110111001100001110001101110001001101011111001011010001101110100010100001100101100101111110100011101101011011001101110011100011110010110001001101100011011110011000100010101100000000010001110000101111011100111011110100111010110010011001110011100100001110110000010101011110111001111010000111010011110100100001100011100111000010110001001011011001001100110010110000000110100111010000101110110000010011010001111111100001 
11000000001000110010101001111101111110011101010111010110000100001010011100111101100001100110111101101110011011001100111110000000110110001001011010111100010001001000111111001011111011011110100100010110000100110000011111001010101101101111101000010011010000110000111111000011100000100101011101110001000111110010000100010000000000010001000010010100000100010010011010010001111110011011111111110101101011011001100101010110101101000000011100110011000100011111101101000111111100000111001010001101000001001111001111001111 
10011011111111001010010101010001001101010111110010100111101000110010111000010010110101010111100111110011010001110000011011101011001111110111011011110011011100111000000111000101000011111100010111011110001100010111111111101100000011010110001011000011011100101101101100011101010100011110100011110100000001001011010000000111111111111011110000111100101110110011010111111001100011111001011110010111100011100000011011000110001100000100101110000001011001111010101100000011000001010110101000100101111110010001000101011001 
