10110110011010110100100100011011111011001110011111010010001010001001001011101000110010110101000000101111111001011101110000101010000101000010101111101111001000000000110100110001010010100010011001000101001011010010110110000110100100010000010010100101000000000101110101100100110101001111001001001011100110000000001100001010010101110011001000001100010011100001101011000010000000010111100000011100001011100000011011010110100101111110010010011111011100100011100111000011000111000000100011011010001111010011111000000110 
11010111111111101100100010001110110110111101111111101011010100111110111001011111011110101011011101110010101100111001101111010001111011010011101101110000110100001011000110100111111111111010000011000110111010111000010010111100001101101111010011110001101111110101110011100101101110111110000000110010101000101100101101001110101000110101010101010011001011100001111100011110011111111001110110001110000001100011000110100101101001110011101001110011111001010101111100011111010010001001011101100001100101110110000111000000 
11010111111111101100100010001110110110111101111111101011010100111110111001011111011110101011011101110010101100111001101111010001111011010011101101110000110100001011000110100111111111111010000011000110111010111000010010111100001101101111010011110001101111110101110011100101101110111110000000110010101000101100101101001110101000110101010101010011001011100001111100011110011111111001110110001110000001100011000110100101101001110011101001110011111001010101111100011111010010001001011101100001100101110110000111000000 
10110110011010110100100100011011111011001110011111010010001010001001001011101000110010110101000000101111111001011101110000101010000101000010101111101111001000000000110100110001010010100010011001000101001011010010110110000110100100010000010010100101000000000101110101100100110101001111001001001011100110000000001100001010010101110011001000001100010011100001101011000010000000010111100000011100001011100000011011010110100101111110010010011111011100100011100111000011000111000000100011011010001111010011111000000110 
11011000111110100110111011111100101101001110011001110011101111010000110010110111010101111111100111101011100101001110001101011101111110110111100001110001100101011111001110011110011101010011000010011111101001000111101101110110000010000001011101111110100100101010000011100010110101011110110101111011010011101001011111110011010111011000010101100110000100000011110100011111001101010010100001101011010000110010100100110110011111101110010001111000010100100111010001010111100010001010101011011110011100111011100011010101 
11011000111110100110111011111100101101001110011001110011101111010000110010110111010101111111100111101011100101001110001101011101111110110111100001110001100101011111001110011110011101010011000010011111101001000111101101110110000010000001011101111110100100101010000011100010110101011110110101111011010011101001011111110011010111011000010101100110000100000011110100011111001101010010100001101011010000110010100100110110011111101110010001111000010100100111010001010111100010001010101011011110011100111011100011010101 
10111101011011011010100100010001001101011110101010001110110001101001010100111010100001001100000110010110011100000101001111010011010110001101010011001100111010110101011001101111100000010011101101001100010100000100100011101000001110010010011100111011010100001110000101000100000110101101111000101000001111001001111100111110011010110110100000110000000101100001100101010011101000011010111100111100010100100100001000000001000000100101011001100101011000111000001000011001000000011110011001100010111100101110010110011100 
10111101011011011010100100010001001101011110101010001110110001101001010100111010100001001100000110010110011100000101001111010011010110001101010011001100111010110101011001101111100000010011101101001100010100000100100011101000001110010010011100111011010100001110000101000100000110101101111000101000001111001001111100111110011010110110100000110000000101100001100101010011101000011010111100111100010100100100001000000001000000100101011001100101011000111000001000011001000000011110011001100010111100101110010110011100 
11111111011101011111001110100000000010110110101110000011010001010000001110110110110111010001101111111111000111000101010000110111001000000111001100110101011101001111101111101100101011001111010000011000110101011011111101011001110010001000000101110011111001100011000000011001000110101011111100101100111000111110111010011101100011111001110101011110000100110100011010001011100101111111101110011001110010110001011000100001111110011011000000111100001100001111111101101110000101110010001111101111111000101001101110010111 
11111111011101011111001110100000000010110110101110000011010001010000001110110110110111010001101111111111000111000101010000110111001000000111001100110101011101001111101111101100101011001111010000011000110101011011111101011001110010001000000101110011111001100011000000011001000110101011111100101100111000111110111010011101100011111001110101011110000100110100011010001011100101111111101110011001110010110001011000100001111110011011000000111100001100001111111101101110000101110010001111101111111000101001101110010111 
01100001001000000110100100010000010011000100101011011011001011000100110100100111010111100000100100011101001011111111000101100111010110001000010101100100101001011001000110101001110100000100010010001000011001110100111101100010010101010100101001110010110101101000010100110000001011011101110101010111111100110001101111001100011101011000110111010101001110101111100111011000000001110000001011101001000100010010010110101000110001100100001110000100010011010100010010011001101101010101101101010100011010010100110110111001 
11100111110110010100101011110101000111011101000010111011000010100111001011101110100111101011101001110100001110001010110000110111001101010010011100111000101101001010100111110011100111011111110110011110110110010111001110101011001011001111111000101101110110111010010100010111010110111101101111111100111100100001001110010001100010001110011101101111000101010011001010001001010001010111110111011011011111010100100111001100000001001111110000010000100010001100001000100101001001000000110000111001010011110100011110110111 
11111110011101010101000101000011101001000101100110111110001010001100101011101110111000010011111000011000100110111000011000100001101001100011000111111001011010001010000110000011001011011011010111011001001110010100000010000011000100010001110000001010010011000110000101001101011001101100110111111011100010001000100110110011000110010100011001111111110111100110100000000110011001000101100011101110110010101010000001101101001100010110100001001010110111010001001001010011111100110010101110110000010110110101110000001110 
11011101001010001100011011011111110000111001100010100111011110100101010111010010011011010010111000111111100011101101100110000111101010001110111101000011101111001110001101100100101000100110000110000100000110000101111110011000010100101101011000101001111110000110111000101111010010011110010111011001101010101001011110100111011111000010110101000011101100010011011101010111001011110100100110100010101100101100010011010000100001111001001011001110001100111101110011100010100101110100111111000010001101110001110110101001 
11100111110110010100101011110101000111011101000010111011000010100111001011101110100111101011101001110100001110001010110000110111001101010010011100111000101101001010100111110011100111011111110110011110110110010111001110101011001011001111111000101101110110111010010100010111010110111101101111111100111100100001001110010001100010001110011101101111000101010011001010001001010001010111110111011011011111010100100111001100000001001111110000010000100010001100001000100101001001000000110000111001010011110100011110110111 
11011101001010001100011011011111110000111001100010100111011110100101010111010010011011010010111000111111100011101101100110000111101010001110111101000011101111001110001101100100101000100110000110000100000110000101111110011000010100101101011000101001111110000110111000101111010010011110010111011001101010101001011110100111011111000010110101000011101100010011011101010111001011110100100110100010101100101100010011010000100001111001001011001110001100111101110011100010100101110100111111000010001101110001110110101001 
00001110010101100100110011011001010010011111110010011010111001010001010000111100010000011110101100111001010100011000101101001110010101000011111011001000001001100010110111111111000101001010001000110111010001111010001110011010110000000011111011000000011101101000001001111010000001010110110101100101011001110010010101111011110001110101100010000001110001010000001010110001011101111000110100010100000110011100000101010110100111000000100001001101110111101001001001001010100110000100001011110001000111101100010100111001 
01100111100101100110110001110101010011100110000010111001101100100101010011010111110110011010111011111100011101100101101000100001011010101100010101000010101110000011111001000010111101111010100011100111011000101011011000000010100011011010111100000111101110101100111000001010111011000111111101111111101011011100011001100011101100111101111100100010110001101111010011011110100111011001010111110011111101001001101000010101010111011111001101000000101101101100011010000100110000010101000100111100100000110110111000011001 
11000011001111000110110000000100111101110100110110110101100001001000000111101011000111101011101100111111011011111000010000110110100000001000001111010101010101011110011001110001010100011110011100001000100110111001100111000001100010100000101101111111100101110010001000111100000010000100010101100011110110101100101111111101111101101110111010000100111001110001111000111011101010000101111101110111001000010011100111000100000101111101101010111001111110000101000100101011011111000101100010110111111000001101100110111001 
10101101110101001011100101010110001100110000111110101111101111001111000001110100000011001101111110100111010001000010101101010110100110101111100010000000101000101000001110101100100101000101110111100101011000101010111110011101101111101100010001011100000110011101111000010010100011001001000000101010100001100001110110011010100010101001000111111011010011010011100111110110011100000110010100110111110110110000110111101011000110010111111000100011110110110011110000100100100100100100101110110000011011001101010011101101 
01011001011011100100101000100111100101001111001110110110001011000110101011111011101110010010001000010101111010100111000110110011011110110100101011110111000000100011100111000000001001100001110010111101111011011000100100011101101001011101100000000000010001000001111100001111010001111100100000001110010010011111001000011001111100110101110010010100011100111001000110010001000100010001110011001111101101001110101000010100010110011110011000111000111101010010100111010010111000111010010100000111000100110100110000011101 
01000010111011100001111000000110000100100110110000100111111011111011000011011110010110010011110011101001110010101001010001011011010000100110110111110111000101110111001110111010000100111010010010011111011101011111001111101001101001111010111011101110000101100110111010000110010110111000001110110100111100101101011111011001110110011111100001101001001001111111101001011000110100110101011110110001110101101010101010110100010011011110001011110000111010101010101011100011000010001100111010111001000000010110110111010011 
10100001111010010010110010011100111011101110111001011001101111101010110000011101001000111010010011011100101010100111101101010001110111000111110100100001011101110001011101111010010101010000010011110010010001110000001110010010111100101000100110011101000110000101111110001010011101111100111011101110001111000010110100110111001010011011010011000001111100110110010101111011111010001111101100001100100101110010011111001111011111111110001110100101111111101100000011000011111100010001011110011000111010101011001010000001 
00001010011111110001011111110110011011100100011010000101000001001101110110101110011010010110111110111011001001101000011001010000011010110101011000010111010111011001010010101001001011111100001110110100110001010001110101110111110100101000011011110110100010100011111001011000000101101101011001111001010001100011001010110000101001101101011110010000100000110111101000010001110111100111101111111001111010011001100001100111001011011100101001110101011010011010110111101110100011010000111111100101111001001111000010101001 
01110000101010010010000010010110011001101001101010011001100110010010000000000000100010000001010010100010010100101101001001011101110010111110001100110101001000000100111001100010111011000001111101111000010010110010100010110011010100110011010110111101010111011001011001001010000010010111111011111011111011111101100111110010111100000011001000001000010001101001000101110111010100000101100010101001011001010001110100101010011110010011100100100100101011100100110010001100000111011111001110111001111011001011110110100111 
01111101001110111100011001101101001100001111101001010000100101001110100010001110001101111110100110100010111111100101110100111110101100011110110011101001011000011100111011110100101011001001010011010010111110110100011101110001100110011000110101110000110001110111101000011000110101101011010000111011100100000110010011111100100000011011011000101100110011010000011011010000101010011110111111110100001000010001000010101111011101011010101101100011010110101101001101000100011101111010111010000001010101000101001000010001 
00000110001110010100010100101000000001100010001011010100110101111001110110111110000010001100101100010001111100011001111100001000101101110100000110011001011101010111100000101100001001001110010011010111000011101101100001110000100110001011010111011011110000101111000110000001000001101001000111100010110011000111100101110001011000111000101010111000011101111101110000101110011010111100110100010111110110111001000101011001101000010110011001000110001110001110001011000001011001010001110110011011010000111000100000010101 
11000110000010100101000011111101001001010101001000100010011001101100011011011100000000000001101000101000100011010010000101111000000011101100010001101010111011010001100001101101111010011101111010110010100010110010011001000101111110001110011111110001110101010001100001110011001110101110111101101101100101101011110001000110000111011010101011001000001010000101101011101100111001001101111000110110111011001011011110110001001011100010011110001100011010001101110100001110110000110001000101111101100101010000000100111011 
10100001111010010010110010011100111011101110111001011001101111101010110000011101001000111010010011011100101010100111101101010001110111000111110100100001011101110001011101111010010101010000010011110010010001110000001110010010111100101000100110011101000110000101111110001010011101111100111011101110001111000010110100110111001010011011010011000001111100110110010101111011111010001111101100001100100101110010011111001111011111111110001110100101111111101100000011000011111100010001011110011000111010101011001010000001 
11000110000010100101000011111101001001010101001000100010011001101100011011011100000000000001101000101000100011010010000101111000000011101100010001101010111011010001100001101101111010011101111010110010100010110010011001000101111110001110011111110001110101010001100001110011001110101110111101101101100101101011110001000110000111011010101011001000001010000101101011101100111001001101111000110110111011001011011110110001001011100010011110001100011010001101110100001110110000110001000101111101100101010000000100111011 
00000110001110010100010100101000000001100010001011010100110101111001110110111110000010001100101100010001111100011001111100001000101101110100000110011001011101010111100000101100001001001110010011010111000011101101100001110000100110001011010111011011110000101111000110000001000001101001000111100010110011000111100101110001011000111000101010111000011101111101110000101110011010111100110100010111110110111001000101011001101000010110011001000110001110001110001011000001011001010001110110011011010000111000100000010101 
00001010011111110001011111110110011011100100011010000101000001001101110110101110011010010110111110111011001001101000011001010000011010110101011000010111010111011001010010101001001011111100001110110100110001010001110101110111110100101000011011110110100010100011111001011000000101101101011001111001010001100011001010110000101001101101011110010000100000110111101000010001110111100111101111111001111010011001100001100111001011011100101001110101011010011010110111101110100011010000111111100101111001001111000010101001 
01111101001110111100011001101101001100001111101001010000100101001110100010001110001101111110100110100010111111100101110100111110101100011110110011101001011000011100111011110100101011001001010011010010111110110100011101110001100110011000110101110000110001110111101000011000110101101011010000111011100100000110010011111100100000011011011000101100110011010000011011010000101010011110111111110100001000010001000010101111011101011010101101100011010110101101001101000100011101111010111010000001010101000101001000010001 
11010101010100000111011110100011010001110001010111000010011101001101000010001001110100001001001101110000111111000100001011001110110010011110101000000001110010111101110110011000010110011101011010111111100110011111000010010100011000111100001001101010100101100111101101010100011101111100011011111100011110110101100111010110011010100100101011110111110101010000010000001011000001010110110111000110110001010100011111000010101001101001001000011111100011001000000010101011000110101111110110010001101111111010010101101101 
01100111100101100110110001110101010011100110000010111001101100100101010011010111110110011010111011111100011101100101101000100001011010101100010101000010101110000011111001000010111101111010100011100111011000101011011000000010100011011010111100000111101110101100111000001010111011000111111101111111101011011100011001100011101100111101111100100010110001101111010011011110100111011001010111110011111101001001101000010101010111011111001101000000101101101100011010000100110000010101000100111100100000110110111000011001 
00011110111101000111010111001011000011001101010000000000101011111100000001111100111000110111000001011110100111010001011000001111101110110111010101111010110011000011010000000001100000101110110101110010110000101010100001111100001011000110111110001100110100000101101001011000010011111000100111110011110010000010010100110111101001111001111101100101001011011010100001100101001000010111010001111001000000000000000101101001000111001111100011111001010111101010110000011011111100000111100101000001000000000000001100011101 
01011001011011100100101000100111100101001111001110110110001011000110101011111011101110010010001000010101111010100111000110110011011110110100101011110111000000100011100111000000001001100001110010111101111011011000100100011101101001011101100000000000010001000001111100001111010001111100100000001110010010011111001000011001111100110101110010010100011100111001000110010001000100010001110011001111101101001110101000010100010110011110011000111000111101010010100111010010111000111010010100000111000100110100110000011101 
00001110010101100100110011011001010010011111110010011010111001010001010000111100010000011110101100111001010100011000101101001110010101000011111011001000001001100010110111111111000101001010001000110111010001111010001110011010110000000011111011000000011101101000001001111010000001010110110101100101011001110010010101111011110001110101100010000001110001010000001010110001011101111000110100010100000110011100000101010110100111000000100001001101110111101001001001001010100110000100001011110001000111101100010100111001 
11000011001111000110110000000100111101110100110110110101100001001000000111101011000111101011101100111111011011111000010000110110100000001000001111010101010101011110011001110001010100011110011100001000100110111001100111000001100010100000101101111111100101110010001000111100000010000100010101100011110110101100101111111101111101101110111010000100111001110001111000111011101010000101111101110111001000010011100111000100000101111101101010111001111110000101000100101011011111000101100010110111111000001101100110111001 
01000010111011100001111000000110000100100110110000100111111011111011000011011110010110010011110011101001110010101001010001011011010000100110110111110111000101110111001110111010000100111010010010011111011101011111001111101001101001111010111011101110000101100110111010000110010110111000001110110100111100101101011111011001110110011111100001101001001001111111101001011000110100110101011110110001110101101010101010110100010011011110001011110000111010101010101011100011000010001100111010111001000000010110110111010011 
01100001001000000110100100010000010011000100101011011011001011000100110100100111010111100000100100011101001011111111000101100111010110001000010101100100101001011001000110101001110100000100010010001000011001110100111101100010010101010100101001110010110101101000010100110000001011011101110101010111111100110001101111001100011101011000110111010101001110101111100111011000000001110000001011101001000100010010010110101000110001100100001110000100010011010100010010011001101101010101101101010100011010010100110110111001 
01110000101010010010000010010110011001101001101010011001100110010010000000000000100010000001010010100010010100101101001001011101110010111110001100110101001000000100111001100010111011000001111101111000010010110010100010110011010100110011010110111101010111011001011001001010000010010111111011111011111011111101100111110010111100000011001000001000010001101001000101110111010100000101100010101001011001010001110100101010011110010011100100100100101011100100110010001100000111011111001110111001111011001011110110100111 
00011110111101000111010111001011000011001101010000000000101011111100000001111100111000110111000001011110100111010001011000001111101110110111010101111010110011000011010000000001100000101110110101110010110000101010100001111100001011000110111110001100110100000101101001011000010011111000100111110011110010000010010100110111101001111001111101100101001011011010100001100101001000010111010001111001000000000000000101101001000111001111100011111001010111101010110000011011111100000111100101000001000000000000001100011101 
10111010110111011111011000001011101011010111010110100100110011111000010110011111110000010100100110111110010011100000100011011011010000101010111010011111101011111111111000010010101100111110001011011101010111001111001110100110110101011100101010001110111110100011101011101010111011010101111001100011011101100011101001000101001010000110000010010110000101111110100001011010000110101001011011100001000110101011011001010110100000000111010101111010001100100100111101000001010000001110110111111010101110011100101011111111 
11110111011000000111110101111001011111001001010111000110110101010010100110010101100111100101111001100001100110110100011110011110110111010000000111101001100100010110101111011111000101010001101100100011110000000111100101100001101000110110110101111010000111100101000110101111100110000001101000000110011110111100010011001100010010100111000000000010011011100100001001000001010001101011001111110011000100101101001110111100110111001101101000101010010001101000001110000001000010011000110101111100110001000111010110000011 
10101010100001011010110010010110101000101110111100110010110011100101010001001010101001111111101010100110011001011000011001110011100010110011101111100111101010001011110101010010000001010001011111000100000111010000101101011101111111101100111100001100000000100010100001101100000111011010000110110101111010010011111010100000111111100110010010011100001001111001101011111000011101000110101100010110100011100111010100001001001111000011110101110011100110101111111111000111010001110000001110101000100010011101000000010111 
11010110011001100111010100010100111111011111110110011100000000111111010001001001011110001010100010101010011010111101000000001000011111111100010101110100110011011110000010001111010100101011101100101100011011010000010100000010000100011010011000000010011110111001111110110001110011110100001111001001110110011111000001010101100010101100110101100100111111010011000100011001001010111000001100010110101001010001100010011000101001110100110111001000000110100100000011111011100011000110110001111101011000011101111110101001 
11011111100100101011101111000110110011100011000001100101111011010110101011100011100100101011101101001111110111011000011111101001001000010010111000101001100010010101101111000100110111001011011100101001001111000000100100001111111100000010000011000001101010101011000111000000110011001001011011101011100101100110001100111101100111111110011011000111100010011011010111001010001001101010000000100010101101110010001111011010110010000101010011101101111101101111111111111011011010100101111110111100100101101100100101000001 
00110010100011110000011000001100011000110001011110000001111001001110001011110001011110100001010110000011011110010101000001100011101011000011110001111111011101100100001100000100101001011110010100100000100100110101000010010100010110100101100010101000111011010111000001001101101100111000101011010000101110010111111110100110101111011001000110000111011110111100011111010100001010110110101100010110111110101110010110000110110110011001110010000001101011110010001111001001001000111110100000010010000010110110010101010011 
11101111001110100011111001100000110101101110001010110000001111000111011001001111001101111000000010001011001011000001001110011100010111000111111111101010100010111101011001101100101100000100111010001001000001001011100000010101011000000100001100011111100111000100101100011101111110101011011000110001001011101111100000010101111101100101000110101001111110110110111100000000101001100010100010110101110010001111110110010000011010011001100000101110001110001110100101000111011001101011000100101110111001111100100010011001 
11010011001101000000101001110100010110001001110100100111100001010110100101110111101110110001101011111110010110110100111110101001110100011100010001110100111101110100000000001111000101000010100000011000010001000110001001010011011001001111100101010000101111101000111011111101110111010110111010110011110010000011010010101000001011011101011111000100110011101111011001001100110001101100111111011100111010011010001100001110000101100000000011001000011111101111000000110010111010010110001011010101011101011000010111101001 
10001101101000010010111101110011001100100101011101011011010000101111100010010000010111010111000101001011101110001101100000001100101000000110010110000000100101001101000011101111100001011010110110110011101100011101000110011011111101010011011101001011001100001011000010100110010101111101111100101111010010011010111100000101011011101111111101000110110011100110010000011010100100010010100011111000010101110100110011101110001101011111100010110110110001101110001100010011100111110010111110111101001011000110010111001001 
01101101101010010011111111111010111101100000001010110001101101110000000011010110001101101001100000111100111011111110101111100111101110000001110110010000001011011001100001111110101010011011100001011001011111010010001100100001000001010000110110100111010101010100100111110110000000001001000000111001111100011011101010111011110010000010000101100100011110111000010100000101001110101011001110111011111110000101110011000101111100001111001000010011000110110011011111101111001000001001011010011011101111011010110110100011 
10000101011110111010101000110001010110110011100110010001001001111111101111110100010001110101011110000100011010111010100110000010000111101010001111100001101010000011001101111010000111011000111000011111111001000011001110110010100011100011010100110011001100001000111001010000100111001011101111001101000010010111000000011101101010111010110101111100110101111011110010110100010011101100110001111000010001000000111000000100100111111000101100000010100101010100100111000110011001010100100011000011101111110010111011110111 
00010110010110011000000011101001000000100011110110111111010111100101100001111111010001101001011111101111010010101000001001100011001000011101111101110010010111100010001010010010110101011011001001001100001011001011101101000101001000101100000111100001101111101001100101100100001111111000011101111101100100010111101100000111000110000100100101010100001000100101001101010011001110011101110100111010110110110001100001010000110000110110011001110101011111001111100110100110000011111000000010110111110000001101001001010011 
01000111001010000011110101000011000110100101110111101011001110000111010010011101101110000001010011110110101011100010010101010000111100000001110100000111000001110110111000100001011100000111100111011111010101011000010101001101000001100111000111110000010101111011010011010110001101100100011010010001100010010111001011101000110000101000100011001001100111011000101011001101011000001100110001110001101010001000101110110101010001111000101001111101001100001111111000000110001011100101111101100010000001000000001010000001 
01000001011111100101110000111001000001111011101000000101101100101010010000110111110000101011000011110111001101100011100111001110001111001010101011101111001011110011111011110001000010001001101011011111000010000101101101000101110010100011000001001110111101000111011111111001111010101010111010010010010010001100111101100110110110100000000011011100111100001100101000101010001001010000011100010100101100111010011000001000100110011100011001101110100110110000101001101100000100101001101111110000010111000000100111111111 
00000111000011110001110100110001010011110001011001100010000010100110000001011010110110100010111101111011100001110001111001111100101110110001011011010100111100001000111010001100101000010111100110110101010010111110000001010000111100010000101101010010000010100100010010100110111110000000100100000001101111111011001100101001110111000010111101111111111110110001100111111100011010100001100111000101101010110110000100010101010000111100011100010000000110101100100000101011000110011010101001010100011100000111110011001011 
11110101001000110100000101011001111010011010010001111111010100101011010001100000111000110001111100011001011101111111000000011000111000011010000010111100111110111110110100010010001010110111111111111000111100001111100010101100011101100010101000001011011011001011000000001111011110011100010000101000011111101101001001000011011011101101001011100001101111111101010000010011001001000111001011010100000001000001011111100001001111100111011101110110000101110001101100110110011010100101001110111000100010001100000000110011 
11000111111000001001000010011110011111100010001000110110110011010000100010111111010111010010111000100000111100100101110100111010000000110110000110000001010000000001110100001100011100111011000011010000010110100100001100001110011001110000110011000000100000110101001001110100001010101100011111001100010010100001110000100000010101110000000100011001111010001011110010110101111001111101100101011101011111000001011000001110101100111111001110000110011001111100010011110111000101111111111001001000111111011000010111001110 
01000001011111100101110000111001000001111011101000000101101100101010010000110111110000101011000011110111001101100011100111001110001111001010101011101111001011110011111011110001000010001001101011011111000010000101101101000101110010100011000001001110111101000111011111111001111010101010111010010010010010001100111101100110110110100000000011011100111100001100101000101010001001010000011100010100101100111010011000001000100110011100011001101110100110110000101001101100000100101001101111110000010111000000100111111111 
00100000011001000001001100011110101011001010111101000101001010001110011111110100110110001101111110101101011111000111110100011000111000000010110100011100101000101100010101000110111101000000001000100100110110100101011001101011011100101111101011001001001101100001101100111000010111101011100010101111000001110101010110100011110010111011101110111011001111111001110110110100000000011000010000100010001001100111010011101011001011010101110100011001111000010011101100001001111010111111001000110111100001010100111011100001 
00010110010110011000000011101001000000100011110110111111010111100101100001111111010001101001011111101111010010101000001001100011001000011101111101110010010111100010001010010010110101011011001001001100001011001011101101000101001000101100000111100001101111101001100101100100001111111000011101111101100100010111101100000111000110000100100101010100001000100101001101010011001110011101110100111010110110110001100001010000110000110110011001110101011111001111100110100110000011111000000010110111110000001101001001010011 
11110101001000110100000101011001111010011010010001111111010100101011010001100000111000110001111100011001011101111111000000011000111000011010000010111100111110111110110100010010001010110111111111111000111100001111100010101100011101100010101000001011011011001011000000001111011110011100010000101000011111101101001001000011011011101101001011100001101111111101010000010011001001000111001011010100000001000001011111100001001111100111011101110110000101110001101100110110011010100101001110111000100010001100000000110011 
11010110011001100111010100010100111111011111110110011100000000111111010001001001011110001010100010101010011010111101000000001000011111111100010101110100110011011110000010001111010100101011101100101100011011010000010100000010000100011010011000000010011110111001111110110001110011110100001111001001110110011111000001010101100010101100110101100100111111010011000100011001001010111000001100010110101001010001100010011000101001110100110111001000000110100100000011111011100011000110110001111101011000011101111110101001 
11101111001110100011111001100000110101101110001010110000001111000111011001001111001101111000000010001011001011000001001110011100010111000111111111101010100010111101011001101100101100000100111010001001000001001011100000010101011000000100001100011111100111000100101100011101111110101011011000110001001011101111100000010101111101100101000110101001111110110110111100000000101001100010100010110101110010001111110110010000011010011001100000101110001110001110100101000111011001101011000100101110111001111100100010011001 
10001101101000010010111101110011001100100101011101011011010000101111100010010000010111010111000101001011101110001101100000001100101000000110010110000000100101001101000011101111100001011010110110110011101100011101000110011011111101010011011101001011001100001011000010100110010101111101111100101111010010011010111100000101011011101111111101000110110011100110010000011010100100010010100011111000010101110100110011101110001101011111100010110110110001101110001100010011100111110010111110111101001011000110010111001001 
10000101011110111010101000110001010110110011100110010001001001111111101111110100010001110101011110000100011010111010100110000010000111101010001111100001101010000011001101111010000111011000111000011111111001000011001110110010100011100011010100110011001100001000111001010000100111001011101111001101000010010111000000011101101010111010110101111100110101111011110010110100010011101100110001111000010001000000111000000100100111111000101100000010100101010100100111000110011001010100100011000011101111110010111011110111 
00110010100011110000011000001100011000110001011110000001111001001110001011110001011110100001010110000011011110010101000001100011101011000011110001111111011101100100001100000100101001011110010100100000100100110101000010010100010110100101100010101000111011010111000001001101101100111000101011010000101110010111111110100110101111011001000110000111011110111100011111010100001010110110101100010110111110101110010110000110110110011001110010000001101011110010001111001001001000111110100000010010000010110110010101010011 
11110111011000000111110101111001011111001001010111000110110101010010100110010101100111100101111001100001100110110100011110011110110111010000000111101001100100010110101111011111000101010001101100100011110000000111100101100001101000110110110101111010000111100101000110101111100110000001101000000110011110111100010011001100010010100111000000000010011011100100001001000001010001101011001111110011000100101101001110111100110111001101101000101010010001101000001110000001000010011000110101111100110001000111010110000011 
10111010110111011111011000001011101011010111010110100100110011111000010110011111110000010100100110111110010011100000100011011011010000101010111010011111101011111111111000010010101100111110001011011101010111001111001110100110110101011100101010001110111110100011101011101010111011010101111001100011011101100011101001000101001010000110000010010110000101111110100001011010000110101001011011100001000110101011011001010110100000000111010101111010001100100100111101000001010000001110110111111010101110011100101011111111 
01000111001010000011110101000011000110100101110111101011001110000111010010011101101110000001010011110110101011100010010101010000111100000001110100000111000001110110111000100001011100000111100111011111010101011000010101001101000001100111000111110000010101111011010011010110001101100100011010010001100010010111001011101000110000101000100011001001100111011000101011001101011000001100110001110001101010001000101110110101010001111000101001111101001100001111111000000110001011100101111101100010000001000000001010000001 
10001101110011101001101100101100100000110101111000101100010111011000101001100101110000100111110000100101100101001011100010000011011000011011100010111100100001101100111101101111001110110100100000001110010001001110010101111000100111100110110010010001011101000010000000111101101101110010010100000110100010011111100011011111000010000000011100010100111011110100100010111100110010110100100110001010100011100000011111101011001110111010111110011110111010011111111000101110011100011010111001111100111011110000010001100111 
11011111100100101011101111000110110011100011000001100101111011010110101011100011100100101011101101001111110111011000011111101001001000010010111000101001100010010101101111000100110111001011011100101001001111000000100100001111111100000010000011000001101010101011000111000000110011001001011011101011100101100110001100111101100111111110011011000111100010011011010111001010001001101010000000100010101101110010001111011010110010000101010011101101111101101111111111111011011010100101111110111100100101101100100101000001 
00000111000011110001110100110001010011110001011001100010000010100110000001011010110110100010111101111011100001110001111001111100101110110001011011010100111100001000111010001100101000010111100110110101010010111110000001010000111100010000101101010010000010100100010010100110111110000000100100000001101111111011001100101001110111000010111101111111111110110001100111111100011010100001100111000101101010110110000100010101010000111100011100010000000110101100100000101011000110011010101001010100011100000111110011001011 
01101101101010010011111111111010111101100000001010110001101101110000000011010110001101101001100000111100111011111110101111100111101110000001110110010000001011011001100001111110101010011011100001011001011111010010001100100001000001010000110110100111010101010100100111110110000000001001000000111001111100011011101010111011110010000010000101100100011110111000010100000101001110101011001110111011111110000101110011000101111100001111001000010011000110110011011111101111001000001001011010011011101111011010110110100011 
10110110011010110100100100011011111011001110011111010010001010001001001011101000110010110101000000101111111001011101110000101010000101000010101111101111001000000000110100110001010010100010011001000101001011010010110110000110100100010000010010100101000000000101110101100100110101001111001001001011100110000000001100001010010101110011001000001100010011100001101011000010000000010111100000011100001011100000011011010110100101111110010010011111011100100011100111000011000111000000100011011010001111010011111000000110 
11010111111111101100100010001110110110111101111111101011010100111110111001011111011110101011011101110010101100111001101111010001111011010011101101110000110100001011000110100111111111111010000011000110111010111000010010111100001101101111010011110001101111110101110011100101101110111110000000110010101000101100101101001110101000110101010101010011001011100001111100011110011111111001110110001110000001100011000110100101101001110011101001110011111001010101111100011111010010001001011101100001100101110110000111000000 
11011000111110100110111011111100101101001110011001110011101111010000110010110111010101111111100111101011100101001110001101011101111110110111100001110001100101011111001110011110011101010011000010011111101001000111101101110110000010000001011101111110100100101010000011100010110101011110110101111011010011101001011111110011010111011000010101100110000100000011110100011111001101010010100001101011010000110010100100110110011111101110010001111000010100100111010001010111100010001010101011011110011100111011100011010101 
10111101011011011010100100010001001101011110101010001110110001101001010100111010100001001100000110010110011100000101001111010011010110001101010011001100111010110101011001101111100000010011101101001100010100000100100011101000001110010010011100111011010100001110000101000100000110101101111000101000001111001001111100111110011010110110100000110000000101100001100101010011101000011010111100111100010100100100001000000001000000100101011001100101011000111000001000011001000000011110011001100010111100101110010110011100 
11111111011101011111001110100000000010110110101110000011010001010000001110110110110111010001101111111111000111000101010000110111001000000111001100110101011101001111101111101100101011001111010000011000110101011011111101011001110010001000000101110011111001100011000000011001000110101011111100101100111000111110111010011101100011111001110101011110000100110100011010001011100101111111101110011001110010110001011000100001111110011011000000111100001100001111111101101110000101110010001111101111111000101001101110010111 
11100111110110010100101011110101000111011101000010111011000010100111001011101110100111101011101001110100001110001010110000110111001101010010011100111000101101001010100111110011100111011111110110011110110110010111001110101011001011001111111000101101110110111010010100010111010110111101101111111100111100100001001110010001100010001110011101101111000101010011001010001001010001010111110111011011011111010100100111001100000001001111110000010000100010001100001000100101001001000000110000111001010011110100011110110111 
11011101001010001100011011011111110000111001100010100111011110100101010111010010011011010010111000111111100011101101100110000111101010001110111101000011101111001110001101100100101000100110000110000100000110000101111110011000010100101101011000101001111110000110111000101111010010011110010111011001101010101001011110100111011111000010110101000011101100010011011101010111001011110100100110100010101100101100010011010000100001111001001011001110001100111101110011100010100101110100111111000010001101110001110110101001 
00000110001110010100010100101000000001100010001011010100110101111001110110111110000010001100101100010001111100011001111100001000101101110100000110011001011101010111100000101100001001001110010011010111000011101101100001110000100110001011010111011011110000101111000110000001000001101001000111100010110011000111100101110001011000111000101010111000011101111101110000101110011010111100110100010111110110111001000101011001101000010110011001000110001110001110001011000001011001010001110110011011010000111000100000010101 
10100001111010010010110010011100111011101110111001011001101111101010110000011101001000111010010011011100101010100111101101010001110111000111110100100001011101110001011101111010010101010000010011110010010001110000001110010010111100101000100110011101000110000101111110001010011101111100111011101110001111000010110100110111001010011011010011000001111100110110010101111011111010001111101100001100100101110010011111001111011111111110001110100101111111101100000011000011111100010001011110011000111010101011001010000001 
11000110000010100101000011111101001001010101001000100010011001101100011011011100000000000001101000101000100011010010000101111000000011101100010001101010111011010001100001101101111010011101111010110010100010110010011001000101111110001110011111110001110101010001100001110011001110101110111101101101100101101011110001000110000111011010101011001000001010000101101011101100111001001101111000110110111011001011011110110001001011100010011110001100011010001101110100001110110000110001000101111101100101010000000100111011 
01111101001110111100011001101101001100001111101001010000100101001110100010001110001101111110100110100010111111100101110100111110101100011110110011101001011000011100111011110100101011001001010011010010111110110100011101110001100110011000110101110000110001110111101000011000110101101011010000111011100100000110010011111100100000011011011000101100110011010000011011010000101010011110111111110100001000010001000010101111011101011010101101100011010110101101001101000100011101111010111010000001010101000101001000010001 
00001010011111110001011111110110011011100100011010000101000001001101110110101110011010010110111110111011001001101000011001010000011010110101011000010111010111011001010010101001001011111100001110110100110001010001110101110111110100101000011011110110100010100011111001011000000101101101011001111001010001100011001010110000101001101101011110010000100000110111101000010001110111100111101111111001111010011001100001100111001011011100101001110101011010011010110111101110100011010000111111100101111001001111000010101001 
11010101010100000111011110100011010001110001010111000010011101001101000010001001110100001001001101110000111111000100001011001110110010011110101000000001110010111101110110011000010110011101011010111111100110011111000010010100011000111100001001101010100101100111101101010100011101111100011011111100011110110101100111010110011010100100101011110111110101010000010000001011000001010110110111000110110001010100011111000010101001101001001000011111100011001000000010101011000110101111110110010001101111111010010101101101 
01000010111011100001111000000110000100100110110000100111111011111011000011011110010110010011110011101001110010101001010001011011010000100110110111110111000101110111001110111010000100111010010010011111011101011111001111101001101001111010111011101110000101100110111010000110010110111000001110110100111100101101011111011001110110011111100001101001001001111111101001011000110100110101011110110001110101101010101010110100010011011110001011110000111010101010101011100011000010001100111010111001000000010110110111010011 
01011001011011100100101000100111100101001111001110110110001011000110101011111011101110010010001000010101111010100111000110110011011110110100101011110111000000100011100111000000001001100001110010111101111011011000100100011101101001011101100000000000010001000001111100001111010001111100100000001110010010011111001000011001111100110101110010010100011100111001000110010001000100010001110011001111101101001110101000010100010110011110011000111000111101010010100111010010111000111010010100000111000100110100110000011101 
00001110010101100100110011011001010010011111110010011010111001010001010000111100010000011110101100111001010100011000101101001110010101000011111011001000001001100010110111111111000101001010001000110111010001111010001110011010110000000011111011000000011101101000001001111010000001010110110101100101011001110010010101111011110001110101100010000001110001010000001010110001011101111000110100010100000110011100000101010110100111000000100001001101110111101001001001001010100110000100001011110001000111101100010100111001 
11000011001111000110110000000100111101110100110110110101100001001000000111101011000111101011101100111111011011111000010000110110100000001000001111010101010101011110011001110001010100011110011100001000100110111001100111000001100010100000101101111111100101110010001000111100000010000100010101100011110110101100101111111101111101101110111010000100111001110001111000111011101010000101111101110111001000010011100111000100000101111101101010111001111110000101000100101011011111000101100010110111111000001101100110111001 
01100111100101100110110001110101010011100110000010111001101100100101010011010111110110011010111011111100011101100101101000100001011010101100010101000010101110000011111001000010111101111010100011100111011000101011011000000010100011011010111100000111101110101100111000001010111011000111111101111111101011011100011001100011101100111101111100100010110001101111010011011110100111011001010111110011111101001001101000010101010111011111001101000000101101101100011010000100110000010101000100111100100000110110111000011001 
01100001001000000110100100010000010011000100101011011011001011000100110100100111010111100000100100011101001011111111000101100111010110001000010101100100101001011001000110101001110100000100010010001000011001110100111101100010010101010100101001110010110101101000010100110000001011011101110101010111111100110001101111001100011101011000110111010101001110101111100111011000000001110000001011101001000100010010010110101000110001100100001110000100010011010100010010011001101101010101101101010100011010010100110110111001 
01110000101010010010000010010110011001101001101010011001100110010010000000000000100010000001010010100010010100101101001001011101110010111110001100110101001000000100111001100010111011000001111101111000010010110010100010110011010100110011010110111101010111011001011001001010000010010111111011111011111011111101100111110010111100000011001000001000010001101001000101110111010100000101100010101001011001010001110100101010011110010011100100100100101011100100110010001100000111011111001110111001111011001011110110100111 
00011110111101000111010111001011000011001101010000000000101011111100000001111100111000110111000001011110100111010001011000001111101110110111010101111010110011000011010000000001100000101110110101110010110000101010100001111100001011000110111110001100110100000101101001011000010011111000100111110011110010000010010100110111101001111001111101100101001011011010100001100101001000010111010001111001000000000000000101101001000111001111100011111001010111101010110000011011111100000111100101000001000000000000001100011101 
11010110011001100111010100010100111111011111110110011100000000111111010001001001011110001010100010101010011010111101000000001000011111111100010101110100110011011110000010001111010100101011101100101100011011010000010100000010000100011010011000000010011110111001111110110001110011110100001111001001110110011111000001010101100010101100110101100100111111010011000100011001001010111000001100010110101001010001100010011000101001110100110111001000000110100100000011111011100011000110110001111101011000011101111110101001 
11011111100100101011101111000110110011100011000001100101111011010110101011100011100100101011101101001111110111011000011111101001001000010010111000101001100010010101101111000100110111001011011100101001001111000000100100001111111100000010000011000001101010101011000111000000110011001001011011101011100101100110001100111101100111111110011011000111100010011011010111001010001001101010000000100010101101110010001111011010110010000101010011101101111101101111111111111011011010100101111110111100100101101100100101000001 
00100000011001000001001100011110101011001010111101000101001010001110011111110100110110001101111110101101011111000111110100011000111000000010110100011100101000101100010101000110111101000000001000100100110110100101011001101011011100101111101011001001001101100001101100111000010111101011100010101111000001110101010110100011110010111011101110111011001111111001110110110100000000011000010000100010001001100111010011101011001011010101110100011001111000010011101100001001111010111111001000110111100001010100111011100001 
11110111011000000111110101111001011111001001010111000110110101010010100110010101100111100101111001100001100110110100011110011110110111010000000111101001100100010110101111011111000101010001101100100011110000000111100101100001101000110110110101111010000111100101000110101111100110000001101000000110011110111100010011001100010010100111000000000010011011100100001001000001010001101011001111110011000100101101001110111100110111001101101000101010010001101000001110000001000010011000110101111100110001000111010110000011 
00110010100011110000011000001100011000110001011110000001111001001110001011110001011110100001010110000011011110010101000001100011101011000011110001111111011101100100001100000100101001011110010100100000100100110101000010010100010110100101100010101000111011010111000001001101101100111000101011010000101110010111111110100110101111011001000110000111011110111100011111010100001010110110101100010110111110101110010110000110110110011001110010000001101011110010001111001001001000111110100000010010000010110110010101010011 
10001101101000010010111101110011001100100101011101011011010000101111100010010000010111010111000101001011101110001101100000001100101000000110010110000000100101001101000011101111100001011010110110110011101100011101000110011011111101010011011101001011001100001011000010100110010101111101111100101111010010011010111100000101011011101111111101000110110011100110010000011010100100010010100011111000010101110100110011101110001101011111100010110110110001101110001100010011100111110010111110111101001011000110010111001001 
01000001011111100101110000111001000001111011101000000101101100101010010000110111110000101011000011110111001101100011100111001110001111001010101011101111001011110011111011110001000010001001101011011111000010000101101101000101110010100011000001001110111101000111011111111001111010101010111010010010010010001100111101100110110110100000000011011100111100001100101000101010001001010000011100010100101100111010011000001000100110011100011001101110100110110000101001101100000100101001101111110000010111000000100111111111 
00010110010110011000000011101001000000100011110110111111010111100101100001111111010001101001011111101111010010101000001001100011001000011101111101110010010111100010001010010010110101011011001001001100001011001011101101000101001000101100000111100001101111101001100101100100001111111000011101111101100100010111101100000111000110000100100101010100001000100101001101010011001110011101110100111010110110110001100001010000110000110110011001110101011111001111100110100110000011111000000010110111110000001101001001010011 
10111010110111011111011000001011101011010111010110100100110011111000010110011111110000010100100110111110010011100000100011011011010000101010111010011111101011111111111000010010101100111110001011011101010111001111001110100110110101011100101010001110111110100011101011101010111011010101111001100011011101100011101001000101001010000110000010010110000101111110100001011010000110101001011011100001000110101011011001010110100000000111010101111010001100100100111101000001010000001110110111111010101110011100101011111111 
11110101001000110100000101011001111010011010010001111111010100101011010001100000111000110001111100011001011101111111000000011000111000011010000010111100111110111110110100010010001010110111111111111000111100001111100010101100011101100010101000001011011011001011000000001111011110011100010000101000011111101101001001000011011011101101001011100001101111111101010000010011001001000111001011010100000001000001011111100001001111100111011101110110000101110001101100110110011010100101001110111000100010001100000000110011 
00000101101111011110101000011100110101000111010100110001111111001100111101011000010001111010011101100001101000001010101111111101101111110100001000110110101001101100111100100110000010101100000110010001110000110101110010010100000100010101100001111000001001110000101000101001000100010001101000110011011111111111010001100001110001101010100100110010110111000101011110000011001100010110010010001011011001111010101100011101000101000111101001011111111011101001011110100100011100000111010111100100101110010001100101111011 
11101111001110100011111001100000110101101110001010110000001111000111011001001111001101111000000010001011001011000001001110011100010111000111111111101010100010111101011001101100101100000100111010001001000001001011100000010101011000000100001100011111100111000100101100011101111110101011011000110001001011101111100000010101111101100101000110101001111110110110111100000000101001100010100010110101110010001111110110010000011010011001100000101110001110001110100101000111011001101011000100101110111001111100100010011001 
11000111111000001001000010011110011111100010001000110110110011010000100010111111010111010010111000100000111100100101110100111010000000110110000110000001010000000001110100001100011100111011000011010000010110100100001100001110011001110000110011000000100000110101001001110100001010101100011111001100010010100001110000100000010101110000000100011001111010001011110010110101111001111101100101011101011111000001011000001110101100111111001110000110011001111100010011110111000101111111111001001000111111011000010111001110 
01101101101010010011111111111010111101100000001010110001101101110000000011010110001101101001100000111100111011111110101111100111101110000001110110010000001011011001100001111110101010011011100001011001011111010010001100100001000001010000110110100111010101010100100111110110000000001001000000111001111100011011101010111011110010000010000101100100011110111000010100000101001110101011001110111011111110000101110011000101111100001111001000010011000110110011011111101111001000001001011010011011101111011010110110100011 
01000111001010000011110101000011000110100101110111101011001110000111010010011101101110000001010011110110101011100010010101010000111100000001110100000111000001110110111000100001011100000111100111011111010101011000010101001101000001100111000111110000010101111011010011010110001101100100011010010001100010010111001011101000110000101000100011001001100111011000101011001101011000001100110001110001101010001000101110110101010001111000101001111101001100001111111000000110001011100101111101100010000001000000001010000001 
00000111000011110001110100110001010011110001011001100010000010100110000001011010110110100010111101111011100001110001111001111100101110110001011011010100111100001000111010001100101000010111100110110101010010111110000001010000111100010000101101010010000010100100010010100110111110000000100100000001101111111011001100101001110111000010111101111111111110110001100111111100011010100001100111000101101010110110000100010101010000111100011100010000000110101100100000101011000110011010101001010100011100000111110011001011 
10001101110011101001101100101100100000110101111000101100010111011000101001100101110000100111110000100101100101001011100010000011011000011011100010111100100001101100111101101111001110110100100000001110010001001110010101111000100111100110110010010001011101000010000000111101101101110010010100000110100010011111100011011111000010000000011100010100111011110100100010111100110010110100100110001010100011100000011111101011001110111010111110011110111010011111111000101110011100011010111001111100111011110000010001100111 
11010111111111101100100010001110110110111101111111101011010100111110111001011111011110101011011101110010101100111001101111010001111011010011101101110000110100001011000110100111111111111010000011000110111010111000010010111100001101101111010011110001101111110101110011100101101110111110000000110010101000101100101101001110101000110101010101010011001011100001111100011110011111111001110110001110000001100011000110100101101001110011101001110011111001010101111100011111010010001001011101100001100101110110000111000000 
10110110011010110100100100011011111011001110011111010010001010001001001011101000110010110101000000101111111001011101110000101010000101000010101111101111001000000000110100110001010010100010011001000101001011010010110110000110100100010000010010100101000000000101110101100100110101001111001001001011100110000000001100001010010101110011001000001100010011100001101011000010000000010111100000011100001011100000011011010110100101111110010010011111011100100011100111000011000111000000100011011010001111010011111000000110 
11011000111110100110111011111100101101001110011001110011101111010000110010110111010101111111100111101011100101001110001101011101111110110111100001110001100101011111001110011110011101010011000010011111101001000111101101110110000010000001011101111110100100101010000011100010110101011110110101111011010011101001011111110011010111011000010101100110000100000011110100011111001101010010100001101011010000110010100100110110011111101110010001111000010100100111010001010111100010001010101011011110011100111011100011010101 
10111101011011011010100100010001001101011110101010001110110001101001010100111010100001001100000110010110011100000101001111010011010110001101010011001100111010110101011001101111100000010011101101001100010100000100100011101000001110010010011100111011010100001110000101000100000110101101111000101000001111001001111100111110011010110110100000110000000101100001100101010011101000011010111100111100010100100100001000000001000000100101011001100101011000111000001000011001000000011110011001100010111100101110010110011100 
11111111011101011111001110100000000010110110101110000011010001010000001110110110110111010001101111111111000111000101010000110111001000000111001100110101011101001111101111101100101011001111010000011000110101011011111101011001110010001000000101110011111001100011000000011001000110101011111100101100111000111110111010011101100011111001110101011110000100110100011010001011100101111111101110011001110010110001011000100001111110011011000000111100001100001111111101101110000101110010001111101111111000101001101110010111 
11100111110110010100101011110101000111011101000010111011000010100111001011101110100111101011101001110100001110001010110000110111001101010010011100111000101101001010100111110011100111011111110110011110110110010111001110101011001011001111111000101101110110111010010100010111010110111101101111111100111100100001001110010001100010001110011101101111000101010011001010001001010001010111110111011011011111010100100111001100000001001111110000010000100010001100001000100101001001000000110000111001010011110100011110110111 
11011101001010001100011011011111110000111001100010100111011110100101010111010010011011010010111000111111100011101101100110000111101010001110111101000011101111001110001101100100101000100110000110000100000110000101111110011000010100101101011000101001111110000110111000101111010010011110010111011001101010101001011110100111011111000010110101000011101100010011011101010111001011110100100110100010101100101100010011010000100001111001001011001110001100111101110011100010100101110100111111000010001101110001110110101001 
01111101001110111100011001101101001100001111101001010000100101001110100010001110001101111110100110100010111111100101110100111110101100011110110011101001011000011100111011110100101011001001010011010010111110110100011101110001100110011000110101110000110001110111101000011000110101101011010000111011100100000110010011111100100000011011011000101100110011010000011011010000101010011110111111110100001000010001000010101111011101011010101101100011010110101101001101000100011101111010111010000001010101000101001000010001 
10100001111010010010110010011100111011101110111001011001101111101010110000011101001000111010010011011100101010100111101101010001110111000111110100100001011101110001011101111010010101010000010011110010010001110000001110010010111100101000100110011101000110000101111110001010011101111100111011101110001111000010110100110111001010011011010011000001111100110110010101111011111010001111101100001100100101110010011111001111011111111110001110100101111111101100000011000011111100010001011110011000111010101011001010000001 
00000110001110010100010100101000000001100010001011010100110101111001110110111110000010001100101100010001111100011001111100001000101101110100000110011001011101010111100000101100001001001110010011010111000011101101100001110000100110001011010111011011110000101111000110000001000001101001000111100010110011000111100101110001011000111000101010111000011101111101110000101110011010111100110100010111110110111001000101011001101000010110011001000110001110001110001011000001011001010001110110011011010000111000100000010101 
00001010011111110001011111110110011011100100011010000101000001001101110110101110011010010110111110111011001001101000011001010000011010110101011000010111010111011001010010101001001011111100001110110100110001010001110101110111110100101000011011110110100010100011111001011000000101101101011001111001010001100011001010110000101001101101011110010000100000110111101000010001110111100111101111111001111010011001100001100111001011011100101001110101011010011010110111101110100011010000111111100101111001001111000010101001 
11000110000010100101000011111101001001010101001000100010011001101100011011011100000000000001101000101000100011010010000101111000000011101100010001101010111011010001100001101101111010011101111010110010100010110010011001000101111110001110011111110001110101010001100001110011001110101110111101101101100101101011110001000110000111011010101011001000001010000101101011101100111001001101111000110110111011001011011110110001001011100010011110001100011010001101110100001110110000110001000101111101100101010000000100111011 
01100111100101100110110001110101010011100110000010111001101100100101010011010111110110011010111011111100011101100101101000100001011010101100010101000010101110000011111001000010111101111010100011100111011000101011011000000010100011011010111100000111101110101100111000001010111011000111111101111111101011011100011001100011101100111101111100100010110001101111010011011110100111011001010111110011111101001001101000010101010111011111001101000000101101101100011010000100110000010101000100111100100000110110111000011001 
01000010111011100001111000000110000100100110110000100111111011111011000011011110010110010011110011101001110010101001010001011011010000100110110111110111000101110111001110111010000100111010010010011111011101011111001111101001101001111010111011101110000101100110111010000110010110111000001110110100111100101101011111011001110110011111100001101001001001111111101001011000110100110101011110110001110101101010101010110100010011011110001011110000111010101010101011100011000010001100111010111001000000010110110111010011 
01011001011011100100101000100111100101001111001110110110001011000110101011111011101110010010001000010101111010100111000110110011011110110100101011110111000000100011100111000000001001100001110010111101111011011000100100011101101001011101100000000000010001000001111100001111010001111100100000001110010010011111001000011001111100110101110010010100011100111001000110010001000100010001110011001111101101001110101000010100010110011110011000111000111101010010100111010010111000111010010100000111000100110100110000011101 
00001110010101100100110011011001010010011111110010011010111001010001010000111100010000011110101100111001010100011000101101001110010101000011111011001000001001100010110111111111000101001010001000110111010001111010001110011010110000000011111011000000011101101000001001111010000001010110110101100101011001110010010101111011110001110101100010000001110001010000001010110001011101111000110100010100000110011100000101010110100111000000100001001101110111101001001001001010100110000100001011110001000111101100010100111001 
11010101010100000111011110100011010001110001010111000010011101001101000010001001110100001001001101110000111111000100001011001110110010011110101000000001110010111101110110011000010110011101011010111111100110011111000010010100011000111100001001101010100101100111101101010100011101111100011011111100011110110101100111010110011010100100101011110111110101010000010000001011000001010110110111000110110001010100011111000010101001101001001000011111100011001000000010101011000110101111110110010001101111111010010101101101 
11000011001111000110110000000100111101110100110110110101100001001000000111101011000111101011101100111111011011111000010000110110100000001000001111010101010101011110011001110001010100011110011100001000100110111001100111000001100010100000101101111111100101110010001000111100000010000100010101100011110110101100101111111101111101101110111010000100111001110001111000111011101010000101111101110111001000010011100111000100000101111101101010111001111110000101000100101011011111000101100010110111111000001101100110111001 
01100001001000000110100100010000010011000100101011011011001011000100110100100111010111100000100100011101001011111111000101100111010110001000010101100100101001011001000110101001110100000100010010001000011001110100111101100010010101010100101001110010110101101000010100110000001011011101110101010111111100110001101111001100011101011000110111010101001110101111100111011000000001110000001011101001000100010010010110101000110001100100001110000100010011010100010010011001101101010101101101010100011010010100110110111001 
01110000101010010010000010010110011001101001101010011001100110010010000000000000100010000001010010100010010100101101001001011101110010111110001100110101001000000100111001100010111011000001111101111000010010110010100010110011010100110011010110111101010111011001011001001010000010010111111011111011111011111101100111110010111100000011001000001000010001101001000101110111010100000101100010101001011001010001110100101010011110010011100100100100101011100100110010001100000111011111001110111001111011001011110110100111 
00011110111101000111010111001011000011001101010000000000101011111100000001111100111000110111000001011110100111010001011000001111101110110111010101111010110011000011010000000001100000101110110101110010110000101010100001111100001011000110111110001100110100000101101001011000010011111000100111110011110010000010010100110111101001111001111101100101001011011010100001100101001000010111010001111001000000000000000101101001000111001111100011111001010111101010110000011011111100000111100101000001000000000000001100011101 
10110110100111011000010101111000110110101101011001011110111110101101100100011000010110000100100110111100110010010000011111000101110101100010010100111011101001110110001100100110000101101101000001100110000000111001101101111110010001101100110111000001100000011010010001011000101101110111000100011010010011000101100100001111110101111011101101001010011101011100100110010011011100110111011010110110001000010011010101100001101000010011100011010010000000111111100000110101000100101111101000110001010001010100110111011001 
01000001011111100101110000111001000001111011101000000101101100101010010000110111110000101011000011110111001101100011100111001110001111001010101011101111001011110011111011110001000010001001101011011111000010000101101101000101110010100011000001001110111101000111011111111001111010101010111010010010010010001100111101100110110110100000000011011100111100001100101000101010001001010000011100010100101100111010011000001000100110011100011001101110100110110000101001101100000100101001101111110000010111000000100111111111 
01101101101010010011111111111010111101100000001010110001101101110000000011010110001101101001100000111100111011111110101111100111101110000001110110010000001011011001100001111110101010011011100001011001011111010010001100100001000001010000110110100111010101010100100111110110000000001001000000111001111100011011101010111011110010000010000101100100011110111000010100000101001110101011001110111011111110000101110011000101111100001111001000010011000110110011011111101111001000001001011010011011101111011010110110100011 
11011111100100101011101111000110110011100011000001100101111011010110101011100011100100101011101101001111110111011000011111101001001000010010111000101001100010010101101111000100110111001011011100101001001111000000100100001111111100000010000011000001101010101011000111000000110011001001011011101011100101100110001100111101100111111110011011000111100010011011010111001010001001101010000000100010101101110010001111011010110010000101010011101101111101101111111111111011011010100101111110111100100101101100100101000001 
11101111001110100011111001100000110101101110001010110000001111000111011001001111001101111000000010001011001011000001001110011100010111000111111111101010100010111101011001101100101100000100111010001001000001001011100000010101011000000100001100011111100111000100101100011101111110101011011000110001001011101111100000010101111101100101000110101001111110110110111100000000101001100010100010110101110010001111110110010000011010011001100000101110001110001110100101000111011001101011000100101110111001111100100010011001 
10001101101000010010111101110011001100100101011101011011010000101111100010010000010111010111000101001011101110001101100000001100101000000110010110000000100101001101000011101111100001011010110110110011101100011101000110011011111101010011011101001011001100001011000010100110010101111101111100101111010010011010111100000101011011101111111101000110110011100110010000011010100100010010100011111000010101110100110011101110001101011111100010110110110001101110001100010011100111110010111110111101001011000110010111001001 
11010011001101000000101001110100010110001001110100100111100001010110100101110111101110110001101011111110010110110100111110101001110100011100010001110100111101110100000000001111000101000010100000011000010001000110001001010011011001001111100101010000101111101000111011111101110111010110111010110011110010000011010010101000001011011101011111000100110011101111011001001100110001101100111111011100111010011010001100001110000101100000000011001000011111101111000000110010111010010110001011010101011101011000010111101001 
10111010110111011111011000001011101011010111010110100100110011111000010110011111110000010100100110111110010011100000100011011011010000101010111010011111101011111111111000010010101100111110001011011101010111001111001110100110110101011100101010001110111110100011101011101010111011010101111001100011011101100011101001000101001010000110000010010110000101111110100001011010000110101001011011100001000110101011011001010110100000000111010101111010001100100100111101000001010000001110110111111010101110011100101011111111 
10000101011110111010101000110001010110110011100110010001001001111111101111110100010001110101011110000100011010111010100110000010000111101010001111100001101010000011001101111010000111011000111000011111111001000011001110110010100011100011010100110011001100001000111001010000100111001011101111001101000010010111000000011101101010111010110101111100110101111011110010110100010011101100110001111000010001000000111000000100100111111000101100000010100101010100100111000110011001010100100011000011101111110010111011110111 
00010110010110011000000011101001000000100011110110111111010111100101100001111111010001101001011111101111010010101000001001100011001000011101111101110010010111100010001010010010110101011011001001001100001011001011101101000101001000101100000111100001101111101001100101100100001111111000011101111101100100010111101100000111000110000100100101010100001000100101001101010011001110011101110100111010110110110001100001010000110000110110011001110101011111001111100110100110000011111000000010110111110000001101001001010011 
11110111011000000111110101111001011111001001010111000110110101010010100110010101100111100101111001100001100110110100011110011110110111010000000111101001100100010110101111011111000101010001101100100011110000000111100101100001101000110110110101111010000111100101000110101111100110000001101000000110011110111100010011001100010010100111000000000010011011100100001001000001010001101011001111110011000100101101001110111100110111001101101000101010010001101000001110000001000010011000110101111100110001000111010110000011 
01000111001010000011110101000011000110100101110111101011001110000111010010011101101110000001010011110110101011100010010101010000111100000001110100000111000001110110111000100001011100000111100111011111010101011000010101001101000001100111000111110000010101111011010011010110001101100100011010010001100010010111001011101000110000101000100011001001100111011000101011001101011000001100110001110001101010001000101110110101010001111000101001111101001100001111111000000110001011100101111101100010000001000000001010000001 
00000111000011110001110100110001010011110001011001100010000010100110000001011010110110100010111101111011100001110001111001111100101110110001011011010100111100001000111010001100101000010111100110110101010010111110000001010000111100010000101101010010000010100100010010100110111110000000100100000001101111111011001100101001110111000010111101111111111110110001100111111100011010100001100111000101101010110110000100010101010000111100011100010000000110101100100000101011000110011010101001010100011100000111110011001011 
11110101001000110100000101011001111010011010010001111111010100101011010001100000111000110001111100011001011101111111000000011000111000011010000010111100111110111110110100010010001010110111111111111000111100001111100010101100011101100010101000001011011011001011000000001111011110011100010000101000011111101101001001000011011011101101001011100001101111111101010000010011001001000111001011010100000001000001011111100001001111100111011101110110000101110001101100110110011010100101001110111000100010001100000000110011 
00110010100011110000011000001100011000110001011110000001111001001110001011110001011110100001010110000011011110010101000001100011101011000011110001111111011101100100001100000100101001011110010100100000100100110101000010010100010110100101100010101000111011010111000001001101101100111000101011010000101110010111111110100110101111011001000110000111011110111100011111010100001010110110101100010110111110101110010110000110110110011001110010000001101011110010001111001001001000111110100000010010000010110110010101010011 
