11101101011000001010001101100011010010000000001010110000101001011110100111101110101101110100001000100000110001000000110010000010001000001011001111011100010011001001111101101010010001010110110001101001010011011111000110000011010101101110001010111111110001011110001111000001110101100000110111011011100011011110010101001000010110110000110100010011110001110010100101010000100000110110100000110111010101011001100110100011001001110100101000110110101010110001100000000001000000001000000100110100100111100001001010010011 
11000001111100101111100000010100111111111011101000100110011000011100011101110100101001101101111101111010110010101011011001100100010000110011111001110010100001000111101111111000100000110001101100011111110101111011001001101001101110010110101110111100110101101001100101100001010100111101010011110011011110001101011000111101001011001001110111110101111001111011111110010001110001111111111010111010011010000101100001100110101111011010000100110111110011100000101110110110000001000111111110101100010110000010000101010011 
11101101011000001010001101100011010010000000001010110000101001011110100111101110101101110100001000100000110001000000110010000010001000001011001111011100010011001001111101101010010001010110110001101001010011011111000110000011010101101110001010111111110001011110001111000001110101100000110111011011100011011110010101001000010110110000110100010011110001110010100101010000100000110110100000110111010101011001100110100011001001110100101000110110101010110001100000000001000000001000000100110100100111100001001010010011 
11000001111100101111100000010100111111111011101000100110011000011100011101110100101001101101111101111010110010101011011001100100010000110011111001110010100001000111101111111000100000110001101100011111110101111011001001101001101110010110101110111100110101101001100101100001010100111101010011110011011110001101011000111101001011001001110111110101111001111011111110010001110001111111111010111010011010000101100001100110101111011010000100110111110011100000101110110110000001000111111110101100010110000010000101010011 
00010001010100101001110101001111110111011101111000111110100010011101010111001000110010011111110101011011111111110010101011001011111000001001101100110011111011100010111001000111010101001000111111011100001000011111111111010110000111011010101111001110010100001001010101110110011010110010111010111110010101110111111101101000011100000101000011110010000110010100000101100111000111100110110110010111100011011000000011011010101000010111100101110110111001100010101000000001011011001110110010000010010100110000101111110001 
00010001010100101001110101001111110111011101111000111110100010011101010111001000110010011111110101011011111111110010101011001011111000001001101100110011111011100010111001000111010101001000111111011100001000011111111111010110000111011010101111001110010100001001010101110110011010110010111010111110010101110111111101101000011100000101000011110010000110010100000101100111000111100110110110010111100011011000000011011010101000010111100101110110111001100010101000000001011011001110110010000010010100110000101111110001 
11111000010010010001011100100110111010010100010101000011001101010001111101000110100111011111010100011001000010000011100111110100010101000110010111011000010010110011100011110000010011100100101100101000111111110101100001001001001111011010011011010000100011001110010010001101100011101100001101001001100010100010011000001101000010000000110101000100101000011100111110010101011001101010010000000110000000011010001010001001111010110111010110100001000010111010010110001000001010110100001111111100111100001011011110010010 
01101110110001011001101110110101011010011110001000010010110000010001000111100001010001011101010101101010001110110111100111011000111010100101001111111101010111110011110000010000000110001110001110100100011110111001001000001100000001011000010111010100010010001010101001001001100111001000111010010011101100111111010001011101100010001011101101111011100111111001010000111111111011000010101100100011001101000010001110101101011110011110110001100100101111101011101110001010100001101010010110000000110011000000111001010110 
11111000010010010001011100100110111010010100010101000011001101010001111101000110100111011111010100011001000010000011100111110100010101000110010111011000010010110011100011110000010011100100101100101000111111110101100001001001001111011010011011010000100011001110010010001101100011101100001101001001100010100010011000001101000010000000110101000100101000011100111110010101011001101010010000000110000000011010001010001001111010110111010110100001000010111010010110001000001010110100001111111100111100001011011110010010 
11010111111000000101011010101111001001110100101110010000111100010011010011000011111101011101011100001011010001001111011001101111110010000001011111110101111111101100011110011010100101111000000110001101011100001100011000011110010110111111101101000110101110010110010101111111110100110001010101100100100100100010000011000111110001011010111010000010110001110110011011001111001110001111111101110011000010110100010010111101001000110011010001010001010001111111001110111010110110110000001001001000101010100000010001111010 
11000011110110001000000011111000001000000101001001010011110110000011101010110101100011001101001010110110000111110101111010001001111010011101010111001001010011011000111111011100010110111101101110101100100010101110111101101100111011010101001100101001011011110000000010000001100100010111110110110011101010011011010100100011000110110101110000111110010101000001101111001010000011110010101111011111110110011101100000111011100111011001000100101010010111000111011011000111111011010111000100011001101110101011101101100110 
10011111010101000001010101010000011001100000010001100100111011100001010011000111111101010011010001111111111000010010011101001011000010111101000001100101101110010101111100100010111011101111000101100000011010111001011011111011111001100010101111010011010010010100111110011000110111010000010101000110011011100001010011001101011001000111111100111100001110110101010111010110000110110000011010100010101101111111000101001011110011000101110010000110101101111111001001110110100010100111100010110100010110011011011111000001 
01001011001011101111001101110100110000011101011101100101111010001110000011000110111010111101010010100100111101101111001100000001001000100010100110100000100001000001001100101110010101011101100110111011101101110110100110111000111111001100100010000101011001101111011001001101011101000010010100110101011100111010100011011010000101100000101010110101011011100000001100110111111011100010001111110001110011100000010000001111101000011100111100000000000001010110000100011101111101100110100011100110011000101000110111100111 
01001011001011101111001101110100110000011101011101100101111010001110000011000110111010111101010010100100111101101111001100000001001000100010100110100000100001000001001100101110010101011101100110111011101101110110100110111000111111001100100010000101011001101111011001001101011101000010010100110101011100111010100011011010000101100000101010110101011011100000001100110111111011100010001111110001110011100000010000001111101000011100111100000000000001010110000100011101111101100110100011100110011000101000110111100111 
00011110011011010110111100001100101011100011000011010000011011110100111000010101110010010111110100110010011100010000001000101110111111110101010110011001001001001100101110010000110110001010010000100010100010100000101011110001010001101010110011011111000110001011010001111100111111000011101101000010010110110001011000011100010011101111001011110110100001000101111100011010010101100011110100101111101000010100010111100100111010001100111001110110100001010101001010001100000111011101011110000010010111000100000001010101 
00010101100000001001001110000010000010111010001010000001110011100001001010110100010110101101111010100100111011101010101110101111000001111001110100111110100011010110001001011010000100011000000010010011110010101011111010001111001010011110000000001000000110010100101101010101111110110001010010010100001001100000111011011100100111001001000001100110101000111000101001000010011100001000101111100011011010000111001100000001100010001011001010001110011100100011001011011101010100101111101011111000011101010011100101110100 
00001001000011001110101101010110010011000101000000101001101110010111011110111010111111101011001010100110010011011010000110001101011100000110000101011101000001000010010000101000011001100011100110101110101000110111110101010001111100101001000001000001111001000100010110000110000010110111000001110000111011110101111000110001000000100000000101100010111111011010010011110110010111110010100101000101101000100110001111000011000110001111111010101111001100111100100110010011011011001001100110101000111010110011001111110101 
00001011011111001110001001000010110010101011000101101000110001100101100101111111111000100111011111001111010010111001100100011000010101101011010010001111101001000010010111000101110001001101101000001000001111111011010001111111000001000110010101110001010001010011000001000111100011000100100000111000100100011000100011010000011110010101100110100010010101100110000001010001011100110110000110100100101001000111011110010101011011110000010110111010101010101101001001100110011011101100101010010001101011000100010011100110 
10010101111010100001000001100101010101101011001010000000001011110110010111000011101100110000111110000010010011011100110011000101000011110110000111001101100001111000110001001001000100100000111000100011011100110111111110100000101010100111011111100110111111110001011000101010010011010100110110110001000001010001100000101010111011101011111010101111101111011101011011001101000001111101100111101100000010000001100100010001111101101001000111110001101011110000101001001101101111110000010010101101011111111111111011010011 
01101110110001011001101110110101011010011110001000010010110000010001000111100001010001011101010101101010001110110111100111011000111010100101001111111101010111110011110000010000000110001110001110100100011110111001001000001100000001011000010111010100010010001010101001001001100111001000111010010011101100111111010001011101100010001011101101111011100111111001010000111111111011000010101100100011001101000010001110101101011110011110110001100100101111101011101110001010100001101010010110000000110011000000111001010110 
11000011110110001000000011111000001000000101001001010011110110000011101010110101100011001101001010110110000111110101111010001001111010011101010111001001010011011000111111011100010110111101101110101100100010101110111101101100111011010101001100101001011011110000000010000001100100010111110110110011101010011011010100100011000110110101110000111110010101000001101111001010000011110010101111011111110110011101100000111011100111011001000100101010010111000111011011000111111011010111000100011001101110101011101101100110 
00011110011011010110111100001100101011100011000011010000011011110100111000010101110010010111110100110010011100010000001000101110111111110101010110011001001001001100101110010000110110001010010000100010100010100000101011110001010001101010110011011111000110001011010001111100111111000011101101000010010110110001011000011100010011101111001011110110100001000101111100011010010101100011110100101111101000010100010111100100111010001100111001110110100001010101001010001100000111011101011110000010010111000100000001010101 
11010111111000000101011010101111001001110100101110010000111100010011010011000011111101011101011100001011010001001111011001101111110010000001011111110101111111101100011110011010100101111000000110001101011100001100011000011110010110111111101101000110101110010110010101111111110100110001010101100100100100100010000011000111110001011010111010000010110001110110011011001111001110001111111101110011000010110100010010111101001000110011010001010001010001111111001110111010110110110000001001001000101010100000010001111010 
11111011100010110111100001100100010010100011100010010101111101011100111001010110110100000001100111110000000101010100100000001111101001001101111111111100011000110110011100100011000111000010100101101000110111010110110011000100000111110111100101100011001101110010001110001101010111001111110110010110111101101001110001100101011100001000000001111100011110011010111100101101001101100011100110010011001100001011000011111100000010110000011001001010111111101010110010100011001010100100000000101111000111011011101001001101 
00001001000011001110101101010110010011000101000000101001101110010111011110111010111111101011001010100110010011011010000110001101011100000110000101011101000001000010010000101000011001100011100110101110101000110111110101010001111100101001000001000001111001000100010110000110000010110111000001110000111011110101111000110001000000100000000101100010111111011010010011110110010111110010100101000101101000100110001111000011000110001111111010101111001100111100100110010011011011001001100110101000111010110011001111110101 
10011111010101000001010101010000011001100000010001100100111011100001010011000111111101010011010001111111111000010010011101001011000010111101000001100101101110010101111100100010111011101111000101100000011010111001011011111011111001100010101111010011010010010100111110011000110111010000010101000110011011100001010011001101011001000111111100111100001110110101010111010110000110110000011010100010101101111111000101001011110011000101110010000110101101111111001001110110100010100111100010110100010110011011011111000001 
10010101111010100001000001100101010101101011001010000000001011110110010111000011101100110000111110000010010011011100110011000101000011110110000111001101100001111000110001001001000100100000111000100011011100110111111110100000101010100111011111100110111111110001011000101010010011010100110110110001000001010001100000101010111011101011111010101111101111011101011011001101000001111101100111101100000010000001100100010001111101101001000111110001101011110000101001001101101111110000010010101101011111111111111011010011 
11111011100010110111100001100100010010100011100010010101111101011100111001010110110100000001100111110000000101010100100000001111101001001101111111111100011000110110011100100011000111000010100101101000110111010110110011000100000111110111100101100011001101110010001110001101010111001111110110010110111101101001110001100101011100001000000001111100011110011010111100101101001101100011100110010011001100001011000011111100000010110000011001001010111111101010110010100011001010100100000000101111000111011011101001001101 
10111010101100111100001110010101000101010010100100010010001100111001101110101001110110011100010110001000101100000000101011111101101000110000010000100001000010101110011100101000011010001100110010111000011010011001001101011000111010010010001000000001111000101111101100101111001000001011100101010000001110101101010000001011110000100011001010000111101100100000111101010100100010110010010001011100111001101000000000110011110001111111110100001100111001100110000011110101010110010011000010011011101111100011100111010110 
11101100011001001011110011100100000011101101000100000000000000001010111100010100001111001000001101011011110101101010011101000110101011000010100101010000101110011110001001110100010011111100001000110010100100001010010110110000101110101010000100010110001101110011011101100101100100000110111010101111010011111101110110101010110101001101011011110101110011001110001110001001100100100100110011101011101010000110111001100101100101111100000101001111001011000110011000000111011101010010011001010000110111100001100110101111 
11100000110111101110101001010001011110101000000001011010100111000110001110001110110100011000000111001010001001111101110011011101101100000010011011101101101100011000101010010101000000100001010100010000100110110010001111010111011101101101111100000111110000100100101111011010100011011100010000101011010000110101110101010101000110010110000111111100101000010111000101001101000000101010001010000110000010100111011010001101010111010001011011100111001101000001000001110000011100111111000011011100100001001111001111000111 
00110111110001101000101100011010011111011100010010100010101101111101011100110101001010111100110010011110001000010101101000111001101010011001001100110010010011110111010100110111110010010011001001010111101000011101101001000111010101001000110101111011100011010010010111011011110010010101000101010110011101000101010010100111111100100111001000011111010100110000000010101010010100100111010100011110010111110101001111011001001111100100101011101100110010000001000100000101011001101101111111010100100111111000100101101010 
01110000110001101010010001010101111110010100001010001011110001111111111100101100000100001001010011000111111011010110110010001100110001101100110101110110011000111110101110111110000111110000011110101011101000010000000101000100001000101100100111111000111000111000110010110000111101110100100011011010001010010111001001100111100111000101111100011000000000000001111111010100110110011110111010010101110100011110101110001110100010111000001101110101000100001001101001000101001110111011110001111111011110001000101110100011 
11100100101111000001000110000111001100001110001010100100000100001101100001010110110010001000000101111110110110100011011110001111000110111010010100100010010110111000111011011111010111111110101001111001000111111000100111100000100101101000101000001110110110110010011110100011100011011111010100011111100001100011101101010101101001101000101100100000110011011111011101001000000110010110111111011110000001011110111111100001101010010110000010001010111110101100110011110000011101100100110111001100110101110100100101110110 
01010001110111111101111011011000101000000101100001010001101001111100110110011010110100010100101011111101111100100001110100011100011011101100001000001001100101111000101000000001101001010111010100110011000110000101001101010010101101000000000011110010111010101000110010111001111001010001010001011101100100000001000110001001100010010100010100000001110100000011111000000111011111000111010011011000001111010110110001111100100101111011010111000101010111100001111111110011001001111011011100010001010100111010001111111101 
11101100011001001011110011100100000011101101000100000000000000001010111100010100001111001000001101011011110101101010011101000110101011000010100101010000101110011110001001110100010011111100001000110010100100001010010110110000101110101010000100010110001101110011011101100101100100000110111010101111010011111101110110101010110101001101011011110101110011001110001110001001100100100100110011101011101010000110111001100101100101111100000101001111001011000110011000000111011101010010011001010000110111100001100110101111 
01111010110001100110110010000110000001000010110011011000000111010100000000000100010100100010100110111101101111110111001011000101110110000101111100101000000010011001111000110010000110001111010100000000010001101000111001010100010001101001101011011001010000100101011000110010011011111111011111110100010111010000000100010011101001000010001011110110100101111010100111011000110101101110010010010010001100010110111101011110110000010111001111101010001000111001000111100011001010111100110111101000000001101001110100111101 
10111010101100111100001110010101000101010010100100010010001100111001101110101001110110011100010110001000101100000000101011111101101000110000010000100001000010101110011100101000011010001100110010111000011010011001001101011000111010010010001000000001111000101111101100101111001000001011100101010000001110101101010000001011110000100011001010000111101100100000111101010100100010110010010001011100111001101000000000110011110001111111110100001100111001100110000011110101010110010011000010011011101111100011100111010110 
01110000110001101010010001010101111110010100001010001011110001111111111100101100000100001001010011000111111011010110110010001100110001101100110101110110011000111110101110111110000111110000011110101011101000010000000101000100001000101100100111111000111000111000110010110000111101110100100011011010001010010111001001100111100111000101111100011000000000000001111111010100110110011110111010010101110100011110101110001110100010111000001101110101000100001001101001000101001110111011110001111111011110001000101110100011 
11100000110111101110101001010001011110101000000001011010100111000110001110001110110100011000000111001010001001111101110011011101101100000010011011101101101100011000101010010101000000100001010100010000100110110010001111010111011101101101111100000111110000100100101111011010100011011100010000101011010000110101110101010101000110010110000111111100101000010111000101001101000000101010001010000110000010100111011010001101010111010001011011100111001101000001000001110000011100111111000011011100100001001111001111000111 
01010001110111111101111011011000101000000101100001010001101001111100110110011010110100010100101011111101111100100001110100011100011011101100001000001001100101111000101000000001101001010111010100110011000110000101001101010010101101000000000011110010111010101000110010111001111001010001010001011101100100000001000110001001100010010100010100000001110100000011111000000111011111000111010011011000001111010110110001111100100101111011010111000101010111100001111111110011001001111011011100010001010100111010001111111101 
11110110111111111011010110111100110001110101001110011110001011101000001000010000000010010100101000010110101011000110001100010011110100100100001001101001100110111000010110001001010110100000001100110001100111010111010101111010001011011000000010000111011100001111010110100000011100011000101010100011110110100111000010000000111010010100101001111111001001100100111000111100110001010100011100110101000011000101011100100000001010101000101110010000101010110010010111010011010000110010001001110100110100111011000111100011 
00100110000010010111101000001000011110010001001100001110111001100011010010101010000101010000001111101101010001001100011010001110101110101010110111001011010010100011101001101000001010001001101011001100011111011010100011001011100101010011101011110110110110000001010111110100110010101100010010101101000100010111000010011001001100100010110101100011000110100101100010100010010011001111011010111010010100001100001111111010101010011001010001101100111010110010001001001011011110000001001111000011010001001101100100000111 
01111010110001100110110010000110000001000010110011011000000111010100000000000100010100100010100110111101101111110111001011000101110110000101111100101000000010011001111000110010000110001111010100000000010001101000111001010100010001101001101011011001010000100101011000110010011011111111011111110100010111010000000100010011101001000010001011110110100101111010100111011000110101101110010010010010001100010110111101011110110000010111001111101010001000111001000111100011001010111100110111101000000001101001110100111101 
00100110000010010111101000001000011110010001001100001110111001100011010010101010000101010000001111101101010001001100011010001110101110101010110111001011010010100011101001101000001010001001101011001100011111011010100011001011100101010011101011110110110110000001010111110100110010101100010010101101000100010111000010011001001100100010110101100011000110100101100010100010010011001111011010111010010100001100001111111010101010011001010001101100111010110010001001001011011110000001001111000011010001001101100100000111 
11110110111111111011010110111100110001110101001110011110001011101000001000010000000010010100101000010110101011000110001100010011110100100100001001101001100110111000010110001001010110100000001100110001100111010111010101111010001011011000000010000111011100001111010110100000011100011000101010100011110110100111000010000000111010010100101001111111001001100100111000111100110001010100011100110101000011000101011100100000001010101000101110010000101010110010010111010011010000110010001001110100110100111011000111100011 
11100100101111000001000110000111001100001110001010100100000100001101100001010110110010001000000101111110110110100011011110001111000110111010010100100010010110111000111011011111010111111110101001111001000111111000100111100000100101101000101000001110110110110010011110100011100011011111010100011111100001100011101101010101101001101000101100100000110011011111011101001000000110010110111111011110000001011110111111100001101010010110000010001010111110101100110011110000011101100100110111001100110101110100100101110110 
00110111110001101000101100011010011111011100010010100010101101111101011100110101001010111100110010011110001000010101101000111001101010011001001100110010010011110111010100110111110010010011001001010111101000011101101001000111010101001000110101111011100011010010010111011011110010010101000101010110011101000101010010100111111100100111001000011111010100110000000010101010010100100111010100011110010111110101001111011001001111100100101011101100110010000001000100000101011001101101111111010100100111111000100101101010 
00001011011111001110001001000010110010101011000101101000110001100101100101111111111000100111011111001111010010111001100100011000010101101011010010001111101001000010010111000101110001001101101000001000001111111011010001111111000001000110010101110001010001010011000001000111100011000100100000111000100100011000100011010000011110010101100110100010010101100110000001010001011100110110000110100100101001000111011110010101011011110000010110111010101010101101001001100110011011101100101010010001101011000100010011100110 
00010101100000001001001110000010000010111010001010000001110011100001001010110100010110101101111010100100111011101010101110101111000001111001110100111110100011010110001001011010000100011000000010010011110010101011111010001111001010011110000000001000000110010100101101010101111110110001010010010100001001100000111011011100100111001001000001100110101000111000101001000010011100001000101111100011011010000111001100000001100010001011001010001110011100100011001011011101010100101111101011111000011101010011100101110100 
