00111010010001100010101110111110111110110100110100100010010110101001010001000010010000111000000100011111100000011111000001101001000010100011100000110000100011100110000110000001000001010010100100101110101100001011110000010000110010100010001100011100011110011111111001000100101110010010000100101010101110111100101010110001100000000000100011110000000011110011101101011000001010011001010010100101011000100110111100101000100011011011101010000110100001110000000101001010010001110010000100001010101100111000010001010011 
11110111111101111111011001011100101011000101001101100011100001110001110011010000111111011101011010011100111000100101001111101111010000111101110110010111110111100100111011111011111000110110110011100110101010101101101001101100101000100010001100011100011110011111111001000100101110010111101101111010101110111100101010110001100000101101101111001111101111011001000010010111011001100100101000110100111000011001010011001110101000011000111100111110111111011100011000101010001001100110001110011011100100001101101111011111 
11110111111101111111011001011100101011000101001101100011100001110001110011010000111111011101011010011100111000100101001111101111010000111101110110010111110111011001101101110001010000011111111001100101100100001101101001101101010100011010111101011101010011100011010111111011100000101001001011011101110010011111010101111000011110101101101111001111101111011001000010010111011001100100101000110100111000011001010011001110101001110111100110001111100011100010111011010101010011001101011001110001100110101110001001111011 
00111010010001100010101110111110111110110100110100100010010110101001010001000010010000111000000100011111100000011111000001101001000010100011100000110000100011100110000110000001000001010010100100101110101100001011110000010000110010100010001100011100011110011111111001000100101110010010000100101010101110111100101010110001100000000000100011110000000011110011101101011000001010011001010010100101011000100110111100101000100011011011101010000110100001110000000101001010010001110010000100001010101100111000010001010011 
10100111100011101101100110001101100000010111100000101011010101100001100010011000010110101111111001011111011001100011110101101001000010100011100000110000100011100110000110000001000001010010100100101110101100001011110000010000110010100010001100011100011110011111111001000100101110010010000100101010101110111100101010110001100000000000100011110000000011110011101101011000001010011001010010100101011000100110111100101000100011011011101010000110100001110000000101001010010001110010000100001010101100111000010001010011 
11110111111101111111011001011100101011000101001101100011100001110001110011010000111111011101011010011100111000100101001111101111010000111101110110010111110111100110000110001100011000110111010100101101101100111101100100110111100000100010001100011100011110011111111001000100101110010010000100101010101110111100101010110001100000101101101111001011111100010100010010111111011100101000100110110011010000110010010111101011110001001101010101101110000000110111111000000000111010010001001001100110011110100000010110010011 
10100111100011101101100110001101100000010111100000101011010101100001100011010000111111011101011010011100111000100101001111101111010000111101110110010111110111011001101101110001010000011111111001100101100100001101101001101101010100011010111101011101010011100011010111111011100000101001001011100011111111010001000011111000011110001101101111001111101111011001000010010111011001100100101000110100111000011001010011001110101000011000111100111110111111011100011000101010001001100110001110011011100100001101101111011111 
11101000001111000110101111111101000110011110010011110110001010110010001110111010100110011001101010110000010100100001100010001001110101110100000100100111110010000001011010001100011000110111010100101101101100111101100100110111100000100010001100011100011110011111111001000100101110010010000100101010101110111100101010110001100000101101101111001111101111011001000010010111011001100100101000110100111000011001010011001110101000011000111100111110111111011100011000101010001001100110001110011011100100001101101111011111 
11101000001111000110101111111101000110011110010011110110001010110010001110111010100110011001101010110000010100100001100010001001110101110100000100100111110010000001011010001100011000110111010100101101101100111101100100110111100000100010001100011100011110011111111001000100101110010010000100101010101110111100101010110001100000101101101111001111101111011001000010010111011001100100101000110100111000011001010011001110101000011000111100111110111111011100011000101010001001100110001110011011100100001101101111011111 
11110111111101111110101110111110111110110100110100100010010110101001010001000010010000111000000100011111100000011111000001101001000010100011100000110000100011100110000110000001000001010010100100101110101100001011110000010000110010100010001100011100011110011111111001000100101110010010000100101010101110111100101010110001100000000000100011110000000011110011101101011000001010011001010010100101011000100110111100101000100011011011101010000110100001110000000101001010010001110010000100001010101100111000010001010011 
11110111111101111110101110111110111110110100110100100010010110101001010001000010010000011001101010110000010111110010010001001111110101000010010010100110001010110011010000110011111001100000100001101101011000100110001100101010001001110000001011100110111100110000100111011100100111010111101101111010001100001101010101111000011110101101101111001111101111011001000010010111011001100100101000110100111000011001010011001110101000011000111100111110111111011100000101010101010011001101011001110001100110101110001001111011 
00111010010001100010101110111110111110110100110100100010010110101001010001000010010000111000000100011111100000011111000001001111110101000010010010100110001010110011010000110011111001100000100001101101011000100110001100101010001001110000001011100110111100110000100111011100100111010111101101111010001100001101010101111000011110000000100011110000000011110011101101011000001010011001010010100101011000100110111100101000100011011011101010000110100001110000000101001010010001110010000100001010101100111000010001010011 
11110111111101111110101110111110111110110100110100100010010110101001010001000010010000111000000100011111100000011111000001101001000010100011100000110000100011100110000110000001000001010010100100101110101100001011110000010000110010100010001100011100011110011111111001000100101110010010000100101010101110111100101010110001100000000000100011110000000011110011101101011000001010011001010010100101011000100110111100101000100011011011101010000110100001110000000101001010010001110010000100001010101100111000010001010011 
11110111111101111110101110111110111110110100110100100010010110101001010001000010010000011001101010110000010111110010010001001111110101000010010010100110001010110011010000110011111001100000100001101101011000100110001100101010001001110000001011100110111100110000100111011100100111010111101101111010001100001101010101111000011110101101101111001111101111011001000010010111011001100100101000110100111000011001010011001110101000011000111100111110111111011100000101010101010011001101011001110001100110101110001001111011 
00111010010001100010101110111110111110110100110100100010010110101001010001000010010000111000000100011111100000011111000001001111110101000010010010100110001010110011010000110011111001100000100001101101011000100110001100101010001001110000001011100110111100110000100111011100100111010111101101111010001100001101010101111000011110000000100011110000000011110011101101011000001010011001010010100101011000100110111100101000100011011011101010000110100001110000000101001010010001110010000100001010101100111000010001010011 
11110111111101111111011001011100101011000101001101100011100001110001110011010000111111011101011010011100111000100101001111101111010000111101110110010111110111011001101101110001010000011111111001100101100100001101101001101100101000111110010101011111011110011111111001000100101110010010000100101010101110111100101010110001100000101101101111001111101111011001000010010111011001100100101000110100111000011001010011001110101000011000111100111110111111011100011000101010001001100110001110011011100100001101101111011111 
11110111111101111111011001011100101011000101001101100011100001110001110011010000111111011101011010011100111000011111000001101001000010100011100000110000100011100110000110000001000001010010100100101110101100001011110000010000110010100010001100011100011110011111111001000100101110010010000100101010101110111100101010110001100000000000100011110000000011110011101101011000001010011001010010100101011000100110111100101000100011011011101010000110100001110000000101001010010001110010000100001010101100111000010001010011 
11110111111101111111011001011100101011000101001101100011100001110001110011010000111111011101011010011100111000100101001111101111010000111101110110010111110111011001101101110001010000011111111001100101100100001101101001101101010100011010111101011101010011100011010111111011100000101001001011100011111111010001000011111000011110001101101111001111101111011001000010010111011001100100101000110100111000011001010011001110101000011000111100111110111111011100011000101010001001100110001110011011100100001101101111011111 
11110111111101111111011001011100101011000101001101100011100001110001110011010000111111011101011010011100111000100101001111101111010000111101110110010111110111011001101101110001010000011111111001100101100100001101101001101101010100011010111101011101010011100011010111111011100000101001010110101011111011011101011111000111110010001011111011010111000001000010001011011010110001110000010101000010110111110001111011100110100001110111100110001111100011100010111011010101010011001101011001110001100110101110001001111011 
00111010010001100010101110111110111110110100110100100010010110101001010001000010010000111000000100011111100000011111000100111000111001010001100011101101101011100100111011111011111000110110110011100110101010100111111000100110110010101010010101000010100100001011111000110011001111001101010110101011111011011101011111000111110010001011111011010111000001000010001011011010110001110000010101000010110111110001111011100110100000011000111100111110111111011100000101010101010011001101011001110001100110101110001001111011 
11110111111101111111011001011100101011000101001101100011100001110001110011010000111111011101011010011100111000100101001111101111010000111101110110010111110111011001111010001100011000110111010100101101101100111101100100110111100000100010001100011100011110011111111001000100101110010010000100101010101110111100101010110001100000000000100011110000000011110011101101011000001010011001010010100101011000100110111100101000100011011011101010000110100001110000000101001010010001110010000100001010101100111000010001010011 
11101000001111000110101111111101000110011110010011110110001010111001010001000010010000111000000100011111100000011111000001101001000010100011100000110000100011100110000110000001000001010010100100101110101100001011110000010000110010100010001100011100011110011111111001000100101110010010000100101010101110111100101010110001100000000000100011110000000011110011101101011000001010011001010010100101011000100110111100101000100011011011101010000110100001110000000101001010010001110010000100001010101100111000010001010011 
11110111111101111111011001011100101011000101001101100011100001110001110011010000111111011101011010011100111000100101001111101111010000111101110110010111110111011001111010001100011000110111010100101101101100111101100100110111100000100010001100011100011110011111111001000100101110010010000100101010101110111100101010110001100000101101101111001111101111011001000010010111011001100100101000110100111000011001010011001110101000011000111100111110111111011100011000101010001001100110001110011011100100001101101111011111 
11110111111101111111011001011100101011000101001101100011100001110001110011010000111111011101011010011100111000100101001111101111010000111101110110010111110111011001111010001100011000110111010100101101101100111101100100110111100000100010001100011100011110011111111001000100101110010010000100101010101110111100101010110001100000101101101111001111101111011001000010010111011001100100101000110100111000011001010011001110101000011000111100111110111111011100011000101010001001100110001110011011100100001101101111011111 
00111010010001100010101110111110111110110100110100100010010110110101010001110110100110011001101010110000010100100001100101101001000010100011100000110000100011100110000110000001000001010010100100101110101100001011110000010000110010100010001100011100011110011111111001000100101110010010000100101010101110111100101010110001100000000000100011110000000011110011101101011000001010011001010010100101011000100110111100101000100011011011101010000110100001110000000101001010010001110010000100001010101100111000010001010011 
11101000001111000110101111111101000110011110010011110110001010110010001110111010100110011001101010110000010100100001100010001001110101110100000100100111110010000001011010001111100111111101001010100010101011101111110100010101000011111100000011111011000110110010010100000100010010010011000101100011111111010001000011111000011110000000100011110000000011110001000010001101110011100000101010111001001110100001100100101100000000000001010110001011100100010101001001000101000110111001001100101001100110101110001001111011 
10100111100011101101100110001101100000010111100000101011010101100001100010011000010110101111111001011111011001100011110101101001000010100011100000110000100011100110000110000001000001010010100100101110101100001011110000010000110011010101110101101111000110110100000010011010111101110011100101001100110111111010000110110101101110011101101111010101001010101110010001000100101110001001111001010010111101100100110110110011110110111010101011011110111000010001001111010100001011000101100100010011000101001011011001000001 
00111010010001100010101110111110111110110100110100100010010110110101010001110110100110011001101010110000010100100001100101101001000010100011100000110000100011100110000110000001000001010010100100101110101100001011110000010000110010100010001100011100011110011111111001000100101110010010000100101010101110111100101010110001100000000000100011110000000011110011101101011000001010011001010010100101011000100110111100101000100011011011101010000110100001110000000101001010010001110010000100001010101100111000010001010011 
10100111100011101101100110001101100000010111100000101011010101100001100010011000010110101111111001011111011001100011110101101001000010100011100000110000100011100110000110000001000001010010100100101110101100001011110000010000110011010101110101101111000110110100000010011010111101110011100101001100110111111010000110110101101110011101101111010101001010101110010001000100101110001001111001010010111101100100110110110011110110111010101011011110111000010001001111010100001011000101100100010011000101001011011001000001 
11101000001111000110101111111101000110011110010011110110001010110010001110111010100110011001101010110000010100100001100010001001110101110100000100100111110010000001011010001111100111111101001010100010101011101111110100010101000011111100000011111011000110110010010100000100010010010011000101100011111111010001000011111000011110000000100011110000000011110001000010001101110011100000101010111001001110100001100100101100000000000001010110001011100100010101001001000101000110111001001100101001100110101110001001111011 
11101000001111000110101111111101000110011110010011110110001010111001010001000010010000111000000100011111100000011111000001101001000010100011100000110000100011100110000110000001000001010010100100101110101100001011110000010000110010100010001100011100011110011111111001000100101110010010000100101010101110111100101010110001100000000000100011110000000011110011101101011000001010011001010010100101011000100110111100101000100011011011101010000110100001110000000101001010010001110010000100001010101100111000010001010011 
00111010010001100010101110111110111110110100110100100010010110101001010001000010010000111000000100011111100000011111000001101001000010100011100000110000100011100110000110000001000001010010100100101110101100001011110000010000110010100010001100011100011110011111010111111011100000101001001011011101110010011111010101111000011110101101101111001111101111011001000010010111011001100100101000110100111000011001010011001110101000011000111100111110111111011100000101010101010011001101011001110001100110101110001001111011 
00111010010001100010101110111110111110110100110100100010010110101001010001000010010000111000000100011111100000011111000001101001000010100011100000110000100011100110000110000001000001010010100100101110101100001011110000010000110010100010001100011100011110011111111001000100101111001101001011011101110010011111001110110000010110101010011100011100001000010010100100110011111110000111011100101010101100100101111011100110100001110111100110011110111111011100011000101010001001100110001110011011100100001101101111011111 
10100111100011101101100110001101100000010111100000101011010101100001100010011000010110101111111001011111011001100011110101101001000010100011100000110000100011100110000110000001000001010010100100101110101100001011110000010000110011010101110100010000100000011111001011101000100011110111001100001111000000000000110010111101111011101010010000010011111100010100010010111111011100101000100110110011010000110010010111101011110001001101010101101110000000110111111000000000111010010001001001100110011110100000010110010011 
11101000001111000110101111111101000110011110010011110110001010110010001110111010100110011001101010110000010111110010010100111000111001010001100011101101101011100100111011111011111000110110110011100110101011101111110100010101000011111100000011111011000110110010010100000100010010010011000101100011111111010001000011111000011110001101101111001111101111011001000010010111011001100100101000110100111000011001010011001110101000011000111100111110111111011100000101010101010011001101011001110001100110101110001001111011 
11101000001111000110101111111101000110011110010011110110001010110010001110111010100110111000000100011111100000011111000001101001000010100011100000110000100011100110000110000001000001010010100100101110101100001011110000010000110010100010001100011100011110011111111001000100101110010010000100101010101110111100101010110001100000000000100011110000000011110011101101011000001010011001010010100101011000100110111100101000100011010111100110011110111111011100011000101010001001100110001110011011100100001101101111011111 
00111010010001100010101110111110111110110100110100100010010110101001010001000010010000111000000100011111100000011111000001001111110101000010010010100110001010110011010000110011111001100000100001101101011000100110001100101010001001110000001011100110111100110000100111011100100111010111101101111010001100001101010101111011001110101101010010100100001010100011101101011000001010011001010010100101011000100110111100101000100011011011101010000110100001110000000101001010010001110010000100001010101100111000010001010011 
00111010010001100010101110111110111110110100110100100010010000111111010100000010101001110101000001000011011111110010010100111000111001010001100011110101001001101110001110011001101010001011001000001111001010011001110011001001000001001000010101101111000110110100000010011010111101110011100101001100110111111010000110110101101110011101101111010101001010101110010001000100101110001001111001010010111101100100110110110011110110111010101011011110111000010001001111010100001011000101100100010011000101001011011001000001 
11101000001111000110101111111101000110011110010011110110001010110010001110111010100110011001101010110000010111110010010100111000111001010001100011101101101011100100111011111011111000110110110011100110101011101111110100010101000011111100000011111011000110110010010100000100010010010011000101100011111111010001000011111000011110001101101111001111101111011001000010010111011001100100101000110100111000011001010011001110101000011000111100111110111111011100011000101010001001100110001110011011100100001101101111011111 
11110111111101111111011001011100101011000101001101100011100001110001110011010000111111011101011010011100111000100101001111101111010000111101110110010111110111100100111011111011111000110110110011100110101010101101101001101100101000100010001100011100011110011111111001000100101110010010000100101010101110111100101010110001100000101101101111001111101111011001000010010111011001100100101000110100111000011001010011001110101000011000111100111110111111011100011000101010001001100110001110011011100100001101101111011111 
11110000100010110101100110111011001100010111111000100111110000111111010100001001101011001000000111010001111000011110101101000101010100010111010011000001001011110000010100010001000100100001100111010101001010001101101010001101010100011010111101011101010011100011011011101000100011110111001100001111000000000000110010111101111011101010010000010011111100010100010010111111011100101000100110110011010000110010010111101011110001001101010101101110000000110111111000000000111010010001001001100110011110100000010110010011 
11110000100010110101011001011100101011000101001101100011100001110001110011010000111111011101011010011100111000100101001111101111010000111101110110010111110111011001101101110001010000011111111001101101101100111101100100110111100000100010001100011100011110011111111001000100101110010010000100101010101110111100101010110001100000101101101111001111101111011001000010010111011001100100101000110100111000011001010011001110101000011000111100111110111111011100011000101010001001100110001110011011100100001101101111011111 
11101000001111000110101111111101000110011110010011110110001010110010001110111010100110111000000100011111100000011111000001101001000010100011100000110000100011100110000110000001000001010010100100101110101100001011110000010000110010100010001100011100011110011111111001000100101110010010000100101010101110111100101010110001100000000000100011110000000011110011101101011000001010011001010010100101011000100110111100101000100011010111100110011110111111011100011000101010001001100110001110011011100100001101101111011111 
11110111111101111111011001011100101011000101001101100011100001110001110011010000111111011101011010011100111000100101001111101111010000111101110110010111110111011001101101110001010000011111111001100101100100001101101001101100101000111110010101011111011110011111111001000100101110010010000100101010001100001101010101111000011110101101101111001111101111011001000010010111011001100100101000110100111000011001010011001110101000011000111100111110111111011100000101010101010011001101011001110001100110101110001001111011 
11110000100010110101011001011100101011000101001101100011100001110001110011010000111111011101011010011100111000100101001111101111010000111101110110010111110111011001101101110001010000011111111001101101101100111101100100110111100000100010001100011100011110011111111001000100101110010010000100101010101110111100101010110001100000101101101111001111101111011001000010010111011001100100101000110100111000011001010011001110101000011000111100111110111111011100011000101010001001100110001110011011100100001101101111011111 
00111010010001100010101110111110111110110100110100100010010110101001010001000010010000111000000100011111100000011111000001101001000010100011100000110000100011100110000110000001000001010010100100101110101100001011110000010000110010100010001100011100011110011111010111111011100000101001001011011101110010011111010101111000011110101101101111001111101111011001000010010111011001100100101000110100111000011001010011001110101000011000111100111110111111011100000101010101010011001101011001110001100110101110001001111011 
00111010010001100010101110111110111110110100110100100010010000111111010100000010101001110101000001000011011111110010010100111000111001010001100011110101001001101110001110011001101010001011001000001111001010011001110011001001000001001000010101101111000110110100000010011010111101110011100101001100110111111010000110110101101110011101101111010101001010101110010001000100101110001001111001010010111101100100110110110011110110111010101011011110111000010001001111010100001011000101100100010011000101001011011001000001 
11101000001111000110101111111101000110011110010011110110001010110010001110111010100110011001101010110000010111110010010100111000111001010001100011101101101011100100111011111011111000110110110011100110101011101111110100010101000011111100000011111011000110110010010100000100010010010011000101100011111111010001000011111000011110001101101111001111101111011001000010010111011001100100101000110100111000011001010011001110101000011000111100111110111111011100000101010101010011001101011001110001100110101110001001111011 
11110111111101111111011001011100101011000101001101100011100001110001110010011000010110101111111001011111011001100011110101101001000010100011100000110000100011100110000110000001000001010010100100101110101100001011110000010000110011010101110100010000100000011111001011101000100011110111001100001111000000000000110010111101111011101010010000010011111100010100010010111111011100101000100110110011010000110010010111101011110001001101010101101110000000110111111000000000111010010001001001100110011110100000010110010011 
10100111100011101101100110001101100000010111100000101011010101100001100010011000010110101111111001011111011001100011110101101001000010100011100000110000100011100110000110000001000001010010100100101110101100001011110000010000110011010101110100010000100000011111001011101000100011110111001100001111000000000000110010111101111011101010010000010011111100010100010010111111011100101000100110110011010000110010010111101011110001001101010101101110000000110111111000000000111010010001001001100110011110100000010110010011 
