11100001110110010000100000100001101110010100100010010001001001100101100000001100001101100011011010010011010000010000010010110010010100110000000101000001110010010101010100100000000010001000001100011101000011000001000011001111011010001100010000001111000111001101001001111111100000100001111010100101100001111001001001001101000001110100111101111001100110101010000001000001100000010110001011111011011100101111110011101001001111000100110011010101001110010011000010001101110000010010110100001000100000110000001010000111 
01111010000100000101101110011011100111010100101110111000010010011010001100011111111111011111011100111110100010010110000010101010011110100010010111010101110001110001011010001100011011001101100101011001100100010110101100110110111010111100101011111001010010000111001110111101000111100010101101001011011110010010100010111100111011010110011010100110100011111101111010100110110111011100010110110111101000100111011110110101001001011111111010101100110011101011011001101111111100011011000110110110011001001001111101001001 
11100001110110010000100000100001101110010100100010010001001001100101100000001100001101100011011010010011010000010000010010110010010100110000000101000001110010010101010100100000000010001000001100011101000011000001000011001111011010001100010000001111000111001101001001111111100000100001111010100101100001111001001001001101000001110100111101111001100110101010000001000001100000010110001011111011011100101111110011101001001111000100110011010101001110010011000010001101110000010010110100001000100000110000001010000111 
11100001110110010000100000100001101110010100100010010001001001100101100000001100001101100011011010010011010000010000010010110010010100110000000101000001110010010101010100100000000010001000001100011101000011000001000011001111011010001100010000001111000111001101001001111111100000100001111010100101100001111001001001000011101000101101001100000101100011100110001001011000011101101001110110010010010100010100011011001100111100111000101100000101000000001011110110110010100000010000101110111111100011100001100010111111 
11100001110110010000100000100001101110010100100010010001001001100101100000001100001101100011011010010011010000010000010010110010010100110000000101000001110010010101010100100000000010001000001100011101000011000001000011001111011010001100010000001111000111001101001001111111100000100001111010100101100001111001001001000011101000101101001100000101100011100100011111010010101000100001011101000110111101001110000011000001011100101100000110010011111010101011000101000011011100010001110110100011011111101101011111011100 
00111001100100010110100101100101110010000001011101101110011000010111000011000110100011101111100001101001100101010110110111000010010111011100001011001000001000010000010110110001010000110011000010101110100010101000111010111101100010010000011011101010001100111000011010111000010011101010101011100111100101000111110001000001010101100100010100000010110000011011110100100101010010100111000111010100100100101000011001011001001111000100110011010101001110010011000010001101110000010010110100001000100000110000001010000111 
11100001110110010000100000100001101110010100100010010001001001100101100000001100001101100011011010010011010000010000010010110010010100110000000101000001110010010101010100100000000010001000001100011101000011000001000011001111011010001100010000001111000111001101001001111111100000100001111010100101100001111001001001000011101000101101001100000101100011100100011111010010101000100001011101000110111101001110000011000001011100101100000110010011111010101011000101000011011100010001110110100011011111101101011111011100 
11100001110110010000100000100001101110010100100010010001001001100101100000001100001101100011011010010011010000010000010010110010010100110000000101000001110010010101010100100000000010001000001100011101000011000000101101100101100011110111001010111010011001001010111010010011010110110101110100101010011110000110111110100000000011000100110011010110110011101000001100010110010111101101010011011001000100001011001101010110110111111001000000010000000001001000001001100010101010010010110110100010100000101100011000001011 
10111001101101011010010110000010000110010001111000011110000110101000101101100110010000010011011001111010100101000010010011011000010111110101000000000100110011000010110001001110010000110011000010101110100010101000111010111101100010010000011011101010001100111000011010111000010011101010101011100111100101000111110001000001010101100100010100000010110000011011110100100101010010100111000111010100100100101000011001011001001111000100110011010101001110010011000010001101110000010010110100001000100000110000001010000111 
11111000010111100101011110101100010011010101101001011001100110001110000100111011100011101100111110111111010100011110111111110010011011101000100100000011001110110101101110010101111111110100000101100111111001001101110010010011001110111111010110100110101110111110000001000100011010010010100010110101101011100011111111100000110001111010111100001111111100110101111100100011000010110000000101001110111001100001101111101111101101111001110010001001000011011100000000001011101110010010100010001110110001100101110101100001 
11100001110110010000100000100001101110010100100010010001001001100101100000001100001101100011011010010011010000010000010010110010010100110000000101000001110010010101010100100000000010001000001100011101000011000001000011001111011010001100010000001111000111001101001001111111100000100001111010100101100001111001001001001101000001110100111101111001100110101010000001000001100000010110001011111011011100101111110011101110110101111100111111111100111100001000001111110001111001000011000110110110011001001001111101001001 
01010000001111101010110111100111000010111010111000100100011101100011000001110100111101001111011100111110100010010110000010101010011110100010010111010101110001110001011010001100011011001101100101011001100100010110101100110110111010111100101011111001010010000111001110111101000111100010101101001011011110010010100010111100111011010110011010100110100011111101111010100110110111011100010110110111101000100111011110110101001001011111111010101100110011101011011001101111111100011000101011101011000000010001001101000111 
11100001110110010000100000100001101110010100100010010001001001100101100000001100001101100011011010010011010000010000010010110010010100110000000101000001110010010101010100100000000010001000001100011101000011000001000011001111011010001100010000001111000111001101001001111111100000100001111010100101100001111001001001001101000001110100111101111001100110101010000001000001100000010110001011111011011100101111110011101110110101111100111111111100111100001000001111110001111001000011000110110110011001001001111101001001 
01010000001111101010110111100111000010111010111000100100011101100011000001110100111101001111011100111110100010010110000010101010011110100010010111010101110001110001011010001100011011001101100101011001100100010110101100110110111010111100101011111001010010000111001110111101000111100010101101001011011110010010100010111100111011010110011010100110100011111101111010100110110111011100010110110111101000100111011110110101001001011111111010101100110011101011011001101111111100011000101011101011000000010001001101000111 
11111000010111100101011110101100010011010101101001011001100110001110000100111011100011101100111110111111010100011110111111110010011011101000100100000011001110110101101110010101111111110100000101100111111001001101110010010011001110111111010110100110101110111110000001000100011010010010100010110101101011100011111111100000110001111010111100001111111100110101111100100011000010110000000101001110111001100001101111101111101101111001110010001001000011011100000000001011101110010010100010001110110001100101110101100001 
11100001110110010000100000100001101110010100100010010001001001100101100000001100001101100011011010010011010000010000010010110010010100110000000101000001110010010101010100100000000010001000001100011101000011000001000011001111011010001100010000001111000111001101001001111111100000100001111010100101100001111001001001001101000001110100111101111001100110101010000001000001100000010110001011111011011100101111110011101110110101111100111111111100111100001000001111110001111001000000101011101011000000010001001101000111 
10111001101101011010010110000010000110010001111000011110000110101000101101100110010000010011011001111010100101000010010011011000010111110101000000000100110011000010110001001110010000110011000010101110100010101000111010111101100010010000011011101010001100111000011010111000010011101010101011100111100101000111110001000001010101100100010100000010110000011011110100100101010010100111000111010100100100101000011001011001001111000100110011010101001110010011000010001101110000010010110100001000100000110000001010000111 
00110010001111011001011110011110100001011000000011101010011010100011000101000001110010100101101010100011010000000001101111100000011011000110000101100111100111110101010000000000000110000101000011111001011110001100101101100101100011110111001010111010011001001010111010010011010110110101110100101010011110000110111110100000000011000100110011010110110011101000001100010110010111101101010011011001000100001011001101010110110111111001000000010000000001001000001001100010101010010010110110100010100000101100011000001011 
01011111001101111000001100111101011001101111100000011100010111010100011101110011001101010101001000100110110110110101011100111111011011101100010000011111010100101000000011111010011100001011001100001010110100110011111110100010111000100110111100101111101001110011010010101110110100011110010110111001110101010011101000101111000111101111111000101111101001111110011111110110011110100011001110011011011111100011111000101100000000111101111111001110101101100101010000111101100001000001010011101001111001100001100001111101 
11110101101111101101011110000011100010000110001010011110000010010001100111101000101111111010000111000011010010010110000010101010011110100010010111010101110001110001011010001100011011001101100101011001100100010110101100110110111010111100101011111001010010000111001110111101000111100010101101001011011110010010100010111100111011010110011010100110100011111101111010100110110111011100010110110111101000100111011110110101001001011111111010101100110011101011011001101111111100011011000110110110011001001001111101001001 
00101011100011100101111100110110111011111001001010111000000000110010000001001000100101001011011011100110011001110000001111010110000100100111101101010010100101100110011010101100110001110011000101110101111111111000110011101011111001010010001001101101100010000000011001000110111100010110010000100100110111011100000011100011101111010011000011010010001100000001100010010110100011100000001011011001000100001011001101010110110111111001000000010000000001001000001001100010101010010010110110100010100000101100011000001011 
00001001011000011110011111110110100011010011100101110000110100111110010001001100100100110101111111101111000111001111100101101010000101010111001100101011111111010111011011100001111000011010101110011101001111010101100010010001010001111100110111100101000010011100110000110100100100100110111001011100010100101110111101110011010000001111001111101100000101101110010001111010100101100011011111100100000000001100111101111001001100110110101000101011110101100010001000011011110010010011011001101000111101111110101101011001 
00111111101010010011110000010110101011100000100110001110011100001000100011110011001110100101010101011100010011001001011001000010011100110100110101100100111110100110010010101000100000011000110110010011101010011010001100100101111110110101010100010011111000110110001011000010000001000010001000110101010100001011100000110011010000001110101011001001010000000100000011000110000000101111110101001111111011001001010010011111001110101100100011111101011111010100101110000001100010101000001010011000001110001001011011000101 
10110101011101010000011011110111011011111000000101111010001110010101011000011100101111100011100011110101100101011101011100111101100001101100010010011010000111000101001111110101011100011111011100100111010001010010111010100000100010010001101111011101011111100100100011100000110110000011111011100011101011100011111111100000110001111010111100001111111100110101111100100011000010110000000101001110111001100001101111101111101101111001110010001001000011011100000000001011101110010010100010001110110001100101110101100001 
10100110100100111101010010001111110110101001111011001111110000111011110001011111010010011001101101110111101101111000101001000111101111000001010011011111101000100001100000000001101001110110110000011000110001101000000111101110000110011011111111111101110001010100101011000111100110011111011101100110111011001000000110110101010010011000100111111110111110111000111111111011011101001111101010111100100101000101110110001011111011101101111101100100011001101000110110011100100001100110100111000011000111001000011100101011 
11100110111011111111110111010000001110000010000011101000010110100100001110001000101011011110010011111110011010101011000111110111010100111000010010010000100000101100100010010010010111000000111100000110101101001011010011100001110011010000100100000111111110110101010011100011111100101111101001010001011100011011001111011110011101100011010100000001101101110111011011101011101010111111001000111010001011011011101010101111110011001111000110111110000110111011011000100011000011010011011101110010110011111000101111101111 
11110101101111101101011110000011100010000110001010011110000010010001100111101000101111111010000111000011010010010110000010101010011110100010010111010101110001110001011010001100011011001101100101011001100100010110101100110110111010111100101011111001010010000111001110111101000111100010101101001011011110010010100010111100111011010110011010100110100011111101111010100110110111011100010110110111101000100111011110110101001001011111111010101100110011101011011001101111111100011011000110110110011001001001111101001001 
11100001110110010000100000100001101110010100100010010001001001100101100000001100001101100011011010010011010000010000010010110010010100110000000101000001110010010101010100100000000010001000001100011101000011000001000011001111011010001100010000001111000111001101001001111111100000100001111010100101100001111001001001001101000001110100111101111001100110101010000001000001100000010110001011111011011100101111110011101110110101111100111111111100111100001000001111110001111001000000101011101011000000010001001101000111 
10110101011101010000011011110111011011111000000101111010001110010101011000011100101111100011100011110101100101011101011100111101100001101100010010011010000111000101001111110101011100011111011100100111010001010010111010100000100010010001101111011101011111100100100011100000110110000011111011100011101011100011111111100000110001111010111100001111111100110101111100100011000010110000000101001110111001100001101111101111101101111001110010001001000011011100000000001011101110010010100010001110110001100101110101100001 
10100110100100111101010010001111110110101001111011001111110000111011110001011111010010011001101101110111101101111000101001000111101111000001010011011111101000100001100000000001101001110110110000011000110001101000000111101110000110011011111111111101110001010100101011000111100110011111011101100110111011001000000110110101010010011000100111111110111110111000111111111011011101001111101010111100100101000101110110001011111011101101111101100100011001101000110110011100100001100110100111000011000111001000011100101011 
00101011100011100101111100110110111011111001001010111000000000110010000001001000100101001011011011100110011001110000001111010110000100100111101101010010100101100110011010101100110001110011000101110101111111111000110011101011111001010010001001101101100010000000011001000110111100010110010000100100110111011100000011100011101111010011000011010010001100000001100010010110100011100000001011011001000100001011001101010110110111111001000000010000000001001000001001100010101010010010110110100010100000101100011000001011 
00110010001111011001011110011110100001011000000011101010011010100011000101000001110010100101101010100011010000000001101111100000011011000110000101100111100111110101010000000000000110000101000011111001011110001100101101100101100011110111001010111010011001001010111010010011010110110101110100101010011110000110111110100000000011000100110011010110110011101000001100010110010111101101010011011001000100001011001101010110110111111001000000010000000001001000001001100010101010010010110110100010100000101100011000001011 
00001001011000011110011111110110100011010011100101110000110100111110010001001100100100110101111111101111000111001111100101101010000101010111001100101011111111010111011011100001111000011010101110011101001111010101100010010001010001111100110111100101000010011100110000110100100100100110111001011100010100101110111101110011010000001111001111101100000101101110010001111010100101100011011111100100000000001100111101111001001100110110101000101011110101100010001000011011110010010011011001101000111101111110101101011001 
00111101001001000001110101001111001001010011000111111001000110110100111110110100000110100101111101111101100000000111100010111011001101100100010110011010000011001100100010010010010111000000111100000110101101001011010011100001110011010000100100000111111110110101010011100011111100101111101001010001011100011011001111011110011101100011010100000001101101110111011011101011101010111111001000111010001011011011101010101111110011001111000110111110000110111011011000100011000011010011011101110010110011111000101111101111 
00111111101010010011110000010110101011100000100110001110011100001000100011110011001110100101010101011100010011001001011001000010011100110100110101100100111110100110010010101000100000011000110110010011101010011010001100100101111110110101010100010011111000110110001011000010000001000010001000110101010100001011100000110011010000001110101011001001010000000100000011000110000000101111110101001111111011001001010010011111001110101100100011111101011111010100101110000001100010101000001010011000001110001001011011000101 
01011111001101111000001100111101011001101111100000011100010111010100011101110011001101010101001000100110110110110101011100111111011011101100010000011111010100101000000011111010011100001011001100001010110100110011111110100010111000100110111100101111101001110011010010101110110100011110010110111001110101010011101000101111000111101111111000101111101001111110011111110110011110100011001110011011011111100011111000101100000000111101111111001110101101100101010000111101100001000001010011101001111001100001100001111101 
00000101100110000010010001101110001011101010010011111010000000100100010010110111111101011101110010111011100000100111001011111011011101011001100000101100000000010011000011011011100100000110100100001000011110000001101000101000000000101111110110000010010001010011000000011110001100100100001100010110100110110101010111100001111111010111001110011010010110000010010100111011011011010111010011100011010010100000001100110111000101101011001100111101001101100110100011101011100010101110101000001010010110001001111110000001 
00101011100011100101111100110110111011111001001010111000000000110010000001001000100101001011011011100110011001110000001111010110000100100111101101010010100101100110011010101100110001110011000101110101111111111000110011101011111001010010001001101101100010000000011001000110111100010110010000100100110111011100000011100011101111010011000011010010001100000001100010010110100011100000001010100111110011000001111000111000001011101000110011010110011100001001110001011011100110001111100100110110101100011100001101000101 
00010111001101100011001001110110110001110001111000011111101001100110110001011001001000010010111010101101110000111100001110110010010111001001100101111101111101010000001000111100010000011001001000111100000010011010011010011011101111101110111110101101010001000100011010111000010011101010101011100111100101000111110001000001010101100100010100000010110000011011110100100101010010100111000111010100100100101000011001011001001111000100110011010101001110010011000010001101110000010010110100001000100000110000001010000111 
11111000010111100101011110101100010011010101101001011001100110001110000100111011100011101100111110111111010100011110111111110010011011101000100100000011001110110101101110010101111111110100000101100111111001001101110010010011001110111111010110100110101110111110000001000100011010010010100010110101111100011011011001111011011011100011001101000010000001111011000001100000101100110011111001000100011101111000100001000101110111111111010010011100110110011000001110000001111011010111100000010000101000010111111000111101 
11000110001101010111110101001000101010001011010010010101000101111001101010000111010000000100001110110010000101100110101010000011111101011010101101011000110110111110000100001001111100100010111000110010111110001010110100000010111000000010010010101001100111001010001101100110010100110000000100011110100000111100000001101110110101111010010011011111100100110110010001001110001100111101000111001001101110110010010101000110011010100000110100101110000001110100100100101111010010111111001001000100010110001001111110000001 
11100000001111000001000101000001110010010000010101101000001000000000011111111001001000110001110111101011011101100011011111101111010110001011100000101010111011110001111101010011001101001010101011100101101110011010101011000001000101000101001010000001101001100011001000001101000010000111011110101101111001010100010101110011100100000101000110011111001101000100100000101001111110110100100100011100011111010100000000000010110100110011001001010100010011111111000010010100111001101011001111110000111000010100000100010011 
00101100001011111000011101010111011010110001101100001001111010010101100100111001110101001010000001111001001011000010001100101110101101000010011111000100100010101000110101111101010000010011001011110000001000111110101001010010011100100011100011111011001000101101001000110101000111001000001111111001110111010111000101100000001000001101101110010110011011011110001001011000011101101001110110010010010100010100011011001100111100111000101100000101000000001011110110110010100000010000101110111111100011100001100010111111 
00110010001111011001011110011110100001011000000011101010011010100011000101000001110010100101101010100011010000000001101111100000011011000110000101100111100111110101010000000000000110000101000011111001011110001100101101100101100011110111001010111010011001001010111010010011010110110101110100101010011110000110111110100000000011000100110011010110110011101000001100010110010111101101010010100111110011000001111000111000001011101000110011010110011100001001110001011011100110001111100100110110101100011100001101000101 
00110100011001100100111111111000010010110101010100101010011010110101001010011101001111010110000101110100101001011000110100011101110100000011110001111110011110101100001010000000110010011111010110100000000111111101000111010111111100111110100111011101110110111010110101101001011001101101011100001001111110010000111011110011011010101010000001110011101001100001111110101100001111111011111000111011010001110111100101111111011110100000100010001001000111100111110111011100110001110110101000110101001111110100100000111111 
11100001110110010000100000100001101110010100100010010001001001100101100000001100001101100011011010010011010000010000010010110010010100110000000101000001110010010101010100100000000010001000001100011101000011000001000011001111011010001100010000001111000111001101001001111111100000100001111010100101100001111001001001001101000001110100110100000001101101110111011011101011101010111111001000111010001011011011101010101111110011001111000110111110000110111011011000100011000011010011011101110010110011111000101111101111 
01010000001111101010110111100111000010111010111000100100011101100011000001110100111101001111011100111110100010010110000010101010011110100010010111010101110001110001011010001100011011001101100101011001100100010110101100110110111010111100101011111001010010000111001110111101000111100010101101001011011110010010100010111100111011010110011010100110100011111101111010100110110111011100010110110111101000100111011110110101001001011111111010101100110011101011011001101111111100011011000110110110011001001001111101001001 
00111101001001000001110101001111001001010011000111111001000110110100111110110101100110111101001000000011101010000000101101010000101111011011000100010000000100110101001110001101011010100011110001001011001000110011100110110111000100100011001000001110011100111101110101001111000111111100110100111111000010000110110001101110000011001011110001100001110111000000100000011010001001110101011011101111001001101000001101110010100101010000101011010001101100100100010110111000100010110111011010001100101100001001011101110101 
00001101000100010100010000101100100100011010011101001010001100011111000111000100110100000110111001011001001000011101111111010001111011000010000100010000001100010000011100111010110111000100010110011010010100100010110011011110101001111001010011000011100101111000000111000001001001100110101110010001010000110101101011101000011010101001111110100100110000101000011100001111110100110111101010010011111000100111010000001111011001110010001010110010101111000111111011011100110101011100111001001100111111010100100110101111 
00101100101111111001000011000011001000110000100101110000001000000110100001100100110011111100100110001000000111010001010010010000101110000111110101000100110001101110010011111000000110011100000110011111011010000101100011010001011100001011111110110100100100001110110001101111110101110001111100111101100101111111011001001110100111001001100101011100000100001110001100001011001100001110001000111000010101100000001001110011110000110000100000000010000011110001110000101010001010100011101000001101110100101011101111010001 
00110010111000111000110111101011101011010111100010110101110000000110011101110010101100111110001100100111110110001101011001111101001100000001111011111011111110000110100111001110100101011101101110011010111001001101010011010110000111001010100001000000010001111011001000000111010010111101100011100010010101110000011000001010111000100101000001111001101110100011101011010101101100110100111011000001001000011111000000001001001011000000111111100110010111111011100100000111010111010110111110011011111101111110001000011111 
00110010111000111000110111101011101011010111100010110101110000000110011101110010101100111110001100100111110110001101011001111101001100000001111011111011111110000110100111001110100101011101101110011010111001001101010011010110000111001010100001000000010001111011001000000111010010111101100011100010010101110000011000001010111000100101000001111001101110100011101011010101101100110100111011000001001000011111000000001001001011000000111111100110010111111011100100000111110101001001001110110010110101111100111101110011 
11001001100000101010100011011001101010000000001010111011111011001000011000000110110111111100101110000110110111110011111000101110100110000111110100100101010010100111000110001110010100100001110101101011000101101110110110111110001000110100011001100110101111011101111101100000100011101101011000110011001010000001110011000000100110000001010001010111110010001100010001101111111110000001101001101011001110111110110001111101110010011111011111101001001000011101010110001000111110100000110010010110100101001110110000101111 
00010110101111101101011001111110011100111111101000111010000011011101101101001100110111010001000001001001000111100101110101001000001101111010010001100000101010010101110101101101000110001110011111110100011101001101000111010100000001000010001010101110101000111010110111100001001000111100100000111011111001100111110011110010100100001011010000010100011001010101000001110111101000111101111010011010001001111000010011001101010010011010000110111011011111000011011010011111111110110111000100001100011111001110100100101111 
10010101011111100110010100100010111011110011001101100100000111010101011111100100111101000100010100010010110000101100011111110100101111111001111001111001100101111010111111001110010110001010110011110110111000100110100100101110001011000000011110110011001010101011110001011101100111100101000111100100111001010110101000110001101110110000011001100111111100110011100000110000010110010010110010111000001000011001111011010010111110001000001110010011111110100011111010110111000100000010100101000100000011000100100111000011 
10001011000111111100111110000011000101110000001000001100000010001010010000010010010100001101110001010010111101111011101100110100111111100010000100011111111101100101000100101001111110011000100101000001110000110101001010111011001110110000110001000011000111010010101010100111111101011000101000010010111010011000111001001111011110101111001000110000101000100010110110011110100000000100001011100100000001101000001001011101011010010001010101001101111000000101110111000101111111000110011010011011100000010110101001101001 
01111010000100000101101110011011100111010100101110111000010010011010001100011111111111011001011100110010001011010100101110000110111100111010010001100111001111100001011010110000010101110101001000101110110100111100001000110110010101100001001101011111001011111010001100011011110101011110001111011001110010011100110111101001111110010101011001111101100010101011110011010011110110010110001100100101100110010100101010101101100100010101000111000001011100010010110000011111010110001000000111001111010101011011000010000011 
10111111001011000000111000010101110101010011010001110011101001001100011000000000100101010010110011000010001111010010110011001111101100100111011110001100000101001000101100100101000001111010010101111101010110101010001011111100010000100110111010000001111010001110000100000100101000100011000110001100001111100011100010010101100110110110100001011001011110010100000000011000100011101011011111111100110101011000110010111000101111111100010001111000001101111100101010110111110011001100101111000101100010110010101111110101 
00010111001101100011001001110110110001110001111000011111101001100110110001011001001000010010111010101101110000111100001110110010010111001001100101111101111101010000001000111100010000011001001000111100000010011010011010011011101111101110111110101101010001000101011101010111110111100100000101000101011110111010011010110000110011110101001101001110111000111101100111110010101011100011110110111000010101110100000010000101100110000110010000000110101001101011110000000100010110001011011001101010001101001100011000111111 
11111101001110001101010111110111011001101001010001001000010011000101110101011011111110110010111010111000111110111101100010111100010011010101111101010100011011110101001101011001000111001111010011101101101010110100111010001011010100110111010000001011000111000000101110101000000011101011100000111000110011001100101000000100110110001010010001010110001100110111110010001011111010110111011001010011101100111011111110111011000011111001110000010001010111001000110010101001001000101101110001111001000010111000111001000111 
00101001011000110110001011000100111001001100011001110101111011100110000010010001011011001001101010101111110010100110101010000010000111000100111001011001000110000110110010110011111100011001110111100101110000010110111000101111100001110000110111101100100001101100011001011100111001111010001111111001011110111100101101010010000110110010110110011011000010000101010010111110010111110010000101011010110100000000110111110000010100111101100010110101000101100110001000100111001010110101000100100101011111001000010110010101 
00111001100100010110100101100101110010000001011101101110011000010111000011000110100011101111100001101001100101010110110111000010010111011100001011001000001000010000010110110001000001111101000110101101101110110010111000100111111110000010110101100000011101101100101001110000010010000000010011111111110101110000000000111010101101000011100100000011010101101110010111111110010101110110111011100010000111100010001111010110010111100101001111101111001000001010000110100000000100001001101100001111101100101111010111110001 
11110101101111101101011110000011100010000110001010011110000010010001100111101000101111111010000111000011010100110111001100111001011000110110100101011001101111011000111110011011111001110101100001010010011000001000101001111000100111111101101111000011110010100100100000110011001011001010000111000101010010001100100011001110110011011010101010001100111111111001100100000001011111101010001100010011111100010010110011110011011000100011100100110010101100010010000001010100100000100100011000100010110110100101000110110011 
00111101001001000001110101001111001001010011000111111001000110110100111110110100000110100101111101111101100000000111100010111011001101100100010110011010000011000011011111101010001000111010000100000101001111000011001111011000000011011001111111100100111001001110110101101000111111101011100011010100101011110011110101000111100000011010010001100000001111110101010001110000100110100110010000010100000001100110001011001011101000000110001011111001100011111110100111011011011110011001011011110111100100110010001001011101 
01101011010101011000111111010110011100011111101010110010100010100100011100010010011110010110001010001011000011111110110100001011000011001110000100010100001011010101110111000010101010010101101101011110110000111000100001100100101101001001010000000011010001000100110100100000001110101001010011001011001110101010111010110110011011100101011100100110101010100100000111111110011100110001101011001111010100010000111100010101011100101011101001010011000111110010111011000001001111110001101001111110101010100011110110010011 
11100010100011000100010010001110000111111110100111011100100111100111100011010000111110000010111100101111110001100111011111101100011000001110110000110101111101010000100011010110110100111001101011000010011001000001000011011101100111000010001001011101000110010001101011101110111000100011011010011001101001101010111100000011010001101110010101011011100010110000001111001011100001001001111001001010010010111111010010011100100111010011111001001010111000100001010000011111110110100111011010011101100110001010011010111001 
10101001010101100000011011111110110100111010000100010110001100100000010110111110001101101011000001011111001011010010000100111101000111100010100000000000110101100111000111101000010011001000110111110111011110011011001001110111101100011011010001001011011101111110111110100101111101001100000101101100111101010000010001010101110100011011000001111001111110110000010101000001100011010101111001010001010011101000001000101100111011001001011000110100111101100101001010101011000101100110010000001000101101111011010000100101 
11011011001011000001001101010000011101011101001010101101011000100011110000010111010111010000101101010011001111000101010110000011110101011010111011000100110111100110100110001010101101000110101000100010011011011011011001101111011000011110100001011001111011111110110010100101100101111001010001000101111101101001110110111011110110000011100000001011001011110111100101101100101111110011010100100110000001100000100001101111100110011110111010010100110110111111000010010001000000111100100100000111001110001001001111001101 
00101011101000010000001010001110010011101000000110101110100011111101010110011101011110101001010110000010100101101110110001111011010010100110010101000101110101110101011101110010101100001010011011010110000001011000111111001011111110001011101000101010010101011110001000000111001111011011010001011110010110000100001000000010111001111110100010111001100101111110110101100110011111010110000011011010000101010011111101100101011000100110101001011100111000010000001110000001111011010111100000010000101000010111111000111101 
11000000110001000010010100000111110011111110010100011111001101100111010011110111101001010100111001001011111001001010001110100111010000100110010101100001110001001001100111110101100101110101010110011011001001001001111011101001110000000001001011010100110111111110011010101010011100101010000011001111010000110101101011101010100110011111011100110011110100111101001110110011001100111110000000101000110100011001111111010010100001101100101000001010101111011001001011001101101111101110100110010110011110000011101110001011 
00001101110101100110010011010110100110001111010111001010101000010111000100110001010100011010011110000011101101011110110000100101010001100010000000110010001110001111010010110001000110001010010001100001001000100111011011001100001100100000111010110010000001110101100111101011110011110101011000110100110101010000111111111010101000000100001010100110010111000010001111001101100110110000101101110101111010100101100010001011011101110100011001001001000110011000010101100001011101000100100010010001110011011110011110011111 
11101110111101010101110111010011011000101111101111010000110111100011100010111101100110111101001000000011101010000000101101010000101111011011000100010000000100110101001110001101011010100011110001001011001000110011100110110111000100100011001000001110011100111101110101001111000111111100110100111111000010000110110001101110000011001011110001100001110111000000100000011010001001110101011011101111001001101000001101110010100101010000101011010001101100100100010110111000100010110111011010001100101100001001011101110101 
00000101100110000010010001101110001011101010010011111010000000100100010010110111111101011101110010111011100000100111001011111011011101011001100000101100000000010011000011011011100100000110100100001000011110000001101000101000000000101111110110000010010001010011000000011110001100100100001100010110100110110101010111100001111111010111001110011010010110000010010100111011011011010111010011100011010010100000001100110111000101101011001100111101001101100110100011101011100010101110101000001010010111111101001000110111 
00001101010010001101010101001101011110011100100010101000001110111000101010111110010101101000100000101001000100001010011010000011100110111011001100000000010000000001010111000100100111100101100011111100000100010100111011000000000100011101110000100110000011011101010010111111111111001110000111010100000111101100101110010101010001001110111011000001000111100110100010101111010000011110111101000110000000111110001001101100010110000111100100100001101010001101110110000111110101001001001110110010110101111100111101110011 
11001001100000101010100011011001101010000000001010111011111011001000011000000110110111111100101110000110110111110011111000101110100110000111110100100101010010100111000110001110010100100001110101101011000101101110110110111110001000110100011001100110101111011101111101100000100011101101011000110011001010000001110011000000100110000001010001010111110010001100010001101111111110000001101001101011001110111110110001111101110010011111011111101001001000011101010110001000111110100000110010010110100101001110110000101111 
01010000001111101010110111100111000010111010111000100100011101100011000001110100111101001111011100111110100010010110000010101010011110100010010111010101110001110001011010001100011011001101100101011001100100010110101100110110111010111100101011111001010010000111001110111101000111100010101101001011011110010010100010111100111011010110011010100110100011111101111010100110110111011100010110110111101000100111011110110101001001011111111010101100110011101011011001101111111100011011000110110110011001001001111101001001 
00101011100011100101111100110110111011111001001010111000000000110010000001001000100101001011011011100110011001110000001111010110000100100111101101010010100101100110011010101100110001110011000101110101111111111000110011101011111001010010001001101101100010000000011001000110111100010110010000100100110111011100000011100011101111010011000011010010001100000001100010010110100011100000001010100111110011000001111000111000001011101000110011010110011100001001110001011011100110001111100100110110101100011100001101000101 
10101001010101100000011011111110110100111010000100010110001100100000010110111110001101101011000001011111001011010010000100111101000111100010100000000000110101100111000111101000010011001000110111110111011110011011001001110111101100011011010001001011011101111110111110100101111101001100000101101100111101010000010001010101110100011011000001111001111110110000010101000001100011010101111001010001010011101000001000101100111011001001011000110100111101100101001010101011000101100110010000001000101101111011010000100101 
00110010001111011001011110011110100001011000000011101010011010100011000101000001110010100101101010100011010000000001101111100000011011000110000101100111100111110101010000000000000110000101000011111001011110001100101101100101100011110111001010111010011001001010111010010011010110110101110100101010011110000110111110100000000011000100110011010110110011101000001100010110010111101101010010100111110011000001111000111000001011101000110011010110011100001001110001011011100110001111100100110110101100011100001101000101 
00010111001101100011001001110110110001110001111000011111101001100110110001011001001000010010111010101101110000111100001110110010010111001001100101111101111101010000001000111100010000011001001000111100000010011010011010011011101111101110111110101101010001000100011010111000010011101010101011100111100101000111110001000001010101100100010100000010110000011011110100100101010010100111000111010100100100101000011001011001001111000100110011010101001110010011000010001101110000010010110100001000100000110000001010000111 
00110010111000111000110111101011101011010111100010110101110000000110011101110010101100111110001100100111110110001101011001111101001100000001111011111011111110000110100111001110100101011101101110011010111001001101010011010110000111001010100001000000010001111011001000000111010010111101100011100010010101110000011000001010111000100101000001111001101110100011101011010101101100110100111011000001001000011111000000001001001011000000111111100110010111111011100100000111010111010110111110011011111101111110001000011111 
01011101111000000000110001001000101010111101010100111101010000100010100101000111110001110000011101100011001100111010011101110010010100010010100110001011111011100010101001001101011001011000100111000101101011000011110111100011010111101101111100001011100001110010000110000100110111100101011111110000111001011010110100010001100110001010111100010000111010100101110100010010110101111011001101111001010110000110001011111011101011000001000100000010101100011001011001100001000001010011100110001100001110001111111110000001 
00101100101111111001000011000011001000110000100101110000001000000110100001100100110011111100100110001000000111010001010010010000101110000111110101000100110001101110010011111000000110011100000110011111011010000101100011010001011100001011111110110100100100001110110001101111110101110001111100111101100101111111011001001110100111001001100101011100000100001110001100001011001100001110001000111000010101100000001001110011110000110000100000000010000011110001110000101010001010100011101000001101110100101011101111010001 
00001101000100010100010000101100100100011010011101001010001100011111000111000100110100000110111001011001001000011101111111010001111011000010000100010000001100010000011100111010110111000100010110011010010100100010110011011110101001111001010011000011100101111000000111000001001001100110101110010001010000110101101011101000011010101001111110100100110000101000011100001111110100110111101010010011111000100111010000001111011001110010001010110010101111000111111011011100110101011100111001001100111111010100100110101111 
00101001011000110110001011000100111001001100011001110101111011100110000010010001011011001001101010101111110010100110101010000010000111000100111001011001000110000110110010110011111100011001110111100101110000010110111000101111100001110000110111101100100001101100011001011100111001111010001111111001011110111100101101010010000110110010110110011011000010000101010010111110010111110010000101011010110100000000110111110000010100111101100010110101000101100110001000100111001010110101000100100101011111001000010110010101 
11100110111011111111110111010000001110000010000011101000010110100100001110001000101011011110010011111110011010101011000111110111010100111000010010010000100000101100100010010010010111000000111100000110101101001011010011100001110011010000100100000111111110110101010011100011111100101111101001010001011100011011001111011110011101100011010100000001101101110111011011101011101010111111001000111010001011011011101010101111110011000000110100101110000001110100100100101111010010111111001001000100010111111101001000110111 
11111000010111100101011110101100010011010101101001011001100110001110000100111011100011101100111110111111010100011110111111110010011011101000100100000011001110110101101110010101111111110100000101100111111001001101110010010011001110111111010110100110101110111110000001000100011010010010100010110101111100011011011001111011011011100011001101000010000001111011000001100000101100110011111001000100011101111000100001000101110111111111010010011100110110011000001110000001111011010111100000010000101000010111111000111101 
11111101001110001101010111110111011001101001010001001000010011000101110101011011111110110010111010111000111110111101100010111100010011010101111101010100011011110101001101011001000111001111010011101101101010110100111010001011010100110111010000001011000111000000101110101000000011101011100000111000110011001100101000000100110110001010010001010110001100110111110010001011111010110111011001010011101100111011111110111011000011111001110000010001010111001000110010101001001000101101110001111001000010111000111001000111 
00000101100110000010010001101110001011101010010011111010000000100100010010110111111101011101110010111011100000100111001011111011011101011001100000101100000000010011000011011011100100000110100100001000011110000001101000101000000000101111110110000010010001010011000000011110001100100100001100010110100110110101010111100001111111010111001110011010010110000010010100111011011011010111010011100011010010100000001100110111000101101011001100111101001101100110100011101011100010101110101000001010010110001001111110000001 
00101011101000010000001010001110010011101000000110101110100011111101010110011101011110101001010110000010100101101110110001111011010010100110010101000101110101110101011101110010101100001010011011010110000001011000111111001011111110001011101000101010010101011110001000000111001111011011010001011110010110000100001000000010111001111110100010111001100101111110110101100110011111010110000011011010000101010011111101100101011000100110101001011100111000010000001110000001111011010111100000010000101000010111111000111101 
11000000110001000010010100000111110011111110010100011111001101100111010011110111101001010100111001001011111001001010001110100111010000100110010101100001110001001001100111110101100101110101010110011011001001001001111011101001110000000001001011010100110111111110011010101010011100101010000011001111010000110101101011101010100110011111011100110011110100111101001110110011001100111110000000101000110100011001111111010010100001101100101000001010101111011001001011001101101111101110100110010110011110000011101110001011 
11100001110110010000100000100001101110010100100010010001001001100101100000001100001101100011011010010011010000010000010010110010010100110000000101000001110010010101010100100000000010001000001100011101000011000001000011001111011010001100010000001111000111001101001001111111100000100001111010100101100001111001001001001101000001110100110100000001101101110111011011101011101010111111001000111010001011011011101010101111110011001111000110111110000110111011011000100011000011010011011101110010110011111000101111101111 
11011011001011000001001101010000011101011101001010101101011000100011110000010111010111010000101101010011001111000101010110000011110101011010111011000100110111100110100110001010101101000110101000100010011011011011011001101111011000011110100001011001111011111110110010100101100101111001010001000101111101101001110110111011110110000011100000001011001011110111100101101100101111110011010100100110000001100000100001101111100110011110111010010100110110111111000010010001000000111100100100000111001110001001001111001101 
11000110001101010111110101001000101010001011010010010101000101111001101010000111010000000100001110110010000101100110101010000011111101011010101101011000110110111110000100001001111100100010111000110010111110001010110100000010111000000010010010101001100111001010001101100110010100110000000100011110100000111100000001101110110101111010010011011111100100110110010001001110001100111101000111001001101110110010010101000110011010100000110100101110000001110100100100101111010010111111001001000100010110001001111110000001 
00110010111000111000110111101011101011010111100010110101110000000110011101110010101100111110001100100111110110001101011001111101001100000001111011111011111110000110100111001110100101011101101110011010111001001101010011010110000111001010100001000000010001111011001000000111010010111101100011100010010101110000011000001010111000100101000001111001101110100011101011010101101100110100111011000001001000011111000000001001001011000000111111100110010111111011100100000111110101001001001110110010110101111100111101110011 
01101011010101011000111111010110011100011111101010110010100010100100011100010010011110010110001010001011000011111110110100001011000011001110000100010100001011010101110111000010101010010101101101011110110000111000100001100100101101001001010000000011010001000100110100100000001110101001010011001011001110101010111010110110011011100101011100100110101010100100000111111110011100110001101011001111010100010000111100010101011100101011101001010011000111110010111011000001001111110001101001111110101010100011110110010011 
11100000001111000001000101000001110010010000010101101000001000000000011111111001001000110001110111101011011101100011011111101111010110001011100000101010111011110001111101010011001101001010101011100101101110011010101011000001000101000101001010000001101001100011001000001101000010000111011110101101111001010100010101110011100100000101000110011111001101000100100000101001111110110100100100011100011111010100000000000010110100110011001001010100010011111111000010010100111001101011001111110000111000010100000100010011 
00110100011001100100111111111000010010110101010100101010011010110101001010011101001111010110000101110100101001011000110100011101110100000011110001111110011110101100001010000000110010011111010110100000000111111101000111010111111100111110100111011101110110111010110101101001011001101101011100001001111110010000111011110011011010101010000001110011101001100001111110101100001111111011111000111011010001110111100101111111011110100000100010001001000111100111110111011100110001110110101000110101001111110100100000111111 
00010111001101100011001001110110110001110001111000011111101001100110110001011001001000010010111010101101110000111100001110110010010111001001100101111101111101010000001000111100010000011001001000111100000010011010011010011011101111101110111110101101010001000101011101010111110111100100000101000101011110111010011010110000110011110101001101001110111000111101100111110010101011100011110110111000010101110100000010000101100110000110010000000110101001101011110000000100010110001011011001101010001101001100011000111111 
10111111001011000000111000010101110101010011010001110011101001001100011000000000100101010010110011000010001111010010110011001111101100100111011110001100000101001000101100100101000001111010010101111101010110101010001011111100010000100110111010000001111010001110000100000100101000100011000110001100001111100011100010010101100110110110100001011001011110010100000000011000100011101011011111111100110101011000110010111000101111111100010001111000001101111100101010110111110011001100101111000101100010110010101111110101 
01110001111100001000011001110100011101101111101101111000100010010010000001100110110010100100111101011101001111101000011000011011100110011011010011011110111010111101110101101100111001010110000011000001010110111101010010001100000101101111001101110111000010001101011100100001000010100110010110100101000011001001110011110010000100111110000011011101100000011010010011101010011000000000100000100101111101010111100101011010111010111111000110010101110010110010011010011100001000101000001110101001000110100111101111011011 
00010110101111101101011001111110011100111111101000111010000011011101101101001100110111010001000001001001000111100101110101001000001101111010010001100000101010010101110101101101000110001110011111110100011101001101000111010100000001000010001010101110101000111010110111100001001000111100100000111011111001100111110011110010100100001011010000010100011001010101000001110111101000111101111010011010001001111000010011001101010010011010000110111011011111000011011010011111111110110111000100001100011111001110100100101111 
00111101001001000001110101001111001001010011000111111001000110110100111110110101100110111101001000000011101010000000101101010000101111011011000100010000000100110101001110001101011010100011110001001011001000110011100110110111000100100011001000001110011100111101110101001111000111111100110100111111000010000110110001101110000011001011110001100001110111000000100000011010001001110101011011101111001001101000001101110010100101010000101011010001101100100100010110111000100010110111011010001100101100001001011101110101 
10111001101101011010010110000010000110010001111000011110000110101000101101100110010000010011011001111010100101000010010011011000010111110101000000000100110011000010110001001110000001111101000110101101101110110010111000100111111110000010110101100000011101101100101001110000010010000000010011111111110101110000000000111010101101000011100100000011010101101110010111111110010101110110111011100010000111100010001111010110010111100101001111101111001000001010000110100000000100001001101100001111101100101111010111110001 
10001011000111111100111110000011000101110000001000001100000010001010010000010010010100001101110001010010111101111011101100110100111111100010000100011111111101100101000100101001111110011000100101000001110000110101001010111011001110110000110001000011000111010010101010100111111101011000101000010010111010011000111001001111011110101111001000110000101000100010110110011110100000000100001011100100000001101000001001011101011010010001010101001101111000000101110111000101111111000110011010011011100000010110101001101001 
11110101101111101101011110000011100010000110001010011110000010010001100111101000101111111010000111000011010100110111001100111001011000110110100101011001101111011000111110011011111001110101100001010010011000001000101001111000100111111101101111000011110010100100100000110011001011001010000111000101010010001100100011001110110011011010101010001100111111111001100100000001011111101010001100010011111100010010110011110011011000100011100100110010101100010010000001010100100000100100011000100010110110100101000110110011 
10010101011111100110010100100010111011110011001101100100000111010101011111100100111101000100010100010010110000101100011111110100101111111001111001111001100101111010111111001110010110001010110011110110111000100110100100101110001011000000011110110011001010101011110001011101100111100101000111100100111001010110101000110001101110110000011001100111111100110011100000110000010110010010110010111000001000011001111011010010111110001000001110010011111110100011111010110111000100000010100101000100000011000100100111000011 
00111101001001000001110101001111001001010011000111111001000110110100111110110100000110100101111101111101100000000111100010111011001101100100010110011010000011000011011111101010001000111010000100000101001111000011001111011000000011011001111111100100111001001110110101101000111111101011100011010100101011110011110101000111100000011010010001100000001111110101010001110000100110100110010000010100000001100110001011001011101000000110001011111001100011111110100111011011011110011001011011110111100100110010001001011101 
00000101100110000010010001101110001011101010010011111010000000100100010010110111111101011101110010111011100000100111001011111011011101011001100000101100000000010011000011011011100100000110100100001000011110000001101000101000000000101111110110000010010001010011000000011110001100100100001100010110100110110101010111100001111111010111001110011010010110000010010100111011011011010111010011100011010010100000001100110111000101101011001100111101001101100110100011101011100010101110101000001010010111111101001000110111 
10000010001010111101110011001100001110001000010000000111100000111100000001101010000100000100111101011110000101110001001100011010001011100101011010001110010000111001011111101011100100111101111110100101010111001100011100011101111110010010011110100011010001011011000110011011001111100010001100101011000110100100111010011110001011100010101101010011111101100111100100110111010111110000001011001001110000001111010000101000011110001101001010101111000111101101111110001110101100111101001001111001101101010001110000101011 
11100001110110010000100000100001101110010100100010010001001001100101100000001100001101100011011010010011010000010000010010110010010100110000000101000001110010010101010100100000000010001000001100011101000011000001000011001111011010001100010000001111000111001101001001111111100000100001111010100101100001111001001001001101000001110100111101111001100110101010000001000001100000010110001011111011011100101111110011101001001111000100110011010101001110010011000010001101110000010010110100001000100000110000001010000111 
11100001110110010000100000100001101110010100100010010001001001100101100000001100001101100011011010010011010000010000010010110010010100110000000101000001110010010101010100100000000010001000001100011101000011000001000011001111011010001100010000001111000111001101001001111111100000100001111010100101100001111001001001000011101000101101001100000101100011100100011111010010101000100001011101000110111101001110000011000001011100101100000110010011111010101011000101000011011100010001110110100011011111101101011111011100 
11100001110110010000100000100001101110010100100010010001001001100101100000001100001101100011011010010011010000010000010010110010010100110000000101000001110010010101010100100000000010001000001100011101000011000001000011001111011010001100010000001111000111001101001001111111100000100001111010100101100001111001001001001101000001110100111101111001100110101010000001000001100000010110001011111011011100101111110011101110110101111100111111111100111100001000001111110001111001000011000110110110011001001001111101001001 
11100001110110010000100000100001101110010100100010010001001001100101100000001100001101100011011010010011010000010000010010110010010100110000000101000001110010010101010100100000000010001000001100011101000011000001000011001111011010001100010000001111000111001101001001111111100000100001111010100101100001111001001001001101000001110100111101111001100110101010000001000001100000010110001011111011011100101111110011101110110101111100111111111100111100001000001111110001111001000000101011101011000000010001001101000111 
01010000001111101010110111100111000010111010111000100100011101100011000001110100111101001111011100111110100010010110000010101010011110100010010111010101110001110001011010001100011011001101100101011001100100010110101100110110111010111100101011111001010010000111001110111101000111100010101101001011011110010010100010111100111011010110011010100110100011111101111010100110110111011100010110110111101000100111011110110101001001011111111010101100110011101011011001101111111100011000101011101011000000010001001101000111 
10111001101101011010010110000010000110010001111000011110000110101000101101100110010000010011011001111010100101000010010011011000010111110101000000000100110011000010110001001110010000110011000010101110100010101000111010111101100010010000011011101010001100111000011010111000010011101010101011100111100101000111110001000001010101100100010100000010110000011011110100100101010010100111000111010100100100101000011001011001001111000100110011010101001110010011000010001101110000010010110100001000100000110000001010000111 
10110101011101010000011011110111011011111000000101111010001110010101011000011100101111100011100011110101100101011101011100111101100001101100010010011010000111000101001111110101011100011111011100100111010001010010111010100000100010010001101111011101011111100100100011100000110110000011111011100011101011100011111111100000110001111010111100001111111100110101111100100011000010110000000101001110111001100001101111101111101101111001110010001001000011011100000000001011101110010010100010001110110001100101110101100001 
00001001011000011110011111110110100011010011100101110000110100111110010001001100100100110101111111101111000111001111100101101010000101010111001100101011111111010111011011100001111000011010101110011101001111010101100010010001010001111100110111100101000010011100110000110100100100100110111001011100010100101110111101110011010000001111001111101100000101101110010001111010100101100011011111100100000000001100111101111001001100110110101000101011110101100010001000011011110010010011011001101000111101111110101101011001 
00111111101010010011110000010110101011100000100110001110011100001000100011110011001110100101010101011100010011001001011001000010011100110100110101100100111110100110010010101000100000011000110110010011101010011010001100100101111110110101010100010011111000110110001011000010000001000010001000110101010100001011100000110011010000001110101011001001010000000100000011000110000000101111110101001111111011001001010010011111001110101100100011111101011111010100101110000001100010101000001010011000001110001001011011000101 
00101011100011100101111100110110111011111001001010111000000000110010000001001000100101001011011011100110011001110000001111010110000100100111101101010010100101100110011010101100110001110011000101110101111111111000110011101011111001010010001001101101100010000000011001000110111100010110010000100100110111011100000011100011101111010011000011010010001100000001100010010110100011100000001011011001000100001011001101010110110111111001000000010000000001001000001001100010101010010010110110100010100000101100011000001011 
11110101101111101101011110000011100010000110001010011110000010010001100111101000101111111010000111000011010010010110000010101010011110100010010111010101110001110001011010001100011011001101100101011001100100010110101100110110111010111100101011111001010010000111001110111101000111100010101101001011011110010010100010111100111011010110011010100110100011111101111010100110110111011100010110110111101000100111011110110101001001011111111010101100110011101011011001101111111100011011000110110110011001001001111101001001 
00110010001111011001011110011110100001011000000011101010011010100011000101000001110010100101101010100011010000000001101111100000011011000110000101100111100111110101010000000000000110000101000011111001011110001100101101100101100011110111001010111010011001001010111010010011010110110101110100101010011110000110111110100000000011000100110011010110110011101000001100010110010111101101010011011001000100001011001101010110110111111001000000010000000001001000001001100010101010010010110110100010100000101100011000001011 
10100110100100111101010010001111110110101001111011001111110000111011110001011111010010011001101101110111101101111000101001000111101111000001010011011111101000100001100000000001101001110110110000011000110001101000000111101110000110011011111111111101110001010100101011000111100110011111011101100110111011001000000110110101010010011000100111111110111110111000111111111011011101001111101010111100100101000101110110001011111011101101111101100100011001101000110110011100100001100110100111000011000111001000011100101011 
01011111001101111000001100111101011001101111100000011100010111010100011101110011001101010101001000100110110110110101011100111111011011101100010000011111010100101000000011111010011100001011001100001010110100110011111110100010111000100110111100101111101001110011010010101110110100011110010110111001110101010011101000101111000111101111111000101111101001111110011111110110011110100011001110011011011111100011111000101100000000111101111111001110101101100101010000111101100001000001010011101001111001100001100001111101 
11100110111011111111110111010000001110000010000011101000010110100100001110001000101011011110010011111110011010101011000111110111010100111000010010010000100000101100100010010010010111000000111100000110101101001011010011100001110011010000100100000111111110110101010011100011111100101111101001010001011100011011001111011110011101100011010100000001101101110111011011101011101010111111001000111010001011011011101010101111110011001111000110111110000110111011011000100011000011010011011101110010110011111000101111101111 
00110010001111011001011110011110100001011000000011101010011010100011000101000001110010100101101010100011010000000001101111100000011011000110000101100111100111110101010000000000000110000101000011111001011110001100101101100101100011110111001010111010011001001010111010010011010110110101110100101010011110000110111110100000000011000100110011010110110011101000001100010110010111101101010010100111110011000001111000111000001011101000110011010110011100001001110001011011100110001111100100110110101100011100001101000101 
11111101001110001101010111110111011001101001010001001000010011000101110101011011111110110010111010111000111110111101100010111100010011010101111101010100011011110101001101011001000111001111010011101101101010110100111010001011010100110111010000001011000111000000101110101000000011101011100000111000110011001100101000000100110110001010010001010110001100110111110010001011111010110111011001010011101100111011111110111011000011111001110000010001010111001000110010101001001000101101110001111001000010111000111001000111 
11100001110110010000100000100001101110010100100010010001001001100101100000001100001101100011011010010011010000010000010010110010010100110000000101000001110010010101010100100000000010001000001100011101000011000001000011001111011010001100010000001111000111001101001001111111100000100001111010100101100001111001001001001101000001110100110100000001101101110111011011101011101010111111001000111010001011011011101010101111110011001111000110111110000110111011011000100011000011010011011101110010110011111000101111101111 
11011011001011000001001101010000011101011101001010101101011000100011110000010111010111010000101101010011001111000101010110000011110101011010111011000100110111100110100110001010101101000110101000100010011011011011011001101111011000011110100001011001111011111110110010100101100101111001010001000101111101101001110110111011110110000011100000001011001011110111100101101100101111110011010100100110000001100000100001101111100110011110111010010100110110111111000010010001000000111100100100000111001110001001001111001101 
00101100001011111000011101010111011010110001101100001001111010010101100100111001110101001010000001111001001011000010001100101110101101000010011111000100100010101000110101111101010000010011001011110000001000111110101001010010011100100011100011111011001000101101001000110101000111001000001111111001110111010111000101100000001000001101101110010110011011011110001001011000011101101001110110010010010100010100011011001100111100111000101100000101000000001011110110110010100000010000101110111111100011100001100010111111 
00101011100011100101111100110110111011111001001010111000000000110010000001001000100101001011011011100110011001110000001111010110000100100111101101010010100101100110011010101100110001110011000101110101111111111000110011101011111001010010001001101101100010000000011001000110111100010110010000100100110111011100000011100011101111010011000011010010001100000001100010010110100011100000001010100111110011000001111000111000001011101000110011010110011100001001110001011011100110001111100100110110101100011100001101000101 
00110010111000111000110111101011101011010111100010110101110000000110011101110010101100111110001100100111110110001101011001111101001100000001111011111011111110000110100111001110100101011101101110011010111001001101010011010110000111001010100001000000010001111011001000000111010010111101100011100010010101110000011000001010111000100101000001111001101110100011101011010101101100110100111011000001001000011111000000001001001011000000111111100110010111111011100100000111010111010110111110011011111101111110001000011111 
10001011000111111100111110000011000101110000001000001100000010001010010000010010010100001101110001010010111101111011101100110100111111100010000100011111111101100101000100101001111110011000100101000001110000110101001010111011001110110000110001000011000111010010101010100111111101011000101000010010111010011000111001001111011110101111001000110000101000100010110110011110100000000100001011100100000001101000001001011101011010010001010101001101111000000101110111000101111111000110011010011011100000010110101001101001 
00111101001001000001110101001111001001010011000111111001000110110100111110110101100110111101001000000011101010000000101101010000101111011011000100010000000100110101001110001101011010100011110001001011001000110011100110110111000100100011001000001110011100111101110101001111000111111100110100111111000010000110110001101110000011001011110001100001110111000000100000011010001001110101011011101111001001101000001101110010100101010000101011010001101100100100010110111000100010110111011010001100101100001001011101110101 
01101011010101011000111111010110011100011111101010110010100010100100011100010010011110010110001010001011000011111110110100001011000011001110000100010100001011010101110111000010101010010101101101011110110000111000100001100100101101001001010000000011010001000100110100100000001110101001010011001011001110101010111010110110011011100101011100100110101010100100000111111110011100110001101011001111010100010000111100010101011100101011101001010011000111110010111011000001001111110001101001111110101010100011110110010011 
00000101100110000010010001101110001011101010010011111010000000100100010010110111111101011101110010111011100000100111001011111011011101011001100000101100000000010011000011011011100100000110100100001000011110000001101000101000000100011101110000100110000011011101010010111111111111001110000111010100000111101100101110010101010001001110111011000001000111100110100010101111010000011110111101000110000000111110001001101100010110000111100100100001101010001101110110000111110101001001001110110010110101111100111101110011 
10000010001010111101110011001100001110001000010000000111100000111100000001101010000100000100111101011110000101110001001100011010001011100101011010001110010000111001011111101011100100111101111110100101010111001100011100011101111110010010011110100011010001011011000110011011001111100010001100101011000110100100111010011110001011100010101101010011111101100111100100110111010111110000001011001001110000001111010000101000011110001101001010101111000111101101111110001110101100111101001001111001101101010001110000101011 
00000101100110000010010001101110001011101010010011111010000000100100010010110111111101011101110010111011100000100111001011111011011101011001100000101100000000010011000011011011100100000110100100001000011110000001101000101000000000101111110110000010010001010011000000011110001100100100001100010110100110110101010111100001111111010111001110011010010110000010010100111011011011010111010011100011010010100000001100110111000101101011001100111101001101100110100011101011100010101110101000001010010110001001111110000001 
00101100101111111001000011000011001000110000100101110000001000000110100001100100110011111100100110001000000111010001010010010000101110000111110101000100110001101110010011111000000110011100000110011111011010000101100011010001011100001011111110110100100100001110110001101111110101110001111100111101100101111111011001001110100111001001100101011100000100001110001100001011001100001110001000111000010101100000001001110011110000110000100000000010000011110001110000101010001010100011101000001101110100101011101111010001 
10110101011101010000011011110111011011111000000101111010001110010101011000011100101111100011100011110101100101011101011100111101100001101100010010011010000111000101001111110101011100011111011100100111010001010010111010100000100010010001101111011101011111100100100011100000110110000011111011100011111100011011011001111011011011100011001101000010000001111011000001100000101100110011111001000100011101111000100001000101110111111111010010011100110110011000001110000001111011010111100000010000101000010111111000111101 
00110100011001100100111111111000010010110101010100101010011010110101001010011101001111010110000101110100101001011000110100011101110100000011110001111110011110101100001010000000110010011111010110100000000111111101000111010111111100111110100111011101110110111010110101101001011001101101011100001001111110010000111011110011011010101010000001110011101001100001111110101100001111111011111000111011010001110111100101111111011110100000100010001001000111100111110111011100110001110110101000110101001111110100100000111111 
00010111001101100011001001110110110001110001111000011111101001100110110001011001001000010010111010101101110000111100001110110010010111001001100101111101111101010000001000111100010000011001001000111100000010011010011010011011101111101110111110101101010001000101011101010111110111100100000101000101011110111010011010110000110011110101001101001110111000111101100111110010101011100011110110111000010101110100000010000101100110000110010000000110101001101011110000000100010110001011011001101010001101001100011000111111 
00111101001001000001110101001111001001010011000111111001000110110100111110110100000110100101111101111101100000000111100010111011001101100100010110011010000011000011011111101010001000111010000100000101001111000011001111011000000011011001111111100100111001001110110101101000111111101011100011010100101011110011110101000111100000011010010001100000001111110101010001110000100110100110010000010100000001100110001011001011101000000110001011111001100011111110100111011011011110011001011011110111100100110010001001011101 
11000110001101010111110101001000101010001011010010010101000101111001101010000111010000000100001110110010000101100110101010000011111101011010101101011000110110111110000100001001111100100010111000110010111110001010110100000010111000000010010010101001100111001010001101100110010100110000000100011110100000111100000001101110110101111010010011011111100100110110010001001110001100111101000111001001101110110010010101000110011010100000110100101110000001110100100100101111010010111111001001000100010110001001111110000001 
00010110101111101101011001111110011100111111101000111010000011011101101101001100110111010001000001001001000111100101110101001000001101111010010001100000101010010101110101101101000110001110011111110100011101001101000111010100000001000010001010101110101000111010110111100001001000111100100000111011111001100111110011110010100100001011010000010100011001010101000001110111101000111101111010011010001001111000010011001101010010011010000110111011011111000011011010011111111110110111000100001100011111001110100100101111 
01110001111100001000011001110100011101101111101101111000100010010010000001100110110010100100111101011101001111101000011000011011100110011011010011011110111010111101110101101100111001010110000011000001010110111101010010001100000101101111001101110111000010001101011100100001000010100110010110100101000011001001110011110010000100111110000011011101100000011010010011101010011000000000100000100101111101010111100101011010111010111111000110010101110010110010011010011100001000101000001110101001000110100111101111011011 
10101001010101100000011011111110110100111010000100010110001100100000010110111110001101101011000001011111001011010010000100111101000111100010100000000000110101100111000111101000010011001000110111110111011110011011001001110111101100011011010001001011011101111110111110100101111101001100000101101100111101010000010001010101110100011011000001111001111110110000010101000001100011010101111001010001010011101000001000101100111011001001011000110100111101100101001010101011000101100110010000001000101101111011010000100101 
01011000111101111101000110010011000011110001101111001010000100000000110101010110101001011110011101000100111000000101000010000111010001101000011111010101011011010100111011101011010001101011001010100100100100001101100011000010101000000011011111001001101011001110100010100110100010000111001001011001110110010110011110000010010011011101011111100110101111101010001100010110010101111001110001010111101011000011000100111010101011110100010010101101001101100110100011101011100010101110101000001010010111111101001000110111 
00101011101000010000001010001110010011101000000110101110100011111101010110011101011110101001010110000010100101101110110001111011010010100110010101000101110101110101011101110010101100001010011011010110000001011000111111001011111110001011101000101010010101011110001000000111001111011011010001011110010110000100001000000010111001111110100010111001100101111110110101100110011111010110000011011010000101010011111101100101011000100110101001011100111000010000001110000001111011010111100000010000101000010111111000111101 
11001001100000101010100011011001101010000000001010111011111011001000011000000110110111111100101110000110110111110011111000101110100110000111110100100101010010100111000110001110010100100001110101101011000101101110110110111110001000110100011001100110101111011101111101100000100011101101011000110011001010000001110011000000100110000001010001010111110010001100010001101111111110000001101001101011001110111110110001111101110010011111011111101001001000011101010110001000111110100000110010010110100101001110110000101111 
