00010110111100010001001101011101001011111001000110101110101000000000011100101110001010000000001011011000101100000001000000011100011000100110000110100000000000010011000001000111110011011001110100001110011011001000100101111100101111011001001100010001110110000100111100010110000101111100100111010010000011100011111001000010001100000111100100000010001101110000001010001010100000101000001010111100001111100011001110111001101010111001100111111001110000100010100100101011000110000001010011001100101100000101010010000011 
11010111100010011010011001111101100101010101111101111111000111001110100010100110000001101111111110011111100111110010100100100110111011001101011110001101111100100001101110011101000001010110110110000101111101111111110111011101111000011011010000100100001111011101011010000101001110101100000001101110101010000011111111010110011001000011101000010111101001001101111010110101010011101011111111110110111101100100110101110110101111110101111001001111101010011011111000010111100011110101001100110110011101100111001010010111 
00010110111100010001001101011101001011111001000110101110101000000000011100101110001010000000001011011000101100000001000000011100011000100110000110100000000000010011000001000111110011011001110100001110011011001000100101111100101111011001001100010001110110000100111100010110000101111100100111010010000011100011111001000010001100000111100100000010001101110000001010001010100000101000001010111100001111100011001110111001101010111001100111111001110000100010100100101011000110000001010011001100101100000101010010000011 
10000001001110000100000011101000101111010010011101001111101101010100110010001111000000001101011100010000101010111000000000001110011011110011010100010110000000010011000001000111110011011001110100001110011011001000100101111100101111011001001100010001110110000100111100010110000101111100100111010010000011100011111001000010001100000111100100000010001101110000001010001010100000101000001010111100001110010100101111011100000011100000111010010011110110110100010011111101001110000011010011001000011000000010000000111001 
10000001001110000100000011101000101111010010011101001111101101010100110010001111000000001101011100010000101010111000000000001110011011110011010100010110000000010011000001000111110011011001110100001110011011001000100101111100101111011001001100010001110110000100111100010110000101111100100111010010000011100011111001000010001100000111100100000010001101110000001010001010100000101000001010111100001110010100101111011100000011100000111010010011110110110100010011111101001110000011010011001000011000000010000000111001 
11011111100110100010101011001010101011000111010010011011101110101101110010000111010101101111111110011111100111110010100100100110111011001101011110001101111110011010011011010101110101100110110110110011100011101100111100100111110000110110001100001001100100110110010111001000111111110010101010110001110100100011010001011011111111110001011100100100101110001110100110110001110111101110110011111000010010000100000000110011010011010111110100101000100111101110000111011001111111100000111001111011110100111110011101101001 
11010111100010011010011001111101100101010101101111110001101010100101110111111011110011100111110000011100110010101111110111011111000001001001100101001001101100100001101110011101000001010110110110000101111101111111110111011101111000011011010000100100001111011101011010000101001110101100000001101110101010000011111111010110011001000011101000010111101001001101111010110101010011101011111111110110111101100100110101110110101111110101111001001111101010011011111000010111100011110101111011110111010001101000000001010111 
11011111100110100010101011001010101011000111010010011011101110101101110010000111010101101111111110011111100111110010100100100110111011001101011110001101111110011010011011010101110101100110110110110011100011101100111100100111110000110110001100001001100100110110010111001000111111110010101010110001110100100011010001011011111111110001011100100100101110001110100110110001110111101110110011111000010010000100000000110011010011010111110100101000100111101110000111011001111111100000111001111011110100111110011101101001 
11010111100010011010011001111101100101010101101111110001101010100101110111111011110011100111110000011100110010101111110111011111000001001001100101001001101100100001101110011101000001010110110110000101111101111111110111011101111000011011010000100100001111011101011010000101001110101100000001101110101010000011111111010110011001000011101000010111101001001101111010110101010011101011111111110110111101100100110101110110101111110101111001001111101010011011111000010111100011110101111011110111010001101000000001010111 
10000001001110000100000011101000101111010010011101001111101101010100110010001111000000001101011100010000101010111000000000001110011011110011010100010110000000010011000001000111110011011001110100001110011011001000100101111100101111011001000011010101101011000010000111101110000110000110101100010010011111110110010000000111001000001010100100001110010011100011100000101101011000000111110010101110100010010110111101110100100001001110000000000101011011001101000101100010101000100110001001111100000101100110100100010001 
01001001101111101110100010011101001010100101111101111111000111001110100010100110000001101111111110011111100111110010100100100110111011001101011110001101111110011010011011010101110101100110110110110011100011101100111100100111110000110110001100001001100100110110010111001000111111110010101010110001110100100011010001011011111111010000010000000110111111010000100100010010101001001110000010001111111010100001101110110110001010111111100110001010001010111011110010001111011110111001101011111110000001110011111001101101 
11011111100110100010101011001010101011000111010010011011101110101101110010000111010101101111111110011111100111110010100100100110111011001101011110001101111110011010011011010101110101100110110110110011100011101100111100100111110000110110001100001001100100110110010111001000111111110010101010110001110100100011010001011011111111010000010000000110111111010000100100010010101001001110000010001111111010100001101110110110001010111111100110001010001010111011110010001111011110111001101011111110000001110011111001101101 
01001001101111101110100010011101001010100101111101111111000111001110100010100110000001101111111110011111100111110010100100100110111011001101011110001101111110011010011011010101110101100110110110110011100011101100111100100111110000110110001100001001100100110110010111001000111111110010101010110001110100100011010001011011111111010000010000000110111111010000100100010010101001001110000010001111111010100001101110110110001010111111100110001010001010111011110010001111011110111001101011111110000001110011111001101101 
11010111100010011010011001111101100101010101101111110001101010100101110111111011110011100111110000011100110010101110001000110111111101111011001111011001110010011010011011010101110101100110110110110011100011101100111100100111110000110110001100001001100100110110010111001000111111110010101010110001110100100011010001011011111111010000010000000110111111010000100100010010101001001110000010001111111010100001101110110110001010111111100110001010001010111011110010001111011110111001101011111110000001110011111001101101 
11010111100010011010011001111101100101010101111101111111000111001110100010100110000001101111111110011111100111110010100100100110111011001101011110001101111100100001101110011101000001010110110110000101111101111111110111011101111000011011010000100100001111011101011010000101001110101100000001101110101010000011111111010110011001000011101000010111101001001101111010110101010011101011111111110110111101100100110101110110101111110101111001001111101010011011111000010111100011110101111011110111010001101000000001010111 
00110001001110000100000011101000101111010010011101001111101101010100110010001111000000001101011100010000101010111000000000001110011011110011010100010110000000010011000001000111110011011001110100001110011011001000100101111100101111011001001100010001110110000100111100010110000101111100100111010010000011100011111001000010001100000111100100000010001101110000001010001010100000101000001010111100001110010100101111011100000011100000111010010011110110110100010011111101001110000011010011001000011000000010000000111001 
11111100101100101110100010011101001010100101111101111111000111001110100010100110000001101111111110011111100111110010100100100110111011001101011110001101111100100001101110011101000001010110110110000101111101111111110111011101111000011011010000100100001111011101011010000101001110101100000001101110101010000011111111010110011001000011101000010111101001001101111010110101010011101011111111110110111101100100110101110110101111110101111001001111101010011011111000010111100011110101111011110111010001101000000001010111 
01110010110111010011001110010101001001111010101000101011010100011011011001000000010010001000101101011001110110011111110111011111000001001001100101001001101100100001101110011101000001010110110110000101111101111111110111011101111000011011010000100100001111011101011010000101001110101100000001101110101010000011111111010110011001000011101000010111101001001101111010110101010011101011111111110110111101100100110101110110101111110101111001001111101010011011111000010111100011110101111011110111010001101000000001010111 
10000001001110000100000011101000101111010010011101001111101101010100110010001111000000001101011100010000101010111000000000001110011011110011010100010110000000010011000001000111110011011001110100001110011011001000100101111100101111011001001100010001110110000100111100010110000101111100100111010010000011100011111001000010001100000111100100000010001101110000001010001010100000101000001010111100001111100011001110111001101010111001100111111001110000100010100100101011000110000001010011001100101100000101010010000011 
10010000110110001010001000011101110101000011011010101000011111001101111011111111111001100010101101000011101110111011111011011111001111100101010100011101100001000001111110010011001101000111010000010100011101111111110111011101111000011011010000100100001111011101011010000101001110101100000001101110101010000011111111010110011001000011101000010111101001001101111010110101010011101011111111110110111101100100110101110110101111110101111001001111101010011011111000010111100011110101111011110111010001101000000001010111 
01001001101111101110100010011101001010100101111101111111000111001110100010100110000001101111111110011111100111110010100100100110111011001101011110001101111100100001101110011101000001010110110110000101111101111111110111011101111000011011010000100100001111011101011010000101001110101100000001101110101010000011111111010110011001000011101000010111101001001101111010110101010011101011111111110110111101100100110101110110101111110101111001001111101010011011111000010111100011110101111011110111010001101000000001010111 
00101010101001100110110001111100001110000001001000001000111010101111011101110110001011100110001000010001110110001000110000000111000010111111000000010000000010111110110111111111110100100011110011100010011010001100110100000001001011100000000011010101101011000010000111101110000110000110101100010010011111110110010000000111001000001010100100001110010011100011100000101101011000000111110010101110100010010110111101110100100001001110000000000101011011001101000101100010101000100110001001111100000101100110100100010001 
11010111100010011010011001111101100101010101101111110001101010100101110111111011110011100111110000011100110010101110001011110010101001101001011011000111001111000001101011000001111001101111111110101110110100101010011100100110010110010110010011001010100101011101110111001111010011110110100011100111110111100010101110100000111100110111010001100111100001101101001111000111101011100100111010001100111000010111110101010100111111110001010010000111001010111111001000101001010100101110110011111110100101110010100011001101 
11010111100010011010011001111101100101010101101111110001101010100101110111111011110011100111110000011100110010101110001000110111111101111011001111011001110011101111000001110101000111000101011001110110111110101110101011010001001010110010010010000111111111000111111010100101100001101100101111111100111000011011001111000111010010010010010101100001111101000001011100100011010010110100001011011111110000001010111011011110011110100010110101001110001100110100100110101100011011111111010110111010001000100011111101010001 
00100100111011110110001010011101100010001111001111010100101101010100110010001111000000001101011100010000101010111000000000001110011011110011010100010110000000010011000001000111110011011001110100001110011011001000100101111100101111011001001100010001110110000100111100010110000101111100100111010010000011100011111001000010001100000111100100000010001101110000001010001010100000101000001010111100001111100011001110111001101010111001100111111001110000100010100100101011000110000001010011001100101100000101010010000011 
00001101100100010110111100100001111111011001001000001000111010101111011101110110001011100110001000010001110110001000110000000111000010111111000000010000000010111110110111111111110100100011110011100010011010001100110100000001001011100000000011010101101011000010000111101110000110000110101100010010011111110110010000000111001000001010100100001110010011100011100000101101011000000111110010101110100010010110111101110100100001001110000000000101011011001101000101100010101000100110001001111100000101100110100100010001 
10011011011101010011011000011101000110000000001100111010001000000001001111111101111001011111110001100010100010100111111101111010011110101010000110000001111100101011101111011101011001010100110000011011011000110011000001100110101010010111100111001110001001001110011000101000111000011001110001100110110001111011111111010110011001000011101000010111101001001101111010110101010011101011111111110110111101100100110101110110101111110101111001001111101010011011111000010111100011110101111011110111010001101000000001010111 
10000010110010010011110000111011111011011010001000100011111100110101110100000010010001101010110101100001001000001011001111110001010001011110100000000000100001001111001000010000000111110100011110010000001001011101010110110011110001101010000110010001010010011001001000000111110101100011100000000011101100101001100111110100111111110000111110001111011000011110011001010101010110000011011000000101000100111110000011111010001000001010001000000100001011111111101001100010001111001100101010100000101111100100001100100011 
00101010101001100110110001111100001110000001100101011000001011011000110000010000001101011100101100000100101111001111000100011111001010110001100101111000000110011100101000000001110001011010100111010100010010100001110000111011010011000111101000010111000111101111111011100100110000111110000111000100101001101011001000011010010001100110001010011100010100010001001010100001010010111100001011100110010001010011110010101001001111001001010100000010000011111111010101111000010110100001100010011011000000110011001011100011 
00010110111100010001001101011101001011111001000110101110101000000000011100101110001010000000001011011000101100000001000000011100011000100110000110100000001100110011101011000011110000110001001001101001101111001110000000110101010101100100111000000011001010111101011010000101001110101100000001101110101010000001101000111011110100110010011110101110111100110101100101110111001000110110110000100000000101010110100110100011010001010110100010110110110100101001000101110111011100101001011001100011001100100001101101101101 
00011010011100101100000010100001011001111110010111100110101100110100110111100011010011110010000111100001101110001000110101111110011100101101011000010111100100100010001111101100111000011001100010111001110001110101101101010110001001010100110001100000110000001101001001000100011110110000100111110011001011110100010001111101010000111011000011110100111010110100001000100010001001100001001111101001101111101000011100110011011001001011111111010010010101010101011110111011101101100100011010010110110111101001101101001111 
11100110011100000011001100111111101001101110010001100101110000000100111000011000110100011001000100011101000001100100110010001111000111010011000100000001010001011011000101110000101111111010010101010111010110010011000111101100011001101111110110111000000110001110101110000100100111100000000100111011011001111110100110000111001000001010100100001110010011100011100000101101011000000111110010101110100010010110111101110100100001001110000000000101011011001101000101100010101000100110001001111100000101100110100100010001 
00111010101101001101111101100100010000101001000101011100011000001001111111101000000101010010011010011001100001010001101000110000100001100010000011101011100011010000000011011011111100011110000110100001111000110100000011001010011010100110010011111010110101010001110111011110010010110001000011100001010001101100100011010000110101110101101001010000110010111001011110110111010110111101100001110000011011100111011110000011000000110100101101011110101100111010100000110110111010000010001001111100000101100110100100010001 
11010111100010011010011001111101100101010101101111110001101010100101110111111011110011100111110000011100110010101111110111011111000001001001100101001001101100100001101110011101000001010110110110000101111101111111110111011101111000011011010000100100001111011101011010000101001110101100000001101110101010000001101000111011110100110010011110101110111100110101100101110111001000110110110000100000000101010110100110100011010001010110100010110110110100101001000101110111011100101001011001100011001100100001101101101101 
00110001000111001011100010100000111010101011111010011101001111101011100101111111100111000010110011000100111000010100101101001111110001010111101110110100011101011100101011011011000100110101110101001010010101111111111000000111001011001110101100011100011111100100001001001000000110001001110111110101111100001111110000001111001110110111010001110010110111011010001110100001100111100100100110101100010010011011011111010011110011001011100001011010000100010011101010100101011100110111001100110110011101100111001010010111 
10000000010000001010000100011100000110111100010000011001110101100111010100001000000011110110010000001001101100001111100101111111100010011001110001101010000111010001000011010010100000000001010000000011100011110000101101110011110010010111110001000111011010101100100100010010110111001111011110100110110100001011010011101010010110101000101001001000011111011111000000101001010101111110111110000100000010100011101010011110110100010111011001101100101111000011011001101001010110100011001100110011110001100010101001100111 
01000110111010010000001100110000011001110001011100110111101010000000110011000011011010000001100010011001110110110111000010111001010111000011110110100111011100000100010111110111100100101100001101101011001110110001001011001010101101010011100110101010000110001111110000101100010110110110011100111011011000001110011001111101010110100101000100110010001011110010100111011010010110011000000101001001000100110101010110011000011110010011101001101001101100000111110000101100111000010110011111111010010010010100111100100011 
10010100100101110011100010011011101000111001010111011011101110101101110010000111010101100111000100001101110100000001110000110111111101111011001111011001110011101111000001110101000111000101011001110110111110101110101011010001001010110010010010000111111111000111111010100101100001101100101111111100111000011011001111000111010010010010010101100001111101000001011100100011010010110100001011011111110000001010111011011110011110100010110101001110001100110100100110101100011011111111010110111010001000100011111101010001 
01100011110110011010110010110010011001110010001100100100001110110011001011101001001001010101100100000010000010000111100111111011111010000011001101010010111000110010101000110111001100111110111001000100100000110110000101110000010101100111100110111111000100011000101100001001100001101001010010010011001010010111101100000101011011010001001110100000010011100100100011001010010101000101100001011110001001000111101110110001111100010001011101111000000101100000110110101011101010001101011111001001001000000100100110100011 
11011111100110100010101011001010101011000111010010011011101110101101110010000111010101100111000100001101110100000001110000110111111101111011001111011001110011101111000001110101000111000101011001110110111110101110101011010001001010110010010010000111111111000111111010100101100001101100101111111100111000011011001111000111010010010010010101100001111101000001011100100011010010110100001011011111110000001010111011011110011110100010110101001110001100110100100110101100011011111111010110111010001000100011111101010001 
10010000110110001010001000011101110101000011011010101000011111001101111011111111111001100010101101000011101110111011111011011111001111100101010100011101100001000001111110010011001101000111010000010100010101101011001100001111001011101000110110110101000111011001111000110111100100100111100010111101101110101100000111001110011100010111011010010100010011100010010010001011001001001000110010001100100010010100101111011100000011100000111010010011110110110100010011111101001110000011010011001000011000000010000000111001 
10010001100101011101111101100101101011001010010010111101100110010000000010110010110101110001100110001010011111001000100001100110011001001010100010101001000111001111110100011110110000101000000011011010000001100011000001111111110011010110111011010110101010101000101110110000101111011111101101110100010011011001000110000011101100001101101110110010101101100010010111100011101111010111010101100001101011010001101110010000100100110011110111110110111000011100001100011100000010101001110111000011100011011101010011100111 
10110000010000101001101000001000011101101000100011001011011101101001100101010100011011100011001010001001001011001101101101000000001110011101111111001100001011010010100110110111100010101000010010000000001110011111001000101100110100001011110000100101000111000011010010010000110111010011100011011011011000101000100100111000111011000011111001100000110011100001010100100100010111000101111011111110110101111101001101001110101101111101011000101110001010111001001001100110000100111010001000000000111000111000010011100101 
00010001011011011000101100000111100110010011011100100000111111011000110000010000001101011100101100000100101111001111000100011111001010110001100101111000000110011100101000000001110001011010100111010100010010100001110000111011010011000111101000010111000111101111111011100100110000111110000111000100101001101011001000011010010001100110001010011100010100010001001010100001010010111100001011100110010001010011110010101001001111001001010100000010000011111111010101111000010110100001100010011011000000110011001011100011 
11011001000110110110110100101110000110100101100011010011100111111010011011101001110000010001110001111011110011000000111111000000010010101010011101101100001000000110101011101101000101110001101001110100011010110000001000111000100101011011000101100000011110010111000001101111111110101000010101110100011101100110010001000011110111110001011100100100101110001110100110110001110111101110110011111000010010000100000000110011010011010111110100101000100111101110000111011001111111100000111001111011110100111110011101101001 
00010100001011101010111011010110010000101100001010011110011000101100001100001001010111111111001110110000100001111100000000101010111001101011000001011000100000011111011110101000001011100111000001001101101011110001110010110110010000110010100110110111100000011100001001000100010000010000001100011111100101101100010110101100010001001010000101110000000101101001011000010010001111110001110011111101011110110101010101010001101100011000010001010100010001000000111101101100111000010110011111111010010010010100111100100011 
00111111010111100010100001111010110010100001000101011100011000001001111111101000000101010010011010011001100001010001101000110000100001100010000011101011100011010000000011011011111100011110000110100001111000110100000011001010011010100110010011111010110101010001110111011110010010110001000011100001010001101100100011010000110101110101101001010000110010111001011110110111010110111101100001110000011011100111011110000011000000110100101101011110101100111010100000110110111010000010001001111100000101100110100100010001 
11011111000001011100011010101101110011100100011101110001010001101100010110001101001100000110110011110101001100001001001101111011011100111110000001001100100100000100100110011011001010111101010110111100000011000001000100101010010000010000100110111110110010100011101111001111111111011110000101010001010101110111101100010000110101001010101000001010100100011010010110101010001010011011011011000110101101011010101100110011101000111000011111110010011101001010110110010000110010000001111110101101001001011011111110110101 
11111001101010001011110111110111000110000000110011000010011110110100000010101110100000001010110010001010101100011000011010100011111010101000000010101101000111101000001010010011000101001011000111010111100011010100111000000111101110001111100010110100101010001110100111001001000011010010100100101011001001100110010101110100111110100100111111011111001100011100011000001111110110011010010101001010100100000011111011010011110101100111010100110101010100001010011110001010100111001010111001111000001111010000111000100001 
00111000000110011101100000110010000111010111000101001100010110011000100010111111110011101101111100111000001110100101000110001010010000001111010000111001011100101011011100101100111000011010110000111110000111100010010011001100111000011100111101011001110011001111100101011010011110001100011101101100111011000111101010000000000100110110000110010100111111011111001010010100101101110111011101001101001110110001101001110001110011010011000000101101000000100001111111011001100011111100011111010110010001101001000010110011 
00001101100100010110111100100001111111011001001000001000111010101111011101110110001011100110001000010001110110001000110000000111000010111111000000010000000010111110110111111111110100100011110011100010011010001100110100000001001011100000000011010101101011000010000111101110000110000110101100010010011111110110010000001000010000110101110010001000100011000010111100011101101111110000011110111001011111111000111011111001110010001000110010000101100100011010000100111101001110000111111010110001000100001001010100110111 
01100110101100110111011111111001000100000011010110111101000011111000001011100001110010100101011001000111101001100010100101001101001000011011001011100110000011011101010101111010110001000101011101001010101111001110101001101011010011101110100001101010101100111000000010100000100010011101001101001010001010101010010111111110101011110010110000010010110000101101101001011011111101001011010100010000000101101100010100011010011101001001100110010110010100110000101011100001010000000101000011101001111001101010001011001001 
10000001010110010001000000101010000110110110110011100001100100110101000001101001000101010011010010111011101111010110001110110001111101111110111101101011000011111100001101010111100011111100011100111111110000010010010110100110011000110001111001100101101011001100100011101001010001000011000111011011110010010110010101111001010011100111101000011001010101100110000111100101010001110010101101100000101100001011000010110111000011100110111110110000110110010000011101010100011100000010001000100011111101111101000001011001 
00011010011100101100000010100001011001111110010111100110101100110100110111100011010011110010000111100001101110001000110101111110011100101101011000010111100100100010001111101100111000011001100010111001110001110101101101010110001001010100110001100000110000001101001001000100011110110000100111110011001011110100010001111101010000111011000011110100111010110100001000100010001001100001001111101001101111101000011100110011011001001011111111010010010101010101011110111011101101100100011010010110110111101001101101000011 
00101010101001100110110001111100001110000001100101011000001010110011101111000011011000101000101010101010011100001110011000000001100100010010110001011101011001010100010111100101001100010111000011110000000111100111111011101001001001111001000111100000100110010001000011001100110011011011011010001011010101110111111111010111010001010100110101110001011010010011100111001011010110000110100010101101001010100100001011001000111000101110001011010011010110000101101101010011101111001011100010000011010011010111000111001011 
10010001100010100110001111101001011110010110101100101110110001111011101001101100010100001101100011100111010101000001110101000100101100101011100100011010101110010100001011100110011011101110000010001100010110100101001011001011110111010000110110101111111110010101000010000010000100110100011001111000110100111101101100010001100101010001110010101110111110001100101011100011000100100100111011101001101100100000010101100011110000100011100111110000000001110111100011000000001010010100101010001010000010100011011011100101 
00010111000000010101101001110101111110010011011110010111111010101010011110111111110000101100111001001111100100010110011110100001011100101110111110000010100000100000111010100000010110110010110100010110110111111010000111111101111100010111111111001111000000100010000000001100001001011111100100110101111110100110111011000100111001010101100000101011111110011011010011000010110101110100001110010000111101011001010001101010000110010111110011110001100111001111000101111110110011000011010001111110101101000000010101101001 
11101001001110100100011001000011101010001010101100010001111011100110000010000101000110110001110001100001111101000111100100110011010001001011000110010011101010011001000011100100110100001111001010101001110111101011111100100000010000011010100011010110000110111101111000101000111000011001110001100110110001111011111111010110011001000011101000010111101001001101111010110101010011101011111111110110111101100100110101110110101111110101111001001111101010011011111000010111100011110101111011110111010001101000000001010111 
11001010000001001000111101000110010000111110100101001010000000110001011101110111011000001101101100010000100011000000001001110110010001110011110001110111010001000100001000100011011100000101000110101101011110100111010001101101101100010010000000111011111111101100111001100100111100101110010101101100010101010111100111100110010110001011000101100110101011101100000111111011101000111111000001001111000011100001111000011111100110011001010101101000110001100001100111100001111010001010111100011110110110011010011001100111 
01110000110011011001011100001111001010011001010111000110010111110111111011011111001101100001111000001110010110010111110011000101001100110101011001000100011001001100001001000110101010010100110100111001000010100000000000110111110101011101100110101101111110101111011110001100001110010010100010011011100011110101100001101101010001111001100110100011011111110011111001010001011011111100101001011100000100011100110000101110101110010011011001110101000111110110100011001101000101010110101001100101110101010100010100011001 
11111001100001000001000000110011001010000010010010101010110010011010110001111111011001101000000111001001110001010001100111001110010011010000111010000000111011100110100011111000010100000111001100101111111001100001100101100110010010101001111100111010111010100110001111000111011011101110110100111001101111111001110101101000000000101101111110101110100001111100000001001111111010011011110001010111101111111100111101000010011111100011001011111010011001101010101001010100010001110011010111101101101000011110011000111011 
11111100101100111110111011110010111100101100001101000011101001111001100011101001110111011111101110011011110111101110101011011001010111110011101110100100000101011010010011001111000101101010010101101111001101000011011100010010010101000111110110110010101111110001110010000111011011110100010001000101110010110110000001100111011001111100101000010000110111001000111100010010110011110011010001001000011100011110110011011100001001010010110011100110010010010100001010100011011010110011001000111111111100110111111001001001 
01111111000101001001111001110100011100000110001001001001100000111000000001111111110100000011001110110011110111010101001000110100101110011111001011001101110010001110010000000001000101100000010100101010011000011111000001111110110110000011110011001011110110011000110010100100110000101010111100011011011000000011000100010001111101100000110101010011011010000101100010000111011001101010011100110110110010000011101000110001000000010110000011011110100010110101010111111010111011001100000011101110111011100101101001000101 
11100011110100011001100001111100001010011101001110100101101110001110110010001000100010010011101110110011101011110111110111111100000011000000111100110110010000101010110010001110011011011110101001101100111001111100111101010010000100001011100100101100111010000111000111110010100101011011001100101111011110100010011110011111111011001011011111110010110101001110111010001000001001010011011011100000011110110010100000111011100010110000110110010110001101001011001000111010100100111111100110010011110100100100011101111011 
10110101000011101110000110110001001101010110001011100111110110000000010011110001011011100111101110000000001010101000100010011101110100100001001100111100011000001101000011010111110101111101110001011101001101000101101011000111100111101101011110110000110111011001011100111010101101000100101010010111111110000110010110000111110111100000110000100101010101110101011111111100111111001100110010111100111001101100010000011010010110101101011001010110010000010011001100000010001010111011100111101111010101001110010111001001 
11010000111101000000100011000100010101111101101110001100001101010111010011100110011001111111101010001111101000010010110101011110101101100000001010000101011110000000011010100101001000111100110010101100110111001111000101110111100010001110000001010010110000000010111101100011001101111101110010101010011110011100111110110000100010011000001101100111011100000000011001001111010000000101000110110110001011100111100101100111011101100110100000001001010110110011010110110100101000011000100111011001010000011111111011110011 
00010000010111100010111001110010100110010100100101000111010011000100111010001111110011010001010111000000110010111001101010111111101011010101011011010111011101101001011010001110111000010110100111001100010101100000101110110001110010010001101111010111110100101101110100110110000000000011010001110000001110011001000100000110100010000100100111110111110101001101111001001010011111100010001110011100111000110001101111011010000110010000010000010110010010010101001001010001011010110010100111010001001001111100111001000001 
10100111111001000011000100001010101000010101011000100000000100111110111000101111101110111111000000110100001001010101111011101011100101111101100100010010011110001110000001010000000001110110100110110011111111111001010100001000010111000111001000101110100000101001101011010010110010111101101101001110100010110011010100000001000100100001011010111111001000100001010101100101110100101011000101111101100110100000110011000101001000111000001111011101101100111011110100010100001011110111101010001101000001111010111000111001 
01001001111111111101000110010100000000111000111011011010101110100010100100001110100101011001001100110000011101111001011101000100101111010111111001001010010110000001011010110011101101100010110111100101011011010000100000101100111101100000111111001100100111010111000010110110101001110001011110100010000100011100001001001101001110110110001001110110010010000000100011011111111011111001101111110110111111101100110011010011111010101011101001111000001010100010000111010100100011000101011000101110111010000011111101100101 
00100100110101111111100000111111110010001100010011111101011101100111101100011011010010000011001001010111001101100110100100110101111110000001000101100101001101100111011100010111001110111101100110010111001110111001111011011001110011110001010110011100000010110011100000101100111011011111001010010011111101000111110110011000000101001101101111101011101010101000101110000100101100001011001010101000110100100010011011100100010011111111001101100100101100101010100001010110101110010001010001011010100111100100111010110011 
01110010110111010011001110010101001001111010101000101011010100011011011001000000010010001000101101011001110110011110001011110010101001101001011011000111001111000001101011000001111001101111111110101110110100101010011100100110010110010110010011001010100101011101110111001111010011110110100011100111110111100010101110100000111100110111010001100111100001101101001111000111101011100100111010001100111000010111110101010100111111110001010010000111001010111111001000101001010100101110110011111110100101110010100011001101 
00111010101101001101111101100100010000101000011101000110010111110100001011110011110000000010110101111010110110111010011010111100011000100101110000000100010110101111111110000110100100101010010011001111011001111100000111011011111001001101010010001010011000111111000101000110110010001011100111111010000011001111011000010111011101101100111001101100011011100000111001110011110001111000101010000000111000001111010010110001111110001011010010100000001100100111101010001111011110111001101011111110000001110011111001101101 
00100100111011110110001010011101100010001111001111010100110011100001111000001101111000001001010010111101010011001110001111011100011011001000100111010110101101010010010110010110101011110101010101001110101110000111101101111110011100110110010110011101110000000101001001111100111010101010111101101000000001011100101000010010100110101100101100000100000000011001101101001001000011111011010011110000001111101100000001110011101110101011101001111000001010100010000111010100100011000101011000101110111010000011111101100101 
11011111100110100010101011001010101011000111010010011011101110101001001111111101111001011111110001100010100010100111111101111010011110101010000110000001111100101011101111011101011001010100110000011011011000110011000001100110101010010111100111001110001001001110001011111101100010100010010011111101001101100111100000011100100000110000100110100110100010101000000110111101111110000011100110000111111111110010101101101011101111110111111101101100011001100100000011111111001110101010110101011011100001001011000110001011 
00101010101001100110110001111100001110000001001000001000111010101111011101110110001011100110001000010001110110001000110000000111000010111111000000010000000010111110110111111111110100100011110011100010011010001100110100000001001011100000000011010101101011000010000111101110000110000110101100010010011111110110010000000111001000001010100100001110010011100011100000101101011000000111110010101110100010010110111101110100100001001110000000000101011011001101000101100010101000100110001001110111010001101000000001010111 
00111111010111100010100001111010110010100001000101011100011000001001111111101000000101010010011010011001100001010001101000110000100001100010000011101011100011010000000011011011111100011110000110100001111000110100000011001010011010100110010011111010110101010001110111011110010010110001000011100001101100000000111010010110010000100100011111011100000110000101001010101000011011011110011100000100111001000000010100101110101110100001101101001001101100011101010111000101111111111011011011110001101100001110000100011111 
00011010011100101100000010100001011001111110010111100110101100110100110111100011010011110010000111100001101110001000110101111110011100101101011000010111100100100010001111101100111000011001100010111001110001110101101101010110001001010100110001100000110000001101001001000100011110110000100111110011001011110100010001111101010000111011000011110100111010110100001000100010001001100001001111101001101111101000011100110011011001001011111111010010010101010101011110111011101101100100011010010110110111101001101101001111 
00011010011100101100000010100001011001111110010111100110101100110100110111100011010011110010000111100001101110000111100100110011010001001011000110010011101010011001000011100100110100001111001010101001110111101011111100100000010000011010100011010110000110111101111000101000111000011001110001100110110001111011111111010110011001000011101000010111101001001101111010110101010011101011111111110110111101100100110101110110101111110101111001001111101010011011111000010111100011110101111011110111010001101000000001010111 
10010001100101011101111101100101101011001010010010111101100110010000000010110010110101110001100110001010011111001000100001100110011001001010100010101001000111001111110100011110110000101000000011011010000001100011000001111111110011010110111011010110101010101000101110110000101111011111101101110100010011011001000110000011101100001101101110110010101101100010010111100011101111010111010101100001101011010001101110010000100100110011110111110110111000011100001100011100000010101001110111000011100011011101010011100111 
01000110111010010000001100110000011001110001011100110111101010000000110011000011011010000001100010011001110110110111000010111001010111000011110110100111011100000100010111110111100100101100001101101011001110110001001011001010101101010011100110101010000110001111110000101100010110110110011100111011011000001110011001111101010110100101000100110010001011110010100111011010010110011000000101001001000100110100111011011110011110100010110101001110001100110100100110101100011011111111010110111010001000100011111101010001 
10000001001110000100000011101000101111010010011101001111101101010100110010001111000000001101011100010000101010111000000000001110011011110011010100010110000000010011000001000111110011011001110100001110011011001000100101111100101111011001001100010001110110000100111100010110000101111100100111010010000011100011111001000010001100000111100100000010001101110000001010001010100000101000001010111100001111100011001110111001101010111001100111111001110000100010100100101011000110000001010011001100101100000101010010000011 
01001001101111101110100010011101001010100101111101111111000111001110100010100110000001101111111110011111100111110010100100100110111011001101011110001101111100100001101110011101000001010110110110000101111101111111110111011101111000011011010000100100001111011101011010000101001110101100000001101110101010000011111111010110011001000011101000010111101001001101111010110101010011101011111111110110111101100100110101110110101111110101111001001111101010011011111000010111100011110101111011110111010001101000000001010111 
01100011110110011010110010110010011001110010001100100100001110110011001011101001001001010101100100000010000010000111100111111011111010000011001101010010111000110010101000110111001100111110111001000100100000110110000101110000010101100111100110111111000100011000101100001001100001101001010010010011001010010111101100000101011011010001001110100000010011100100100011001010010101000101100001011110001001000111101110110001111100010001011101111000000101100000110110101011101010001101011111001001001000000100100110100011 
10010000110110001010001000011101110101000011011010101000011111001101111011111111111001100010101101000011101110111011111011011111001111100101010100011101100001000001111110010011001101000111010000010100011101111111110111011101111000011011010000100100001111011101011010000101001110101100000001101110101010000011111111010110011001000011101000010111101001001101111010110101010011101011111111110110111101100100110101110110101111110101111001001111101010011011111000010111100011110101111011110111010001101000000001010111 
01110010110111010011001110010101001001111010101000101011010100011011011001000000010010001000101101011001110110011110001011110010101001101001011011000111001111000001101110000110100100101010010011001111011001111100000111011011111001001101010010001010011000111111000101000110110010001011100111111010000011001111100000011100100000110000100110100110100010101000000110111101111110000011100110000111111111110010101101101011101111110111111101101100011001100100000011111111001110101010110101011011100001001011000110001011 
10110000010000101001101000001000011101101000100011001011011101101001100101010100011011100011001010001001001011001101101101000000001110011101111111001100001011010010100110110111100010101000010010000000001110011111001000101100110100001011110000100101000111000011010010010000110111010011100011011011011000101000100100111000111011000011111001100000110011100001010100100100010111000101111011111110110101111101001101001110101101111101011000101110001010111001001001100110000100111010001000000000111000111000010011100101 
00100100111011110110001010011101100010001111001111010100101101010100110010001111000000001101011100010000101010111000000000001110011011110011010100010110000000010011000001000111110011011001110100001110011011001000100101111100101111011001001100010001110110000100111100010110000101111100100111010010000011100011111001000010001100000111100100000010001101110000001010001010100000101000001010111100001111100011001110111001101010111001100111111001110000100010100100101011000110000001010011001100101100000101010010000011 
01111111000101001001111001110100011100000110001001001001100000111000000001111111110100000011001110110011110111010101001000110100101110011111001011001101110010001110010000000001000101100000010100101010011000011111000001111110110110000011110011001011110110011000110010100100110000101010111100011011011000000011000100010001111101100000110101010011011010000101100010000111011001101010011100110110110010000011101000110001000000010110000011011110100010110101010111111010111011001100000011101110111011100101101001000101 
10000010110010010011110000111011111011011010001000100011101110101101110010000111010101101111111110011111100111110010100100100110111011001101011110001101111111101111000001110101000111000101011001110110111110101110101011010001001010110010010010000111111111000111111010100101100001101100101111111100111000011011001111000111010010010010010101100001111101000001011100100011010010110100001011011111110000001010111011011110011110100010110101001110001100110100100110101100011011111111010110111010001000100011111101010001 
11011111100110100010101011001010101011000111010010011011111100110101110100000010010001101010110101100001001000001011001111110001010001011110100000000000100001001111001000010000000111110100011110010000001001011101010110110011110001101010000110010001010010011001001000000111110101100011100000000011101100101001100111110100111111110000111110001111011000011110011001010101010110000011011000000101000100111110000011111010001000001010001000000100001011111111101001100010001111001100101010100000101111100100001100100011 
11001010000001001000111101000110010000111110100101001010000000110001011101110111011000001101101100010000100011000000001001110110010001110011110001110111010001000100001000100011011100000101000110101101011110100111010001101101101100010010000000111011111111101100111001100100111100101110010101101100010101010111100111100110010110001011000101100110101011101100000111111011101000111111000001001111000011100001111000011111100110011001010101101000110001100001100111100001111010001010111100011110110110011010011001100111 
01110010110111010011001110010101001001111010101000101011010100011011011001000000010010001000101101011001110110011110001011110010101001101001011011000111001111000001101110000110100100101010010011001111011001111100000111011011111001001101010010001010011000111111000101000110110010001011100111111010000011001111011000010111011101101100111001101100011011100000111001110011110001111000101010000000111000001111010010110001111110001011010010100000001100100111101010001111011110111001101011111110000001110011111001101101 
01001001101111101110100010011101001010100101111101111111000111001110100010100110000001101111111110011111100111110010100100100110111011001101011110001101111110011010011011010101110101100110110110110011100011101100111100100111110000110110001100001001100100110110010111001000111111110010101010110001110100100011010001011011111111010000010000000110111111010000100100010010101001001110000010001111111010100001101110110110001010111110000011011110100010110101010111111010111011001100000011101110111011100101101001000101 
10110101000011101110000110110001001101010110001011100111110110000000010011110001011011100111101110000000001010101000100010011101110100100001001100111100011000001101000011010111110101111101110001011101001101000101101011000111100111101101011110110000110111011001011100111010101101000100101010010111111110000110010110000111110111100000110000100101010101110101011111111100111111001100110010111100111001101100010000011010010110101101011001010110010000010011001100000010001010111011100111101111010101001110010100111011 
00111010101101001101111101100100010000101000011101000110010111110100001011110011110000000010110101111010110110111010011010111100011000100101110000000100010110101111111110000110100100101010010011001111011001111100000111011011111001001101010010001010011000111111000101000110110010001011100111111010000011001111011000010111011101101100111001101100011011100000111001110011110001111000101010000000111000001111010010110001111110001011010010100000001100100111101010001111011110110110001001111100000101100110100100010001 
01100110101100110111011111111001000100000011010110111101000011111000001011100001110010100101011001000111101001110101111011101011100101111101100100010010011110001110000001010000000001110110100110110011111111111001010100001000010111000111001000101110100000101001101011010010110010111101101101001110100010110011010100000001000100100001011010111111001000100001010101100101110100101011000101111101100110100000110011000101001000111000001111011101101100111011110100010100001011110111101010001101000001111010111000111001 
01000110111010010000001100110000011001110001011100110111101010000000110011000011011010000001100010011001110110110111000010111001010111000011110110100111011100000100010111110111100100101100001101101011001110110001001011001010101101010011100110101010000110001111110000101100010110110110011100111011011000001110011001111101010110100101000100110010001011110010100111011010010110011000000101001001000100110101010110011000011110010011101001101001101100000111110000101100111000010110011111111010010010010100111100100011 
00010111000000010101101001110101111110010011011110010111111010101010011110111111110000101100111001001111100100010110011110100001011100101110111110000010100000100000111010100000010110110010110100010110110111111010000111111101111100010111111111001111000000100010000000001100001001011111100100110101111110100110111011000100111001010101100000101011111110011011010011000010110101110100001110010000111101011011001110111001101010111001100111111001110000100010100100101011000110000001010011001100101100000101010010000011 
10000000010000001010000100011100000110111100010000011001110101100111010100001000000011110110010000001001101100001111100101111111100010011001110001101010000111010001000011010010100000000001010000000011100011110000101101110011110010010111110001000111011010101100100100010010110111001111011110100110110100001011010011101010010110101000101001001000011111011111000000101001010101111110111110000100000010100011101010011110110100010111011001101100101111000011011001101001010110100011001100110011110001100010101001100111 
00111010101101001101111101100100010000101001000101011100011000001001111111101000000101010010011010011001100001010001101000110000100001100010000011101011100011010000000011011011111100011110000110100001111000110100000011001010011010100110010011111010110101010001110111011110010010110001000011100001010001101100100011010000110101110101101001010000110010111001011110110111010110111101100001110000011011100111011110000011000000110100101101011110101100111010100000110110111010000010001001111100000101100110100100010001 
11101001001110100100011001000011101010001010101100010001111011100110000010000101000110110001110001100001111101000111100100110011010001001011000110010011101010011001000011100100110100001111001010101001110111101011111100100000010000011010100011010110000110111101111000101000111000011001110001100110110001111011111111010110011001000011101000010111101001001101111010110101010011101011111111110110111101100100110101110110101111110101111001001111101010011011111000010111100011110101111011110111010001101000000001010111 
00110001001110000100000011101000101111010010011101001111101101010100110010001111000000001101011100010000101010111000000000001110011011110011010100010110000000010011000001000111110011011001110100001110011011001000100101111100101111011001001100010001110110000100111100010110000101111100100111010010000011100011111001000010001100000111100100000010001101110000001010001010100000101000001010111100001110010100101111011100000011100000111010010011110110110100010011111101001110000011010011001000011000000010000000111001 
10110101000011101110000110110001001101010110001011100111110110000000010011110001011011100111101110000000001010101000100010011101110100100001001100111100011000001101000011010111110101111101110001011101001101000101101011000111100111101101011110110000110111011001011100111010101101000100101010010111111110000110010110000111110111100000110000100101010101110101011111111100111111001100110010111100111001101100010000011010010110101101011001010110010000010011001100000010001010111011100111101111010101001110010111001001 
11111001101010001011110111110111000110000000110011000010011000110001011101110111011000001101101100010000100011000000001001110110010001110011110001110111010001000100001000100011011100000101000110101101011110100111010001101101101100010010000000111011100000011100001001000100010000010000001100011111100101101100010110101100010001001010000101110000000101101001011000010010001111110001110011111101011110110101010101010001101100011000010001010100010001000000111101101100111000010110011111111010010010010100111100100011 
11111001101010001011110111110111000110000000110011000010011110110100000010101110100000001010110010001010101100011000011010100011111010101000000010101101000111101000001010010011000101001011000111010111100011010100111000000111101110001111100010110100101010001110100111001001000011010010100100101011001001100110010101110100111110100100111111011111001100011100011000001111110110011010010101001010100100000011111011010011110101100111010100110101010100001010011110001010100111001010111001111000001111010000111000100001 
00010000010111100010111001110010100110010100100101000111010011000100111010001111110011010001010111000000110010111001101010111111101011010101011011010111011101101001011010001110111000010110100111001100010101100000101110110001110010010001101111010111110100101101110100110110000000000011010001110000001110011001000100000110100010000100100111110111110101001101111001001010011111100010001110011100111000110001101111011010000110010000010000010110010010010101001001010001011010110010100111010001001001111100111001000001 
00100100110101111111100000111111110010001100010011111101011101100111101100011011010010000011001001010111001101100110100100110101111110000001000101100101001101100111011100010111001110111101100110010111001110111001111011011001110011110001010110011100000010110011100000101100111011011111001010010011111101000111110110011000000101001101101111101011101010101000101110000100101100001011001010101000110100100010011011100100010011111111001101100100101100101010100001010110101110010001010001011010100111100100111010110011 
00001101100100010110111100100001111111011001001000001000111010101111011101110110001011100110001000010001110110001000110000000111000010111111000000010000000010111110110111111111110100100011110011100010011010001100110100000001001011100000000011010101101011000010000111101110000110000110101100010010011111110110010000001000010000110101110010001000100011000010111100011101101111110000011110111001011111111000111011111001110010001000110010000101100100011010000100111101001110000111111010110001000100001001010100110111 
00100100111011110110001010011101100010001111001111010100101101010100110010001111000000001101011100010000101010111000000000001110011011110011010100010110000000010011000001000111110011011001110100001110011011001000100101111100101111011001001100010001110110000100111100010110000101111100100111010010000011100011111001000010001100000111100100000010001101110000001010001010100000101000001010111100001111100011001110111001101010111001100111111001110000100010100100101011000110000001010011001100101100000101010010110101 
11100011110100011001100001111100001010011101001110100101101110001110110010001000100010010011101110110011101011110111110111111100000011000000111100110110010000101010110010001110011011011110101001101100111001111100111101010010000100001011100100101100111010000111000111110010100101011011001100101111011110100010011110011111111011001011011111110010110101001110111010001000001001010011011011100000011110110010100000111011100010110000110110010110001101001011001000111010100100111111100110010011110100100100011101111011 
10110101000011101110000110110001001101010110001011100111110110000000010011110001011011100111101110000000001010101000100010011101110100100001001100111100011000001101000011010111110101111101110110000101111101111111110111011101111000011011010000100100001111011101011010000101001110101100000001101110101010000011111111010110011001000011101000010111101001001101111010110101010011101011111111110110111101100100110101110110101111110101111001001111101010011011111000010111100011110101111011110111010001101000000001010111 
11111100101100101110100010011101001010100101111101111111000111001110100010100110000001101111111110011111100111110010100100100110111011001101011110001101111100100001101110011101000001010110110110000101111101111111110111011101111000011011010000100100001111011101011010000101001110101100000001101110101010000011111111010110011001000011101000010111101001001101111010110101010011101011111111110110111101100100110101110110101111110101111001001111101010011011111000010111100011110101111011110111010001101000000001010111 
01110010110111010011001110010101001001111010101000101011010100011011011001000000010010001000101101011001110110011111110111011111000001001001100101001001101100100001101110011101000001010110110110000101111101111111110111011101111000011011010000100100001111011101011010000101001110101100000001101110101010000011111111010110011001000011101000010111101001001101111010110101010011101011111111110110111101100100110101110110101111110101111001001111101010011011111000010111100011110101111011110111010001101000000001010111 
01000110111010010000001100110000011001110001011100110111101010000000110011000011011010000001100010011001110110110111000010111001010111000011110110100000000010111110110111111111110100100011110011100010011010001100110100000001001011100000000011010101101011000010000111101110000110000110101100010010011111110110010000000111001000001010100100001110010011100011100000101101011000000111110010101110100010010110111101110100100001001110000000000101011011001101000101100010101000100110001001111100000101100110100100010001 
10010000110110001010001000011101110101000011011010101000011111001101111011111111111001100010101101000011101110111011111011011111001111100101010100011101100001000001111110010011001101000111010000010100010101101011001100001111001011101000110110110101000111011001111000110111100100100111100010111101101110101100000111001110011100010111011010010100010011100010010010001011001001001000110010001100100010010100101111011100000011100000111010010011110110110100010011111101001110000011010011001000011000000010000000111001 
00110001000111001011100010100000111010101011111010011101001111101011100101111111100111000010110011000100111000010100101101001111110001010111101110110100011101011100101011011011000100110101110101001010010101111111111000000111001011001110101100011100011111100100001001001000000110001001110111110101111100001111110000001111001110110111010001110010110111011010001110100001100111100100100110101100010010011011011111010011110011001011100001011010000100010110010010100011011010110011001000111111111100110111111001001001 
11011111100110100010101011001010101011000111010010011011101110101101110010000111010101100111000100001101110100000001110000110111111101111011001111011001110011101111000001110101000111000101011001110110111110101110101011010001001010110010010010000111111111000111111010100101100001101100101111111100111000011011001111000111010010010010010101100001111101000001011100100011010010110100001011011111110000001010111011011110011110100010110101001110001100110100100110101100011011111111010110111010001000100011111101010001 
00001101100100010110111100100001111111011001001000001000111010101111011101110110001011100110001000010001110110001000110000000111000010111111000000010000000010111110110111111111110100100011110011100010011010001100110100000001001011100000000011010101101011000010000111101110000101000100101010010111111110000110010110000111110110011111000101110111001100111000110110101101101110111000010111101010100001010010010110100011110101000010001110001011000010010110010010011001000001111011010111101111100001110011110000100001 
00101010101001100110110001111100001110000001001000001000111010101111011101110110001011100110001000010001110110001000110000000111000010111111000000010000000010111110110111111111110100100011110011100010011010001100110100000001001011100000000011010101101011000010000111101110000110000110101100010010011111110110010000000111001000001010100100001110010011100011100000101101011000000111110010101110100010010110111101110100100001001110000000000101011011001101000101100010101000100110001001110111010001101000000001010111 
00010110111100010001001101011101001011111001000110101110101000000000011100101110001010000000001011011000101100000001000000011100011000100110000110100000001100110011101011000011110000110001001001101001101111001110000000110101010101100100111000000011001010111101011010000101001110101100000001101110101010000001101000111011110100110010011110101110111100110101100101110111001000110110110000100000000101010110100110100011010001010110100010110110110100101001000101110111011100101001011001100011001100100001101101101101 
00111000000110011101100000110010000111010111000101001100010110011000100010111111110011101101111100111000001110100101000110001010010000001111010000111001011100101011011100101100111000011010110000111110000111100010010011001100111000011100111101011001110011001111100101011010011110001100011101101100111011000111101010000000000100110110000110010100111111011111001010010100101101110111011101001101001110110001101001110001110011010011000000101101000000100001111111011001100011111100011111010110010001101001000010110011 
01110010110111010011001110010101001001111010101000101011010100011011011001000000010010001000101101011001110110011110001011110010101001101001011011000111001111000001101011000001111001101111111110101110110100101010011100100110010110010110010011001010100101011101110111001111010011110110100011100111110111100010101110100000111100110111010001100111100001101101001111000111101011100100111010001100111000010111110101010100111111110001010010000111001010111111001000101001010100101110110011111110100101110010100011001101 
00101010101001100110110001111100001110000001001000001000111010101111011101110110001011100110001000010001110110001000110000000111000010111111000000010000000010111110110111111111110100100011110011100010011010001100110100000001001011100000000011010101101011000010000111101110000110000110101100010010011111110110010000000111001000001010100100001110010011100011100000101101011000000111110010101110100010010110111101110100100001001110000000000101011011001101000101100010101000100110001001111100000101100110100100010001 
00110001000111001011100010100000111010101011111010011101001111101011100101111111100111000010110011000100111000010100101101001111110001010111101110110100011101011100101011011011000100110101110101001010010101111111111000000111001011001110101100011100011111100100001001001000000110001001110111110101111100001111110000001111001110110111010001110010110111011010001110100001100111100011111111110110111101100100110101110110101111110101111001001111101010011011111000010111100011110101111011110111010001101000000001010111 
11010111100010011010011001111101100101010101111101111111000111001110100010100110000001101111111110011111100111110010100100100110111011001101011110001101111100100001101110011101000001010110110110000101111101111111110111011101111000011011010000100100001111011101011010000101001110101100000001101110101010000011111111010110011001000011101000010111101001001101111010110101010011101011111111110110111101100100110101110110101111110101111001001111101010011011111000010111100011110101111011110111010001101000000001010111 
10010001100010100110001111101001011110010110101100101110110001111011101001101100010100001101100011100111010101000001110101000100101100101011100100011010101110010100001011100110011011101110000010001100010110100101001011001011110111010000110110101111111110010101000010000010000100110100011001111000110100111101101100010001100101010001110010101110111110001100101011100011000100100100111011101001101100100000010101100011110000100011100111110000000001110111100011000000001010010100101010001010000010100011011011100101 
01110010110111010011001110010101001001111010101000101011010100011011011001000000010010001000101101000100101111001111000100011111001010110001100101111000000110011100101000000001110001011010100111010100010010100001110000111011010011000111101000010111000111101111111011100100110000111110000111000100101001101011001000011010010001100110001010011100010100010001001010100001010010111100001011100110010001010011110010101001001111001001010100000010000011111111010101111000010110100001100010011011000000110011001011100011 
00010001011011011000101100000111100110010011011100100000111111011000110000010000001101011100101100011001110110011110001011110010101001101001011011000111001111000001101011000001111001101111111110101110110100101010011100100110010110010110010011001010100101011101110111001111010011110110100011100111110111100010101110100000111100110111010001100111100001101101001111000111101011100100111010001100111000010111110101010100111111110001010010000111001010111111001000101001010100101110110011111110100101110010100011001101 
11111001101010001011110111110111000110000000110011000010011110110100000010101110100000001010110010001010101100011000011010100011111010101000000010101101000111101000001010010011000101001011000111010111100011010100111000000111101110001111100010110100101010001110100111001001000011010010100100101011001001100110010101110100111110100100111111011111001100011100011000001111110110011010010101001010100100000011111011010011110101100000011111110010011101001010110110010000110010000001111110101101001001011011111110110101 
11011111000001011100011010101101110011100100011101110001010001101100010110001101001100000110110011110101001100001001001101111011011100111110000001001100100100000100100110011011001010111101010110111100000011000001000100101010010000010000100110111110110010100011101111001111111111011110000101010001010101110111101100010000110101001010101000001010100100011010010110101010001010011011011011000110101101011010101100110011101000111111010100110101010100001010011110001010100111001010111001111000001111010000111000100001 
01100110101100110111011111111001000100101100001101000011101001111001100011101001110111011111101110011011110111101110101011011001010111110011101110100100000101011010010011001111000101101010010101101111001101000011011100010010010101000111110110110010101111110001110010000111011011110100010001000101110010110110000001100111011001111100101000010000110111001000111100010010110011110011010001001000011100011110110011011100001001010010110011100110010010010100001010011001000001111011010111101111100001110011110000100001 
11010111100010011010011001111101100101010101101111110001101010100101110111111011110011100111110000011100110010101110001000110111111101111011001111011001110011101111000001110101000111000101011001110110111110101110101011010001001010110010010010000111111111000111111010100101100001101100101111111100111000011011001111000111010010010010010101100001111101000001011100100011010010110100001011011111110000001010111011011110011110100010110101001110001100110100100110101100011011111111010110111010001000100011111101010001 
01100110101100110111011111111001000100000011010110111101000011111000001011100001110010100101011001000111101001100010100101001101001000011011001011100110000011011101010101111010110001000101011101001010101111001110101001101011010011101110100001101010101100111000000010100000100010011101001101001010001010101010010111111110101011110010110000010010110000101101101001011011111101001011010100010000000101101100010100011010011101001001100110010110010100110000101011100001010000000101000011101001111001101010001011001001 
00101010101001100110110001111100001110000001100101011000001011011000110000010000001101011100101100000100101111001111000100011111001010110001100101111000000110011100101000000001110001011010100111010100010010100001110000111011010011000111101000010111000111101111111011100100110000111110000111000100101001101011001000011010010001100110001010011100010100010001001010100001010010111100001011100110010001010011110010101001001111001001010100000010000011111111010101111000010110100001100010011011000000110011001011100011 
10100111111001000011000100001010101000010101011000100000000100111110111000101111101110111111000000110100001001010101111011101011100101111101100100010010011110001110000001010000000001110110100110110011111111111001010100001000010111000111001000101110100000101001101011010010110010111101101101001110100010110011010100000001000100100001011010111111001000100001010101100101110100101011000101111101100110100000110011000101001000111000001111011101101100111011110100010100001011110111101010001101000001111010111000111001 
10010100100101110011100010011011101000111001010111011011101110101101110010000111010101100111000100001101110100000001110000110111111101111011001111011001110011101111000001110101000111000101011001110110111110101110101011010001001010110010010010000111111111000111111010100101100001101100101111111100111000011011001111000111010010010010010101100001111101000001011100100011010010110100001011011111110000001010111011011110011110100010110101001110001100110100100110101100011011111111010110111010001000100011111101010001 
11010111100010011010011001111101100101010101111101111111100100110101000001101001000101010011010010111011101111010110001110110001111101111110111101101011000011111100001101010111100011111100011100111111110000010010010110100110011000110001111001100101101011001100100011101001010001000011000111011011110010010110010101111001010011100111101000011001010101100110000111100101010001110010101101100000101100001011000010110111000011100110111110110000110110010000011101010100011100000010001000100011111101111101000001011001 
10000001010110010001000000101010000110110110110011100001000111001110100010100110000001101111111110011111100111110010100100100110111011001101011110001101111100100001101110011101000001010110110110000101111101111111110111011101111000011011010000100100001111011101011010000101001110101100000001101110101010000011111111010110011001000011101000010111101001001101111010110101010011101011111111110110111101100100110101110110101111110101111001001111101010011011111000010111100011110101111011110111010001101000000001010111 
11010111100010011010011001111101100101010101111101111111000111001110100010100110000001101111111110011111100111110010100100100110111011001101011110001101111100100001101110011101000001010110110110000101111101111111110111011101111000011011010000100100001111011101011010000101001110101100000001101110101010000011111111010110011001000011101000010111101001001101111010110101010011101011111111110110111101100100110101110110101111110101111001001111101010011011111000010111100011110101111011110111010001101000000001010111 
00010110111100010001001101011101001011111001000110101110101000000000011100101110001010000000001011011000101100000001000000011100011000100110000110100000000000010011000001000111110011011001110100001110011011001000100101111100101111011001001100010001110110000100111100010110000101111100100111010010000011100011111001000010001100000111100100000010001101110000001010001010100000101000001010111100001111100011001110111001101010111001100111111001110000100010100100101011000110000001010011001100101100000101010010000011 
10000001001110000100000011101000101111010010011101001111101101010100110010001111000000001101011100010000101010111000000000001110011011110011010100010110000000010011000001000111110011011001110100001110011011001000100101111100101111011001001100010001110110000100111100010110000101111100100111010010000011100011111001000010001100000111100100000010001101110000001010001010100000101000001010111100001110010100101111011100000011100000111010010011110110110100010011111101001110000011010011001000011000000010000000111001 
11010111100010011010011001111101100101010101101111110001101010100101110111111011110011100111110000011100110010101111110111011111000001001001100101001001101100100001101110011101000001010110110110000101111101111111110111011101111000011011010000100100001111011101011010000101001110101100000001101110101010000011111111010110011001000011101000010111101001001101111010110101010011101011111111110110111101100100110101110110101111110101111001001111101010011011111000010111100011110101111011110111010001101000000001010111 
11011111100110100010101011001010101011000111010010011011101110101101110010000111010101101111111110011111100111110010100100100110111011001101011110001101111110011010011011010101110101100110110110110011100011101100111100100111110000110110001100001001100100110110010111001000111111110010101010110001110100100011010001011011111111110001011100100100101110001110100110110001110111101110110011111000010010000100000000110011010011010111110100101000100111101110000111011001111111100000111001111011110100111110011101101001 
01001001101111101110100010011101001010100101111101111111000111001110100010100110000001101111111110011111100111110010100100100110111011001101011110001101111100100001101110011101000001010110110110000101111101111111110111011101111000011011010000100100001111011101011010000101001110101100101111111100111000011011001111000111010010010010010101100001111101000001011100100011010010110100001011011111110000001010111011011110011110100010110101001110001100110100100110101100011011111111010110111010001000100011111101010001 
01110010110111010011001110010101001001111010101000101011010100011011011001000000010010001000101101011001110110011111110111011111000001001001100101001001101100100001101110011101000001010110110110000101111101111111110111011101111000011011010000100100001111011101011010000101001110101100000001101110101010000011111111010110011001000011101000010111101001001101111010110101010011101011111111110110111101100100110101110110101111110101111001001111101010011011111000010111100011110101111011110111010001101000000001010111 
11010111100010011010011001111101100101010101101111110001101010100101110111111011110011100111110000011100110010101110001000110111111101111011001111011001110010011010011011010101110101100110110110110011100011101100111100100111110000110110001100001001100100110110010111001000111111110010101010110001110100100011010001011011111111010000010000000110111111010000100100010010101001001110000010001111111010100001101110110110001010111111100110001010001010111011110010001111011110111001101011111110000001110011111001101101 
10110101000011101110000110110001001101010110001011100111110110000000010011110001011011100111101110000000001010101000100010011101110100100001001100111100011000001101000011010111110101111101110001011101001101000101101011000111100111101101011110110000110111011001011100111010101101000100101010010111111110000110010110000111110111100000110000100101010101110101011111111100111111001100110010111100111001101100010000011010010110101101011001010110010000010011001100000010001010111011100111101111010101001110010111001001 
10010001100010100110001111101001011110010110101100101110110001111011101001101100010100001101100011100111010101000001110101000100101100101011100100011010101110010100001011100110011011101110000010001100010110100101001011001011110111010000110110101111111110010101000010000010000100110100011001111000110100111101101100010001100101010001110010101110111110001100101011100011000100100100111011101001101100100000010101100011110000100011100111110000000001110111100011000000001010010100101010001010000010100011011011100101 
10010100100101110011100010011011101000111001010111011011101110101101110010000111010101100111000100001101110100000001110000110111111101111011001111011001110011101111000001110101000111000101011001110110111110101110101011010001001010110010010010000111111111000111111010100101100001101100101111111100111000011011001111000111010010010010010101100001111101000001011100100011010010110100001011011111110000001010111011011110011110100010110101001110001100110100100110101100011011111111010110111010001000100011111101010001 
10000010110010010011110000111011111011011010001000100011111100110101110100000010010001101010110101100001001000001011001111110001010001011110100000000000100001001111001000010000000111110100011110010000001001011101010110110011110001101010000110010001010010011001001000000111110101100011100000000011101100101001100111110100111111110000111110001111011000011110011001010101010110000011011000000101000100111110000011111010001000001010001000000100001011111111101001100010001111001100101010100000101111100100001100100011 
