11111101101011101111101001111010110001010011111111000011110110011000100110011100101011111010010101101111101111101101110001001100011001111100011110101110011101100001101100110100110011100100011011111110101111000111001100010011001111010100110000101111110010110100111101001110010001111110110001101001011110110111010111011000010011011101110111011111011110100000111011101111101000111101101111011101100100011111010110001100111001010011110100101110110011101101110111011001011001010010001001010110011100100011011000101111 
10101111111011000110110000000001100010011011000101000010000010000001100010000010000110110111011100111011000001000011100100010100110100101111010010110111111001011010000001000000000100010000010010000110100001100010010001110010001000100000000101010010111000001100010111011000010010001100000000100110011000000010110101110110001100111010111110011001110000100001100111000011110010001100000000101000110101001000011110001001111010110100111001010011010010000110000100100111001001111001000101101101011010100110000010011111 
01111001011011011110001110100110111101101011101001110110110100111001101110110111111111011111101101101101100001011100000111110011111110000111010011101101100010010010111110001111100000110010101000011111110101010110101010110011001011111010000101011010111001000010111111000110111100101011111011100111110010100001111100111011010110100101011110011110111100101000010011010000011100011110010110010000111110101111011110101011011110111000111001110100110000101111101110011110011101001111101101011110110110010100001110100011 
11010100110010111011111101100010111101111010111111111101011011011000110110001111110000001110011101110100010111001000111001110111110011000011101111001110010000111001011001011111101011011110110001010110001110011110000001110000110001100010011001111010101111011001010100101110000110111100111110101101111000111110011101110111111000010111110110001111000000111010011100101101010010011111101100010011000010110011001010100101111101101101111000111000000011011111000110110010000010111101111100011001100111111010100111111111 
01010101001001010101111100110010111111101010100111011110110011001011101001111010011111011010111010100111111011010100101000100011110000111111110100000101111001010001111101011111000001110001011111101011110111110100010001111010100101010001111010101010010001101011010101111010001011101101100100011001101110100010101101010110111111001110001111010000011101111100011111000101101001001111010011001001100100101001100111000110110011011100011011110111101101100111110111011000010101111110101110011000110101011111010101111011 
10000111110010111011001100111000010110111011100100011011111110101001100010101010101101111100010100110000111011001101111010110111011111100000000001100011011111011011100111010001001111111001001101011011101111111011000010101110010101000011111110001111011110010110111011111011110110111110001001100000001101011101000111100010110011011111000100000000111100000110111010111101100000101101011111100110101101101111110011011111011100110110111100001100111000010100111011111101101010010101000011010101100111011110101000110001 
11001110100001101100010000000001010010011011010100100010100110010001000010010001100110100100011111111010000001100011010101000000110000011101110000000101101001011110000101010000010100110000010010100000100001110000010011110010001000101000000101110110111000001100010110011000010011101101001010100110011000010001000101111111001101000010110110000101110000011001011111000001110010011100000001101010010101001011111100001101101000110100111001010001010011000010010101100010111001101001110101001001010010000010001010111001 
00001110011011101101110110001010010010000011111001000011101110001111011000100001010001000011100100100111110110101011011000000000000101101000000010001110010000110110111100100000111101100000000001000010011001101010010111011110011100010000100111010100011101010101110000000101100100111000100010001111001001011111000100000100001100010101100101101100010100010010000010001010000011001100101000011011011000001010110010010011001110101000110000101000011100111000011101101001100010111101001000000000001011000110110110010001 
11011000001110000000010111000001010000001101000110110001001011101000110100000000100000000100001110010110000010010000100011010101110000100111011111010101101011011100100100001110000110100001000000000100110010010001101001110110011001110110001110100101110000000111100000110001000101001011000011001101111000110011001011110110101100001010111011010110110100110001100000001100011001000110010000101010010101100010100001001000110101100000001010011100011110001111100100111011011001011000110111000010110010000010001001001011 
01111011011010011010011100101110111111101011101010010111100100111001101110100101111011010111101100100101110010000101001101110101111110110111010011111101110010001010110110001011101001110010000000011010010100110110111100110010001011001010000010111010111001000010101111010101011000101001111111110011010010110001111101110011011100000101001110011110111000111010000111010100011001110110010110000000100110100011011000101001011110101011011011100110111101101110101011111110001101001111101101011110110110000001010100110101 
01101100010001101011011101011111010001100001110110010111101111100000110000100110101001111011010111010110101001111001101100000110001000111010101001000101111111101011001100110000001010110100011111001101101011101000001101111100101111001001101100101011111011111110111110100010010000001001110101111010101000110010001110011011101011001001000110110010010010010110011010101011111010110110111010010011111111001010101111001011111001111010001001000010110111101110110011111011110010110110011011101011100100010001011100111101 
10001001110110011000000000110100110001000110001110101100011000100000101001000000111111100010100110001000001010010000110100110010000001010111110110100111111100001000110101010000011010000100010100001000010010111011100000111101101111100001110100100110110001000101011001011110011110111011001001110111010101001101011110011000010010110101000000110111001011101101110100000111011001101101001010110100110001001011011100000000010110100000011010011001000010001110010001000001010000011011001010001110110000000000010011001101 
00110110001011011101111101110011011010101000000101001011110111011010111000110000000010111011110011100110111111010100111001100110100011011100110100000101111100011000111001111010000011111001011001111011101111110100001101110010100111010000111010011111010001111100110110101011110110101011010001001000101001010011011001000001110001011110100101110110011100110100010100011011010001000010111111110001110101001110100011001111110101011011111011101010100011100011010111101010011100111110101001011001111101000001000000111111 
10110111100011111011101001111100110001101011000001101111110111111000101000110100101001111111110111110100111001101111110000101111011101001001010000100111011100011011011011110000100011101001001101001000101111001011001000101110000111010000101110011011111010010110110010111011110110101101001001110000001100110001101101000010100011011011000010000110111010000010111000111001110011101110111011110110110101101101110111011101011000011010001101011010111001001100111011111001110100110001101011010001010010011010011000110011 
01010110001101011101111100110011111010100000000101011011111011001011101000110010001011111111110000100111111111010100101001010111100001011100110100000101111100010001011011101011000011110001011011111011110011110100000101110010100101010000111010011010010001101010010110111011110110001111010110001011101001110010100101110111101111001100000111000000011101111000010100001001010001010010011111110001100101001111100011001110110001111101011011111011100101101011010111101010010101111100101101011000111101100011100011111111 
10011110110010101000010000000011000010010011111000110000000011001110100110000001000111000011011000101010100000100010010011000110000010110100110000001101000001011111000101000000110110111000010011110000110001110010000011110001101010101000010111000001111000011101011111011000110011100111001000011111101000010010000101111101110100011000010100001110110001100011010101010001110001011100001001001010010001101001110100000101000100010100110101111001001111111000010110100001100000101001110001000011011010000001011010110101 
11001011011011001110010010001110001110101010101000110101000100111001000010010100111111010111110000100111010010000111101101110101111110110101010011111001110110010010111001101011110001110010000010011010110000100111110101110010001011001010000100111010111000000011001001000101110000001100010111100111010110101011111101110001111010010101001110111110111000011010111100010001111001010010011100001000100100101101001101101011011110101111011011001010011100011000101011101110011011001111111101011110010100000011010110110101 
00101100011011100010110000010010001010001101011011100011010101010000110110011000110001011001110000110001000111100101110010000111110101111101001000010110100001101000000110000000000000100010100010011001001001110000010011000000010111000111000000111010011100011110101010000110111001110000011010010100001011010001010110110001110000000111000100100011000000101011101111110000010001000111000110010101101010000100000110111010001001010100001110100101011001111111110000010110111000111101111011000111000001001010111110110101 
10110100010100010001101010100010010000010011010100110001011011101110000001011011001001100000010100000001110111000010000000100010010000010010100001011101000011011100000111111100101110011010101001011010011010011110100000100000010000010110001011000111001001001000111100000100101110000001000011111101111010101000000101010010111010011011111001011001100011100110000011010001011000111010011111110011000011000010100111001000101101000101111001010010001000001100111100101011011000010100101011001001001111110011110011010001 
01000111101110010101001001101011101000000000110000000000111001010000100000100101000000011110101011001011110101110110011010101011100000010100100000111011011100111100101001101001101110011100001110001100111110010000000101011110001010010111011101001110101001111001011110111110100111110001111101001001110100111110000000110101010111010000100101100001101111000001110001101101010100101110100110010100000110011000101001100010110010110000001110000100100101001101101000110010011010110100001011100101010000010001010000011001 
10001000000111000010000111100011010010011011001010010100001101010000110100010100100001000011000100010110001000110010100101110100111000001101011110010101111111011000100111011011101001100011000001000101110010100010101101101101011010110110001100101001010001000101001000110101000001001101111011010101111000110110001101110110101111000010001011011100101100010001110001101000010101101110011100101101011111000011100001011000101101110101100010001100011110101011100100011011010100111110110111100110101000000010001001001101 
10001001111100001001110110110010000010010010110101000011101000000001101101011100101000010000010110010100111001110010010010110001011011100001101110010111010000010100001001100100100000100111011010111110100001100100010011010111001000110010110111010000111101110011011111110111100110001011010000011100100110110000001111110100101001101100100001010000111001111011101001000101001011001110100110011000100101110101000000110110100000000001101010111011111100101111101111001010100111000010000111010010111010100111100101011101 
10100111110110010101001100100000001001001010010111111000011000110100100100001110100110010100101110001011010110011111100101100100101111111011110000000101001110011111000111110111111100100011111010111001110010010100100110110011001100001010101110100100001001010011010110100111111110000000011011010100000111000100010000110010100000111010100010101000101011011101010001101111111100011100101011000000111000111011011010011011000110100000000110001000111111111110111100101011010111101010111110000101010110110110101111111111 
10110111110010111011010001100100101100101011000001011101110111111000101001000110110001011111110111110100111101101111100000001001011100011000110000010011011000011011110000110011101111101000001101011000100111001011110010101110001111010101010110000010111010010110101000111011011110011110011011111101011101010010000110000110110001011010101110001101011011100000111110110000101011100100101011111100010101100100100100011000001000010010000100011110001001101010101110011001111010000001111011000001100010011010001000110011 
01111010110001100101101000010010110010011000110100100110101111001111000000100100010011001100000100110010000010101010001010011001010100000001010000001111101011111001011011100011111001001010001100110001111000010010010110011110100010110000001110010010101011100101000100011010001001000001100011101100010001110001010010010110101100001110100101111001110011011000010110010110111010001011100001010010011001000101001111001111000110101001011000000000001011011100110011111011100010101100010001100100000000110010000000000101 
01001001110111110100000010111000110011010011011110010110000010111001111001011001110011000000100110110000000000000010000001001100011010000000000110001101000111001000100010110100100101000101010010001011111000100111011010111111000000000100110001110000001101001001100101010100100100101000011111100111001111100010110110110100111100001000111001111000000011100110011110000000101000001001110111010000100001101011000010110010111001110000010000000111011100010011011110010011011010000000100000111001100011000101010110000011 
00001000011110101000111010001100010111000100011010001001101001001100110010001010001000000001001101100101001000000100000011000010110001111010111100100011110111111100000000001000010000001101001000011011011001100001100100110101010011100000101100100110110010010000110100000011110110011100110010101101010000001000111110100001111001100110001010000110101111011001000001111001001011011010100001010000101001100111001000010100010111001010010000111010000101001011111010100101110100010001100010100001011010001111110010110011 
00001001000101001011001101100100000101000010010111001110010001000000001110111101111101010000111000010001111011100101000111011010101010110101111100011001010100001100111101011010000100010001001110010001000100000001111000000001001011001010010011000100000001010101110011111000011010100100011100001110100011111000100011100110101110010011101111010111010101011010100111010001000010101100011100011000001000011010011010001101100000011010010001110101010100011110000101001111000011101001001111001110111001011000101100100001 
01011101110111101000110011101001010001101110001010101101101000101100101011100101010110011011010000110111010100111001011110101110101110111101101101010110101110010111111001111011110100011001001101110101011010111111100111100001101001100100100001011011000010100100111010010110010111100100111111111001110101001001101100111101011010110011010101001100110110111010010110110111000111001011111010001111001011000011111110101001111001111001010100011000011001010001111011111001110011101000001011110000101110000111101100100111 
11110000011101101000001011001001111011011110101111000001011111010010001101110010100000110101111000010100011100000000101101001010111010110001011100100000101111001000010011111010101011110001100100100101000111101010011000101101000001001000001000000101101111100011000110111111111000000110010100100000101001111110111001101011100101100110001111110101111011001011000001110101010011010111001110100001110011010010001101111000000100010011000110000011000110111000111110000000101011101110001110101010100111101000011010100001 
00001011100001001101110110010000010011000010110001110111101011000001001100111110100000110101110100010110011001110110111010111001101011101001100010010111011000010110001101101001101001100111010110011110110000100010000011111111001101010001110110010101111101000000011001010101001100101101001000011100110110110000101011110100100011101101100101010000100001110011101011010101000111011110101111111000101101111100000000110110100000010100111010111010010110101111100110001010000110000111000111010010000010110101100000111001 
11101001001100001010100010011010011110000001010001100011100100000110000010101000110010011111110000110111011011001101111100111010111101111001000111101001000101000101110101111110000110000010111010100110100101001110110001010100100100100000100101100011001110010101001101001110010001000100100111111100100000000111011011001111111010100011111111010100111000011001010000011100100010011010110001010110000100110001000010010000001111011100011000110111100000000110101011111000110000110000001100101110100100111011100010001011 
11011001111100110111010100011000011011100100111101000001010010011101000111011110100100010111011011111100110001110000001100010000110000000110111000101100110011001110111101101000010101100000010010110011010101111001000110000001101100010000010011001001001101010011000000111010101010001001100010101001110101000010010010100000111001111011110000000101000101110000001100011110001101010001000101111000011010111000010111111111100001100000001110001101000001111110101111010100101100000000110110100111001010000100000100010111 
11111011111111100110111000011000111010101100110111011001111110011110000101011001100011000111011010110001110011110011011001111100111110101010110110100110101110001111010011111100000100100110110001110110010110111100011011100101101110100011010011001011001010101110001000011101101000111110110111110101110001010001100000100110011100111110000110011101000011010110101011011110001101010011011101100101010110111001111010100110100011010001010100001100111001100110000000001100000101111011110111100110000101010110110000110011 
00100111110101100111110111010110100000110100100001111011010011010101100011010000111100110101100001011010000001110000001110101100110000110011101010001010111111101011111011010000111101101100101000001100101011001111010010000011011001101011010000101001001000010101001011010111111111111011101100011100011000011110011101101110111111110011110011111101100111101011100001110010100000110010011111110111111010111001011000011110101000110001010010101110110011000100100001110110111110110111001000111100010011010110101001100111 
11111011001011001100110000100111011111100010101100010101111100010111000000110111111101010110011000100101110000000101101010100100111110110111111101111001100101110010111011101011010000110010000011000010010100100110110101111110001011100111101100101010111000000111001001000001110011111101100110110111010100101110111011100000010110010110011110111010001100001001110000101001000000010000010000011000110100101101011001101010011110101111000010011110011110010010101111111111010000001111011101011100010100100111110100111101 
11111100011000111111101010000101101111101001010011001000101101000011111010011011110100111001010011101100100110111110111100110000011010001100011100111111101111011100100000010110110010100100111101100010010010010111110110111111011100110101111011011100010000100100011010101111110011001100001100100011111101011110110101000011001111100011001001001111000101000000001001011001110010001111010010001101101101110001010101111011001100100110101111100111111000001111001110101111011110110010011001100100001110010101000100110001 
11000001000001001111111001111100010010111001011011010100110010100101111011011011111110011101000011000001001000110011111000000101101010010101001110011000000001000110110011001001110100001101001110100100110000010001110011110100110100001011101110000000100110011010010001101011101100110111111101101011011010101111110001000111001101101101001101010111101110111110110110101000000001111100111010001111100110101110001101111001100010101101000011100101001111010010110110101000101011110110001011010001111010111000100010101011 
10000001000101101111110001000110100010110100000001010010010000110100110011010001110001010111101001001010010001011001111100100000110000110011101000011000100101101010111011110100111011100000000010001010100010101110000011101000111001101110010000101001001001001000011011000110111110001011001000011100011001011101011101111100100110110001010010111111101010101011100010110010000001110011010110100011111000111001000100001110011001110101010010010010111010000000110011101000101111011111000000011001011000011110101101100111 
01101001110010000100111000001010010110010010001110100110101000111100101011110010011110101110100100001110110000110010000110001011101001001010100000100000010111000011100010001010010100101001100010100011111010001101001100110110011101010000010000001111011100001101101001111101000100010100101101110011011101001000001110100011101001100110111000110001111100010110000011111101010001010000000011101000111010000100010111100100001000011010010001011101100011000101110110001010110111011100110100100010011110000000111011111001 
10001110111101101010010111101111110000010001101100110111000011011001111111110101100100111001000001001010000100100100110111111001000011111001001010101111100000111100110010001100010100010111100000011010000010110010001010110101011001001110100111100110001000010111100010001100010101010110111101110001101100000000011000111010001111000001001100000010000110011101101111001010011010100110010001011010111001100001110001000010011010000001101001111000010010000000101001100100101100101010010000000000001001001110001110100011 
00001011001110101011110010001011111001000001110101000011001111000111000101100001011011001011100100001010110010001111010010000001001011100110100000101101010011101110111100110000111100101000100001101011011110110010101111010100011100100000110110010101011111010100110000100101010000111000001010001011000001010110000010011111001101010101001100000100000100011110100010001010110011000010000000011011110001001010101111010111001100101000111000101000011000111100100011101000010010111101001000100100000001010110110000000011 
01110101011101010101011100110010111111101010000111011110110010101101011001011011011011111010100010100111111000000010111011100011110000111011110110000001111001000101111101001110100001100001010111110001110111110101010001111010110011011001111111001110110001001110111111110010001101100111110101011001101110100010101101010100110101100110000111010001010101111000111111000011001011001111011001001001100101110101000110000110110010011000011010110111101101110111111110001010010111011010101010111011111011011011010100110001 
00001001001101011000110101100100010111001011011111111110010001000000001001010101111001101001111100001010110001110100010111011110110010110101110100010001110100011110011111001010011110010001010010010001100101001000101000011010001001001010101011000100000001000011010011111000010010101101111100100110011001111001000000110110101010000001100111010010010100010001110100000011010010011000001000111110001101000010011000101101000000010010111111100101010101000111100101000011000011101100001101101110111111000000101100100001 
10010001001010101001011010100110111000110111011111011101111011111110101011001111100101111111101100000001001011010000110100110011001001001001100100010011111101111111010001011011101101111111100100001101110111001000100111010101000101111010001001000100110110111001110101110000011011010000100000100101110110000000111101111000001111011110000101010100100011111010011101110011011011010001001110010010101010011011001110011000111011110001010111111000000001011010110000001101101100111010010001001001011101100101110000101001 
01000001111111100000011110010011011111011010001000000110101110100010111111010101101000110001111001000110011110101101101010001110000000001010001000001001001011010001110010101011111111000000111000110111010010000000100101110011101100110101101111011100110010100000110011001111010001010110111010011001010010111000011101000111000111101011010111001110111100001001011110011110100100110001110110111111011110010101010010110111100110111111011111010110110111111001001110101110001100001111010111001101100010100100110111101101 
00101001110110110100001000101010010000010001010110000110001010111000110001011011110011000101100110110000011100100010101011001110011011001010000110001100000111101100000000111100001100000111110010000011100000110011001000110111100000000010110001010000101101000001000100010100100100001000111111000111000110100001000100111100111000001100110000101100000011101100010111101001011001011001011110000011000001001011100011110010110011110010011000110111011100010111100101011011001011010000011001110010100011100100010000000011 
10100110000000100010110111010010010110011100010011000011110101000000110111001000100001001101101110101110100101000100000111100100110100101110100100010011100001110011001100001001100110000001000000011001010100010101011101111100000011000111000100000010100000011000101010011010011101011100011100101111000010001011111111101001110001110110001000000001100111001001001011010010000011000110100101100110001001000101001000011010001011011110010100111100000001111011000001110100100110010101101011100011000000000100111010001001 
10101100110111000000000000101011110001000010001111111100101010100000100001110100111101100110100010000100110010000101010101100100010001010101110010000111001001001011011001010000011000000110110100111001011010111111100000111101101101100010100000110111010000000101010001010111011100111010001010111010100101000111011101001010010001100101000010101110001011011101000110100000010001100101000111010101110001111111110101000000100110000001011011100001101010001101010101100001001001100011101010010100110001000000010001000101 
01111110011101100100101001010010100010011001111101001110101110011110100001011100010111101110101100110111010110100011011010010001000100001001001100000011111100111100011110100001101101001000001000100010110001011010010010111111000010110000001110110010101111101111010100011100001101001101100011101110010001100001010010000100011100001011100001111001010011001000000110111110111000000011001000001010010001010101001010000011000110100000001000000001001010011110110010101000110010101100100101100000010001010000010110000101 
00111000010011000000110000111100001011000110001111011101000111111000111111011001110011110010100010100011000111110000000010001011100111111101000000010110100011000000010010010001001100100000101011011001111011001000001110001010010011100100100011111010011100011010100111010111001101100000000101010001001001100001000110111001110101100001011110100011000000111001001111011000010101101111000010111101111010010100000110101001000101000110010110100111101101110000010000010110011100011101110001010110111000001110011110110001 
00000001010110111110110010111100111111000001101101010010101100111011010110101000011101110110010010111011110111001011001100100101110010111010100011001001111000100101001000001000000101111101110111000101101011110110101000011010010100111100110101111000101101110000010101000010011010110011111011010011011000100010011011111110011010000110101011010001110001010100000010011111001110110011010111010111001001010110011011101000011000000111000101111110110111011011110010101110111000101111000110100011101101010001110011100101 
01001100100101101100100111000100010110000011010110010011000100010100001001000100100110101101111110111010010001101110010101011000110000010101011100010101101100011110000101001010011110010000010010000001000001111000111001111010001001001010110101100100110000000000010011010100000011101100111000100101011000010001000000110111101001000010110111110111011101010001010110010001110000011000000000000010000101000011010010010101010000010010111001010101010001000010110101100111101011101100101111101111010011000000001011111001 
01110100000100010001100010001011010000011011010000111001011010101110110001110011001000100110110100101100000111000100011011000010010000001010010100011100000000011000000011110101101110010100101000001010111000011110111010100001010000010110001011001001000001011100011100100000101111000001000011110000011000101100000111001011011010011011010001011000100110100110010000110001011000001101011011010011100111110010101111000000100100000101111011000111000001101000110100001010110100010001111111001101001101110001111011010001 
00000100001110000000000100010111101111000100000101010111111110110011000011001101101010001010001010100100111011000011100110000010100101101001101100100111111110001110001111101010000111101000011100010011101001010010001000110000100011001110011011010001011001111001000111000001011110110100111111110011010010101000111110110011010001101010110101100001111010000001110010100001010110000110001000110100001100010111001001011100111011111101110100101101001111101010000101011010110010110100001111100100000000100010011000110001 
01001111100011010110100111011101101001110111010001110100000111000111110110101100010010101110010100010100110100110111111110101110001111011110111010101100100000001000010110100000101000101000111110011001111011001000111010000101111100011000111001000110001010111101011100001111011000001110010110000101011011011111000101000011100110010100100000010100011111111110010001010010110101000000011000111101001110100011110110110000100011000011101110110101110001000100110001101001000100100101000010000110111111110001000000010001 
10010000111001011100000001100110000000001000100101010111110001101100100011011110010011010111001000010110010101100110100001001001110001000010101101001110101001101010110011000001011001011100110001111111100111001101001010110010101100111110011000110011001011111110110001110001100100010100000110000111101111100100100111110100101001010010101111100001001110111111101101101001110101110000000001011001000110100100000001101100010010110111101011000101111010100111010100111000000101010110110010111101010111101001001010011101 
00011110110011110101101001110001000101110111101001100011100111011100101011100100101001101101111101101000001101110101110101111011001101100100000110101001010001000010100100001000101011100000010001011111001110000011011110101110110111011011001100001101001011101100100110001001111100001100000001111011100001110111101101000111001110000101000011110011111110100011100101110001110010011100010101110001001001000010100101111101101010110011110000101011000010011010000101001100011100100100000010111100111100110101100101101001 
10100101111001110111011010000001011111010101000111011101010010111000010011011110111001011010100011111101011101000101011101010001101101100111111100110110000001110011111110001010000011010101101110010010100101100101111000011111001110100010001000100001011000000111011111110111111110011101010011011111111011111000010111001101100100111100100000101101001111100001110100001000011010111011100010110000001100001100010010001100111001000010111111101101000110010101000111100101010010101011110000101000010000011001010101111001 
01100010111001001101011010100001110110111000111001110010110110101010010000101010111111111010010111001010011101111011101010111100111111100110100100100110010010100111110101001011011010101101100010101001011110010001111101110011110001101110101011101111110000100001000001100100110000010001001101001101101111101011011000100000010001001000001001011100100010110110001101101110011111110010111011100111110001010100011000010010100001101100110100110011010000001101101110101000011010001101001110000000010001111110010101011111 
00111100000011111011001101111010010011101011110111001011111111101000111000100110101011111011110011110110101011110100110000000111001001011100110000000101111100011001011001110000000011110000011101101000101011001000001100111110100111010000111010111011111010111001110110101011110100111001010001111011101000110011011101000011100011011111100010110110111110100110011000111011010011100110111010110011110111001110111011001111111001011011001100011010110011101100110011101110111100110110011011011001101000010001010100101111 
01110101100011111111001101111010110001000010100111100111111111111000100110011110101011110001110000110111101001111100110111010101011001011100111111101110111101011001011000110100000001100100011001101100101011000010001110111011001110010000111000100111110010111001111111101111110011110001100001110011011100110011010111110011110011011101100010010110011110100110111010111010010000111110111011110111110100011110110010001101111001010010001100011010001011101101110011001101111101010000001011001010011100000011011000100101 
01101110010001001111011101110010110011000001110110000011101111001011100111100110100011111011011111010000101001111111111110100110001010101010111001101001111011101100001111110001111010110100011111000001101101001110100101101100110101001101111100100011110011010101101110000010011110001101011101110010101101100011001011011011101001011010000011110000010010010110111110011011101010000011110011000110101011011010101011000011111001011100001101001111110100100100110011100111101110010100011010111010000110011111011111011111 
00000000101101110010000100111101011100111101101000001000111011111111000110001000111110111100101101000111110000100100000010001110101110101111101001100101111001110111110101111110110011111111111101101011100110001100011111001000010011001110010101101100111101001010001110110111000100101110111110010110110000000000101101111110010111010101000101101101111101010101010110110010001010111010000000011000011110011010001111110111001110000110110111101111011101100110111101111010111110010101010111010011011111100110001110101001 
01101110010011010000010110111001110001110111011010111101001111011101110111101000000010110110010110101100101000110111110000011000101011011010111010101100100100101000010110100000100000100000011110101000100110011000011010101101111100000000010001000000001011111111000100011011010000001001010110100101010010011010000111000101100110010100011001110100110111011100010111000010000100001000011000001001001100100111110110010000100010001111000101100000001001000100110001111111101101001101011010000010111111110001000011010111 
00100001110101100001111010100000110011110101001010011101110011100001100110001110010101111000101001100010010110100000010101101101001111100110100111100011101000010100011100011000011011000001011011011001101110100111110010010100010110101001101101010100001100111111110011000101011110110000110110011001111010101011001001111001101000100110000101111100100100001100010110000110010111010111101101100100111101110101110111101011110100100000110111101010010011010000100100000001101111001001010010111110000101110010110000011001 
00111011001111000110011111101110100110000110100100001011010010101000100100000011100111001010100000011110111010001010000100101000010111110101010101100001100000100110001010101001000110001001110100001000111011100010010001010011111100111101010011101011000110000000110011000110111110111001011110101011010101111011000100101101111011110010001110000111000100101100000110000110111110110100111010010000000011100100000101000000011011101011110100001101001101001101010001111100000110101001110101100100011010101100110010011111 
10001001011110110110110000111000111011001000111111101001110110011010000100011011000011000111011000110101010001110001011001010000110100001110110000111111100001011111010011111000010100100100010000100110010101111000011111100001101000010010010111001011101000001010101000111100101000101001000011101001111101000010110000101000011101111111110100101101001101111000101101011111011001010000000101111001011010101000010011101110100011000100000100001101101101111010001100010000001110101001110111100111000100010100110100111011 
00000100110111110100111111000100010001101000000110001011101011110100011011110100111001101100101011111101100111111000100100011000011101111111000110101011000101011000100001011011010111010011100110010010101111010111000000000110111110111010101001011011000101110100011100001101010111100101000111101110101100100000010110111100110101100001000010111000100110111111100101110001110110001100001010011001110000101101010010111000101010010101111000101011000110100111000100001110011100101100000110001001101011010110110101101101 
00001111011110100000001010011010010100100011001110111001010010000010100001011110100011001001100010001000100011010010000101000000011000010100011011001101000111011101111100010110100101001011000101011010100001110110111010100110010100000011011000101100000001001000001110110100000000100001111110000111101010110011110001000110110101110001110000111100010011100010001010010001101110111001100010010110011000100010000001111010011101110100010010001111110010001001011011101111011110000010011100110011110111001010000001111001 
00100100111011101100000111000010110001100000101110011001001001010100001011110001111001101100111111111110101111111100101101110010011001101110000110101011000101011000101101011101100111010010101111001010101110010011110110001110111110110111111111011001000011111100011010001101011101000100010110101110011100100100100110101101110110100111100000111101100010111001000101110101101010011000001010101001110110001100010010101001101010011000000000101001000000100110100100001000011110001101000010001100001111100010100101101101 
01000110011100011010001111100010001000101101011000011100011111100110110111110000100100101101010101111001011011101101011011000110011101011110100010001011011111001111101111100111110011101101011011000100100111110010000111011110001111010100110111100101110000001011101100111001111100110001000110100111001101010111001001100110110110001101010100111100101011001100111011111111111110110010100001000000111100111011111011000001000110011101001100101101101110000110101000100111000110000101000000100001011101111010001011001011 
01000010101011110101011001100001100110111011110001100010110110101011010101110010111110111010010101001011011101011011101000111100101110100100001100100010001010100011111101101100010100101100101000110001011111010111111011110011111001110110001011101111110010110100010000010100010010101001001111100101101111101000011010100011110011001110101000000000000010110110001100011110111111110110101111101111110000011000010100110011000101111001111100010010010001001110101110111110111110100101001010000001000001111100001111011111 
11011100010000100011011001001110110110010010110011010010100101001110011101100001011111000100101100100110101010111010000011011000101001000000101000011100011111110001001111001010010011100000011010001101001110100000000101110001111000111111101000101100001101101110000010001001011011110110110110111000111100101011111110001001011010111001101101110100111101100111010000011110100110011000000000111111100101000101101001111000001111000000011010001101000100101111000010000101101001001001011000110001100000000110011001010101 
11011111101111111110000111010110110001000111001011011101000111011011111101001011110101111110010110101000100100101010101101110011110111011001101101100001011010011101010000101110011011111101101001001001111110000110010110111101110110100111101001011001110010110111111001111010110100011011011001011100011110010101101111101011110001101010101010100001001100000100100101101110110110100101001100100100110010111011111010011110011010000010101101001100101011010100010010010111100100101011101000010001010000111110100011111101 
10110111011111001011111011111110100011011101101111101011101010110111101110100010110101111110010000010110011010011110111101001010000011111010110010100110111010101100000010111000100011011011011111100111001110001100011101000111100111111100001010001110010000011011000001111101111000111101101001111100001001011110010101000000100011011110000111011110001111111111000101001001011010001010001011011011001101001101101111011111000000000011001101111100100111101100011000010111011101110010111001011001101110110000110101001011 
10001100011100111010000010110001011010011011101000011000110110011101100101000000111101111101101001101100101000100001111010000110101001101111101101000000110001011000101111011111110000011111110111111001010010001000000011100001001011011010010100010111111101011010001110010110100000111110011010010111111100101010001100111110000111010111010001111100110000111011010110110010011010111100010010011001011011010011101011111111101110010001000111000111011011101010111111101110111010000100001111010110011011100010001110001001 
00011011011110111101101111000101011101110001010011011111010100111000111010010110001000110111100011011010111011101010011010010011101101100010000111011101001000011101110000111011100100000011010011110110111101101111011000101001111100110000011111001101100111111101100000100101011101011000101100100110111111111000100110010000100100101111110000000110010111111101011010000110110110011111001010100101010101001111010101100110010110101100110101000010001000110111110010110101010110011100101100101110001110001010011110110101 
01111110100011001011100011000010111111110000000111101000111010001111000101001111111111010001000101100010111110001111110011101110111011101100001010000110010000101000001011110110111001010001010100010010001010000010011100111101101011101010010000010001111010010010001010011111101111110111001101100101000111010111101010101000100001101111000011101101100011111000110000111000111110010110101101001010100000101011101101000101010000000000011011110110010011101010101000101111111100011110001011110110111010000101001000010111 
01001000110011011011100001010001000011101010010111100110111110000001001111000000011101011110000111101010010011011001010111111011001000111011010001101011001100010000110001110010000000111010010101100000100001100011101110011101011000110100101111001010111001011001110111101100011110010100101010111101001101110110000000000100100110000001010111110000011111101110100000010110100011001011010101110011010111010101110110001010111110100101011111110100001100111011010000000101001010101010111010100111110010001110100011010011 
01111111011011110000001001100011101111000110000000011001100110100000011000111011110101011000000100101101000000110010110100011000010101111001011001111101011011110000000100100000111011011111001111010110010100001100010110110101000101110100010111110000000100110110001111000011010000011000110111011001011110000100101011101100100010101101011110111010001000101100001011100011111010100101000110111001001110111111010111000100111100011010011101001000101100100010001100110011111110101100110001100100101110110110001110100011 
00110100100001011011011111001000100011010001110010001000011111111010111101010000011000000100101000000110011111111111110011100100001001001000010110101111010110111110001001010001011110010000001101101011110001000001010100010001110011110001101111101001011101111100100001011001011000111101111010000000101101010111011000011010000100111010000011000011110101010111001110100010110101101110100111111110110100110001111001001000010101101001110110000011011101101011110000011000001100010100101111100111111111010110001100100001 
00100000111011100001111010101000110011110111001010001100101000100100000111001111010111111010000001010110010100100011011111101001001011110010101111011101001000000111110100000011001011010001010011010011101000010110111110101000000100101001010001010001000101101101111010010100010111010000110111011010111000001010001100011001110010110110011101010000100000100100010110110111010101101111101111101110111101110101111011100011110010111000111100101010011010010000101000000011000011001000010010111010000101000010100000010111 
00010011111000000101111000100111100001111111110001101011110100011000111000111111101110110000110000111010101111001100011010100101100010000111001100000001100101110110000101010011011000110010100000000111110110100011000110001110110011111101000001000000010111011011000111100001011011110001010000010100101001100011101001101001001011101110100101101000001001110100100000110111000001100110001100100111110011010100011100100000110000000111110110001111100001111011001011010000110010100110101010101101010001111110101011110011 
10110101100100011100010001111101100011111101010101101110111010111111110010110010111110001110000001101011110110111000011101111101111111001101010100110111110010011010110010100001110101101111000100011110110110000101010101111101100010001110111000101110011100101100111101111011110110110111001111110100100101110001011010011000001010111100000111010001011110001101001100000001100111111001001100101101000010011100101110101111101101000010111001010101111010110010000011100100111100100101111001111100000110010011011010011111 
10011001110100111011110101100111111101111010111111111101011010001010110010111110001000001101011101110110010101011001111001110110000111000001101100001100000000111011011001001111100011011100110000011110000110101110010111110000110100100010111001011010101011010101110000101011000111110100101110101111011110011010000000101110111100000111110111001111000011110000011110110100111011011110111111010000000110010011001100100111101001101100111000011010010001011101000111010000011011111111001110011000101011101111001111111111 
00010000001010001001001110100011011011111010110010100011010001011110100000010011111110100101111111111011010100001001111011110111100000010111101001010100110100001001001000001111111110110010101101010000111010100000100001101100001110100011111010110100101111001001001100100000101010111111111101100101101001001111011010000011110001011100100010001110001111100010101100101011010000110111100001111101001010000111001001001000110111100001110001101001111011011111110010111111001010001000001101010110101011110110110010111001 
00110011100101110111111110010110010000110100110101100101110110000001100001001011101100110101001001001110100000011011001100110110110110110010101011010000111101101111110010111000101101100111101000000101001010011111110010000001011011100010011011101100001000101101010011110111011100010110001000011110011100011110010111011110011110101010010011110011100111101011100100110011100001101000011111110111101011111011010010011100101010110101010010011100110011011101101001110110111011111101111111111101011011011111101111101111 
10110111011111001111111110110111100010111101010111111001101011110011001100100011110101101100011100001010011000011011101101000110000011101010001010100111010010001100000010111100100001011011010111110101011110000100011100101111110110011100101110110010000000110011000001010111110100001100101110111100000000001100010001100000111011011110100011011111101100001111000101101011011011101010101010011001001111001100100110001101000111000011111101001100101010011101111000010001011111111000011110011101101100111101111101101111 
11000011010001111011110001111100000101100011000100001010011001111001100100110100001101000101110101000000110100001101111000100011011111011101010110001100110100010001011111110011100111010001011110101110100101001001111000101110111111010001111110011011111100100010010010110100100100100101001000100001000100111001101011110110100011001011000010100011111010001010111000101001110011101001110011110111101111101101010111111101101000111011001101010010100101011100101011110000110010101110001001111110001110111010111000110101 
01001000010011001010010101111000110010000010110100000011101111101110100111000110000111111011011010100010100010111101111110000110011010100010101011000000101011100101001101100011110001111000111001010011101001001100100001101110100111011101111100101011110011011111100110000010111110000100111011111000101000100010011110011011001001010001100011000001110010010110101110011111101010000011100011000110100110011001101011010000101000010100011101001101110100100110010001100110001111000100011000111010010111011101110111110101 
10111100011101001011110100100111000110001101010011100011011101011000110111001110111001001001110011110110001101011101110110000011100001110101100010010111110001111100010100000000000011110000001000010101001001010010010011000100111111100110000001010011011100011110101011000110111001011001001011010100101010010001110111110010011000000111000100101011000001101011101001111010011101100111100111000101111000010100000111111010000101000010001000100111111011111001111011001110111000111000111011001011100000000011111110110101 
11011111001100000110101001010100110010110001111100101010001010010110001001010100010110101111010100010110010101000011011000010100011000011011010000100011110000111000010001010111101111001110001010100010101110011010010011111111000010111100011111001010101111001100000000001110000110101001010011001101010000110111000111001011010110001001110001011011100110001000001001110010111000000010000000001010000001011000111010010011101010100100001000100001001010001101010011100000110010101101100101000100110110010100010110010001 
01110101011010010101101000101011101010101000111000000100111011001101110101010001100001000100111001001011000110110110010010000010100000010101001000111011011001011100101001100011100110110000011110011101011001110010000101001010001010010110011101001111101000111000011110111110111101110001101000001001110101011000000001111101000111110101100101110000001011001010110011101111111001001111000100100100100100011010101101010110011110111001101100011100100101000101101000110010111100111110111011110000010010110011000111000001 
10000000110011110110111111010100010001100000010110001011101011010110011101101101111011111110110110101001100110101100100101011001111101111001010100101011010010110110101001011011010101010001100110111010100101010110000111010110000101111001101001001011010101000100011001011011010110111001000111011110000101010000011100011000111010001001101010110000100110110101100101110001100100001001000010011001011000111110110000011010101010011001011101000011000101110011001011101011111000101110000110000101101001011011010101011111 
01100000011001101010110001001100000001100111001100000000011001100101001000010110000100100101100101000101110001000110101100100011110001010111010010001110010110100000011111011011000011000101011110101110001000000001101010001110111111010110111010101001001100101011010010110100100100110100000001000011001101111001101010100110100010001011000000100000101010001010011001111101110011101001101011010110101001011101010110001101101100111011001011100000100001111100100011010001110010000010000001011000010010111100101100111101 
11001000001110100100101101000000010011000101000110110100000111001010001110000110000000111001101110110111000110111000100001011010110100101111010000110111111001011000110011000010001111101000000100010101010000010001111110010010011001100100001110100100110001011011010101100001100100001011000111011101000100010100001110101011111100010010111110110100110001110101110001011000011001100110010010001110011011100011101010001000010111100100000010001101111110000111100100110011011001010000010001000000100110100010011001001111 
10111100101011000000001000100101011110100000101110100100100100010101000000110011111101010110000011000011110000000101100010100010011110110011101101111001001010110010011001101101011010011010000111100010010101110100111011111100001110101011001000111100101010100111000100010001110011001101000110101111110100100101110011111010001110100011001110011100011101001001100100100011100000000000010000011000110001101100011010101010010110101010000010011100011010010010100110101110010011001111001011010100001110011111010100111101 
11010010101100111100100010000010000000011011100101100100100110010000000010010001100101100000011111111111000011111111010110100000110000111000011011000101101100110111000010011011010110010101001110100000110001100100010011110000000000100000001101110111111000000000010101001000010111100000110110100110011100111000011101111010111101100000010110001001111001101001011101010000010010011101011001101011011001001001101000101110100011110110111101011100010001000010011101100010001110111001100100010000000001000010000110111001 
00011010101011110011111101110011000101010111000001111111100001111100100010110100001001100101111101101101001001110101111101001011001110100000010100101011010101110011001101101000101001010010100101111110011100001010011111011110110111111010001101011101000111001110100110110101101110100110010111110011000001100101100101000101111101111110100111110011000110110110100100110001010010111100010101110001001001000110000101111111101010110111010000011011100010011000001001011100010010110100000010111101111100111101101111100001 
