11011010001101001101110010011011111100010001001010010101000100011110011101011101111000111001101111100100010011000101011011000101011000011110101010110110011001111111111010011000000111111001010001100111011111001010100011100011010101110010111111010101010001010101010111001110111110001001101111011110111010010101101011101100101001011000101000001110100101011000000111101100111011111111100110101010001111111111100111100111101011101101010010101101011000110111111011001011101101000101110101111011100100000001100011110100 
10010111010111001011001010000001010100101110000100100100110011101010010000010000101110100101010011000111101000111000101001110101010111011101111110101000010101010101110000001010001010111101001000101000001111100001101100010101010100001010000101001100010101000010010001101101100001100001000000111000101001011110110010010000001100001111111110000111100000110011111011111000111000101010000110100101001000001101101010110000000111001010111010100101011101100110110000100101010000100101101010010010101101100111100110011001 
10010111010111001011001010000001010100101110000100100100110011101010010000010000101110100101010011000111101000111000101001110101010111011101111110101000010101010101110000001010001010111101001000101000001111100001101100010101010100001010000101001100010101000010010001101101100001100001000000111000101001011110110010010000001100001111111110000111100000110011111011111000111000101010000110100101001000001101101010110000000111001010111010100101011101100110110000100101010000100101101010010010101101100111100110011001 
11011010001101001101110010011011111100010001001010010101000100011110011101011101111000111001101111100100010011000101011011000101011000011110101010110110011001111111111010011000000111111001010001100111011111001010100011100011010101110010111111010101010001010101010111001110111110001001101111011110111010010101101011101100101001011000101000001110100101011000000111101100111011111111100110101010001111111111100111100111101011101101010010101101011000110111111011001011101101000101110101111011100100000001100011110100 
00110101110011010100111000110010111100111010101110101011000111111000000110100011100001000101110001000001011110101011001100101011100110111110010101110110101101010101011011010100101011110111111101000010001010101101101110100011100101110111111111111001010101000001110100100101110110100000101001000010011111111110110110100010001100010110101100100101111110000111011111001011101100100101110010100001001010010100010000011111011011101010011001011011010001010111010001110110011010011111011001100001111101010100111001001101 
00110101110011010100111000110010111100111010101110101011000111111000000110100011100001000101110001000001011110101011001100101011100110111110010101110110101101010101011011010100101011110111111101000010001010101101101110100011100101110111111111111001010101000001110100100101110110100000101001000010011111111110110110100010001100010110101100100101111110000111011111001011101100100101110010100001001010010100010000011111011011101010011001011011010001010111010001110110011010011111011001100001111101010100111001001101 
10101100111000111000111111111010100111001000001001011001010100011110010110111011111001111111011111110110110010100110100111011011101110010010111101111001100011011000101110100000110001010000101110010000111101110010011001100100000101000011011111101100100011010001011101010100000101110100111010100010110000011100000111001100010111100111100000111011010100000110011101100001001110000101010111110100110011101000110100111111011001001011111100111111010100111101100100001011000111101010110111000100001000000101000001000111 
11011011000001110100100110111001010010011101000000110100001000001011101010111010110000101011001111110100010001101111111010111101011100000010011111001110010000111011010100010001111000010000110110000011101101000001101101101111001100111100011010011100111000011101001010100011010110111100101111001011001001010110110111100001001111111110101011110101111101001100111100011001111110000001010010010100011010001101001110110100101011000011000000010100100100110011111101111100111100000010111011100110111111110110101000111011 
11000010001011001101100101110101101111111101110001110101000011111010010011101010010011001000101001000001111011101101111001110011011110111110010011101111110100000010110001100111111000000111100011100000101011110100001110110010110111000111100011000100111110110010100111111001001001001010001100000110011101001001010110001001000111100101011000111001011111110111010011111010001101011010010000101011001100001000110100100001101110010111111111000011001100101000101110010101011111110101001111111001101001010011100101010101 
11110010000100001001100011111100010010110110100001111101001011000110000011001100011000101001001000011010011001100110111000111001001001101100100010101001011101110010110001100010101001000001110001101011110000011011011100101001001101010110111111010001111100111101011000111111001111000100000001000101000110011000010101010010000000011000110000101010111010000100101000111010001010101100011100101011111010000011110001101010111111110110010101000010010011101101100110011100011010001010001101001011101101110011111111001110 
01010010100101111001101000010010011101100100001111110000001001100101110001100011011001011000111010010001001100100011111011001100101111000001010000011001010010101111000110101110100011000000111011000100001010011001001010111100111000101000011000010101110011101011010010000101100000011000000101010101110100110010101101010100100100100011111100000000100000111011110110110001110000010011000010001110110000111101011001011000101011010110011111001101000011001110000110101101111111111111001010011101010000111111000001100011 
10101101001001010000010010110010101111011101000110010000111000001111110000100010000100111111011000110001100111111010000110100101100110100000101000010100001011000011001001100000100101101110010001101110001100011010010010000100111011101001011110000110000100011000000010010111110001100110011000011111111000100000101111000000110010011101001000000110000000011001010010010110100001011000110101011011001111011101110111011110100001111100100011011011010011010001000111110011111011010001100001100110010110011010010111110111 
00110101101010100001110010100101001000010101000010110110010100110101101101010110100101100011110011011000001110010011011111111010001101001101000001000000000010111101001100000001000101101110000110011001101011011000111000110110010000110011101011000110111101100001110101100111111010100010001001110110011011011010100110010110100011111010111000111111011110011111100001100100001010010101000001000010100100000001010100111010110110010111101010001011111001000100010000011011110110101101001010110001101010111000000010100111 
01010010100101111001101000010010011101100100001111110000001001100101110001100011011001011000111010010001001100100011111011001100101111000001010000011001010010101111000110101110100011000000111011000100001010011001001010111100111000101000011000010101110011101011010010000101100000011000000101010101110100110010101101010100100100100011111100000000100000111011110110110001110000010011000010001110110000111101011001011000101011010110011111001101000011001110000110101101111111111111001010011101010000111111000001100011 
11000010001011001101100101110101101111111101110001110101000011111010010011101010010011001000101001000001111011101101111001110011011110111110010011101111110100000010110001100111111000000111100011100000101011110100001110110010110111000111100011000100111110110010100111111001001001001010001100000110011101001001010110001001000111100101011000111001011111110111010011111010001101011010010000101011001100001000110100100001101110010111111111000011001100101000101110010101011111110101001111111001101001010011100101010101 
10101101001001010000010010110010101111011101000110010000111000001111110000100010000100111111011000110001100111111010000110100101100110100000101000010100001011000011001001100000100101101110010001101110001100011010010010000100111011101001011110000110000100011000000010010111110001100110011000011111111000100000101111000000110010011101001000000110000000011001010010010110100001011000110101011011001111011101110111011110100001111100100011011011010011010001000111110011111011010001100001100110010110011010010111110111 
11011011000001110100100110111001010010011101000000110100001000001011101010111010110000101011001111110100010001101111111010111101011100000010011111001110010000111011010100010001111000010000110110000011101101000001101101101111001100111100011010011100111000011101001010100011010110111100101111001011001001010110110111100001001111111110101011110101111101001100111100011001111110000001010010010100011010001101001110110100101011000011000000010100100100110011111101111100111100000010111011100110111111110110101000111011 
10101100111000111000111111111010100111001000001001011001010100011110010110111011111001111111011111110110110010100110100111011011101110010010111101111001100011011000101110100000110001010000101110010000111101110010011001100100000101000011011111101100100011010001011101010100000101110100111010100010110000011100000111001100010111100111100000111011010100000110011101100001001110000101010111110100110011101000110100111111011001001011111100111111010100111101100100001011000111101010110111000100001000000101000001000111 
01010101010011101000001010100011011010001010100101010100110111011001101010100100110010100011011100010110101110001011100010101001000110010101010111001101001011110110101100001100010000011100110110011101001011111101100101100100010001000001000001110101111101011001111100000010001001000111011110010010000000111001111100001000110011000100111011110001111000111010111100010011011011100001010110100101101010011100001001100000111100011010000001101011101010000001011001000000111001110110110001010111100010011111101100011001 
00010111010001000101010101010011101111100010000001010110011010010001100000111100000111011101000100001001110001111111001000000100001001111110111100000101000110010101101000001111111001101001010001000010111111101001001001001101011001100110001101100101011100101111100110010111111000110010101000000011001011010100101000101011101000110000110101000010000000010001011011101110101011101101010001011000000110111000100000010001001000111110100001101010000001101100101101001100000010101110001101000111110101110111000001010011 
11010001010110100101001111001100110110000010000110110001011100011011001001000010001100011110010011010001000101100010010111101100110110000000000100000000000000000111010110000111010100101111000000111011111001111101011110000100110010110000100110100101100011101100100100110011001001101001110111011100001000000000011100110011111100000110110111000101000000010011001000111110011110000111111001000010000011110010101000000000011110110111111110010011100011011000000111011101101010000011010111000011110011111001111100010111 
10011101101110110011110110010000011101100011110000001001110001101100111001001111010011010000111000000101010111110011000001001100001111110111110001111111101010011100000101000101000011011111001001100110011001110010010111100000100100100010101010100011010111000101101001111000000101101011100110001111010111011100001111110000100111110001100100100001011101111000111000100111110101101011001000001100110100100011011001111110001101011100010100011110100001000011101101010110010000000001111000000110001111000100101010011110 
10101001001000110100000111011011010001000001001001011100000010110011111001001001011001000111111101110100111001010001011111010110110000110001010111010000101000001111011011011010100010100010101011000011000101100000001111010111101111100001111101011001111100011111000001010100100100110100101110010110111001011111101100110010011010111001100001000010100111111011001001110100110110001001111101011010011011010100011111111010100110001001110111011011100101111111000011100110111011000000011100111111111100101001010111101101 
11100110000000011010110000010111010010001101111010110111000011000111100100001101000101000001101001010100001110101011101100101001010001001101011010011101100011111000100000111100000001100001011100100101111011101001011011001000111101010100110101110000000011100110001000100010101110011000000010000100111011110100101110101000111000011111100100001001100111000011010000100010111101101000101001000010010110010100010000101100111101110101000100111111011010111101100101100111110011010100011111011001001101011100101010001101 
10110101110010001011010011011011100010011100011100101010011111101101001001100000110000011001000010110100000001101010110100111100010010011000100100110001111111111011100000111110111001011001110010001100101010101001011011010100010100111101001000011010100011000111100010001010010111101100111010100001011010000101111001011010010000001101011100011000101111010010010101001101000001111111101100011010100111001110101001100001001100101010100010011100100000001001000010100100001001110110000100000111101000100011100010000001 
00001100001011100111110011011000111111001101111010010100001010110110101100101101110111010100101111100011011011100100110000101101000001111011111010100100011110000100101101010100100101011010100001110001001000010010111110100000001111101101000010010001011100010111000001111110011000111111001010011101011100100010000110010001010111011000101110001100100110010010101001101010111001010110110010101101101001101110001110011010110010111111100000010101011100111110010100000111000000010010000110000110111101100100100001111101 
11110110011011111100101001100011111101100110110000111011001010111000011100110111011000001100100010000111100011110100101001110111000111001101001111011100100100110010001000111011111001000100111111111110010010100110101100101100011100110010000000111100011011110001001111000101010110110001110111101110011101011000111000001101111001001010000010001101001001111111100001000011100011001011011011000111111011100100010110000110111000001011111000010010101010001110111101110110000100101110001101101010110011111111100110111101 
00100100110000111000011111000000011000111111000001001111000010111000000011001001110111111011100111011101110001001010110101101110011000001000011100001111110000110101101101111110011001011001000000100100111110111010010111110011101110111010111001010010101101001011000111010100110111100000000010110010110010000000000111010000110100001111110110110010000011110001101110000110001100001101100111101010101011001010001000011110010010000000010010111111010100010000110001000101101111011101011001010011110011111010001000001111 
00110101101010100001110010100101001000010101000010110110010100110101101101010110100101100011110011011000001110010011011111111010001101001101000001000000000010111101001100000001000101101110000110011001101011011000111000110110010000110011101011000110111101100001110101100111111010100010001001110110011011011010100110010110100011111010111000111111011110011111100001100100001010010101000001000010100100000001010100111010110110010111101010001011111001000100010000011011110110101101001010110001101010111000000010100111 
11100110000000011010110000010111010010001101111010110111000011000111100100001101000101000001101001010100001110101011101100101001010001001101011010011101100011111000100000111100000001100001011100100101111011101001011011001000111101010100110101110000000011100110001000100010101110011000000010000100111011110100101110101000111000011111100100001001100111000011010000100010111101101000101001000010010110010100010000101100111101110101000100111111011010111101100101100111110011010100011111011001001101011100101010001101 
11110110011011111100101001100011111101100110110000111011001010111000011100110111011000001100100010000111100011110100101001110111000111001101001111011100100100110010001000111011111001000100111111111110010010100110101100101100011100110010000000111100011011110001001111000101010110110001110111101110011101011000111000001101111001001010000010001101001001111111100001000011100011001011011011000111111011100100010110000110111000001011111000010010101010001110111101110110000100101110001101101010110011111111100110111101 
10110101110010001011010011011011100010011100011100101010011111101101001001100000110000011001000010110100000001101010110100111100010010011000100100110001111111111011100000111110111001011001110010001100101010101001011011010100010100111101001000011010100011000111100010001010010111101100111010100001011010000101111001011010010000001101011100011000101111010010010101001101000001111111101100011010100111001110101001100001001100101010100010011100100000001001000010100100001001110110000100000111101000100011100010000001 
00011101000011110101001100001011110000110101001001110101000011110011101000010110110101111011110101010000110110010110000011010011111110100110001100111010100110110101011010010011101111111101100000100101001110010000101011000111100000101011111101001010111100110101101010010000110100000011110100011001100110011000101011000001010010001100110110100011000000101111110000001100101100111010001001001100010001111111010001101000111011011010100100010010100111110000010011011010100011000101010011101100001001001111101110101110 
00100101001010011101100011110110111000110111111000011111101110110111111011110110111111111010100010100111100110111010111011110100000000111111001100101011101010110101000100010110010001010000001111000010000111101111101101011110010101001000110000000101100110011100010100110010101010110100000000101011110101000010010100111001000000000100110111101101011001000010101110101111101011000000011001001101101010101000011001111001011001100110011101000000110100101111100001000100101001010001011100000110001000101010010000010011 
00010111010001000101010101010011101111100010000001010110011010010001100000111100000111011101000100001001110001111111001000000100001001111110111100000101000110010101101000001111111001101001010001000010111111101001001001001101011001100110001101100101011100101111100110010111111000110010101000000011001011010100101000101011101000110000110101000010000000010001011011101110101011101101010001011000000110111000100000010001001000111110100001101010000001101100101101001100000010101110001101000111110101110111000001010011 
10101001001000110100000111011011010001000001001001011100000010110011111001001001011001000111111101110100111001010001011111010110110000110001010111010000101000001111011011011010100010100010101011000011000101100000001111010111101111100001111101011001111100011111000001010100100100110100101110010110111001011111101100110010011010111001100001000010100111111011001001110100110110001001111101011010011011010100011111111010100110001001110111011011100101111111000011100110111011000000011100111111111100101001010111101101 
01010101010011101000001010100011011010001010100101010100110111011001101010100100110010100011011100010110101110001011100010101001000110010101010111001101001011110110101100001100010000011100110110011101001011111101100101100100010001000001000001110101111101011001111100000010001001000111011110010010000000111001111100001000110011000100111011110001111000111010111100010011011011100001010110100101101010011100001001100000111100011010000001101011101010000001011001000000111001110110110001010111100010011111101100011001 
11010001010110100101001111001100110110000010000110110001011100011011001001000010001100011110010011010001000101100010010111101100110110000000000100000000000000000111010110000111010100101111000000111011111001111101011110000100110010110000100110100101100011101100100100110011001001101001110111011100001000000000011100110011111100000110110111000101000000010011001000111110011110000111111001000010000011110010101000000000011110110111111110010011100011011000000111011101101010000011010111000011110011111001111100010111 
00001100001011100111110011011000111111001101111010010100001010110110101100101101110111010100101111100011011011100100110000101101000001111011111010100100011110000100101101010100100101011010100001110001001000010010111110100000001111101101000010010001011100010111000001111110011000111111001010011101011100100010000110010001010111011000101110001100100110010010101001101010111001010110110010101101101001101110001110011010110010111111100000010101011100111110010100000111000000010010000110000110111101100100100001111101 
00100100110000111000011111000000011000111111000001001111000010111000000011001001110111111011100111011101110001001010110101101110011000001000011100001111110000110101101101111110011001011001000000100100111110111010010111110011101110111010111001010010101101001011000111010100110111100000000010110010110010000000000111010000110100001111110110110010000011110001101110000110001100001101100111101010101011001010001000011110010010000000010010111111010100010000110001000101101111011101011001010011110011111010001000001111 
00100101001010011101100011110110111000110111111000011111101110110111111011110110111111111010100010100111100110111010111011110100000000111111001100101011101010110101000100010110010001010000001111000010000111101111101101011110010101001000110000000101100110011100010100110010101010110100000000101011110101000010010100111001000000000100110111101101011001000010101110101111101011000000011001001101101010101000011001111001011001100110011101000000110100101111100001000100101001010001011100000110001000101010010000010011 
11011101100111111010110101111110000001111010111001001010010100011000010100001101110110101011100110111000011110010111100011011011001010000000100011100010011011110001011011001101000110100000110111000101001110000111010011110011010100110101000000010101010000010110100011111101000011100111110011001011001101100001011000101101001101011100100111011110101000000010011101011011100110110010001000001100101010000111011111100101011010101110111000100111111001001001100110000110110100101010001100111010110100001000001011100111 
00000111000011011100010000110000011111110010000010001101110100011001101011100110101111101111111111000000111001100100101000000110010010010011110000010101111100010111001010100100111100101101010110110011110101011110000000110111001111111000101011111001011100001100101010110000010101111000111100001010011001100111100111001010000000110011110001001001100100000111110111111110101011000111011001110001010111100000001011101000011010110101011100000101110001001011000010111011101100101101001100110101110110100010100011100011 
11110101100101011000011010000110010101100100011010111111011011100110000011110000011010100111010101001010000101101011100001000000111101101111010001010001100010011100011111001000100110010011011101111111110000011111100001000001001100000011110011000000000100011000101100110100110011011110001111010001000100110000100111010101110001100101001000011000001001101000100111100111101011010100011111010011111110111001010101101110111101111010100010111101010101010101100000110011100111101101110001111111000111101011111011110111 
01111000000111011001011110100110011010001111010111000000011000110010101010101100010010001011111110001111011011101110001110110010011011010000011001011011001111101100000101110000011110011001011011000010010000101011000101100110000101111111000100110011010000101000111010011001111100110110001110011010010011000110010001000111100000101010000100011000110100001111010101001110010110010010110011011100110101100011110001010111111101101111100101010011111111110010000001110001111101001101000110000100011110101111110100001011 
11001011101000001110011110010101110001110101101101001111100001110100100011111111010001011001111100111100000000000110011010101100111011010011011101100111000010100011100010000101011101011011110111011100100000100011100101110001001101111100101111101001000001101010001011011000011000111000011100101010100111011110010100001000111011110011100111101100000101001111001100101000011000101001101110101011101101001101010010010011001100111001010011110111100111010101010011110101110000000000110011000011011011100101101010011011 
11001000000101101110010011110100001111010101100001111101111111110000100101010101111011010100111100101010110000101110100101101111011010000111001111000001001100101001110100001001011101010001110011111001111000111111000100001011111111001010101010001011001000000000101111110111101010010111101011110100000000010100111101000011111101010011010101010001110100001110011010101100100110110000000010101100111010000110001000010100100010110010001001010111101101100011110101111001100011000101011100110110110101011000101100111011 
01110111011100111011010111110010001101101110111000001100101000000011000010110010011110000101000111000000001111101011100000001000111110001110000000010010000011001101001111101010111101110110110010010110011110010111000110000000001100100110111110101101010010110011000101000101100101100011000011111010000110101110011011101101100010101111100100110101100110011101011111011101011001110110000111100000000010010000011111011111111011111001001110110010000111011110101110101011110001000010010101110100000001010111010011111111 
00100110110101101001100101010011001010110111001010001000000101101000111011000100101111011100001011101001100101011011010101111000010110000101010101100111001000011011111010110111110100000100010100011000101111100000111100111101011011100111011011100111000101010111000101010111000111010010100101111100111111100111110000100000000011100000110010110101011110011110011000110001000111001111011111100001110001111000001010101001011001100101110101010011001011010110110110011101010011010000111110000110100110000110011001000101 
10111011111000101110001010011100001011000100110011000000110010110101111110111111101111011100001110110110111101000010001110100110100011000010000000010001111110010001100010101100100010111101110101111001001011000011111001011000010000110110011111000110010100000111000101110011100111001000001000110000011000111001010011000100100110110010100111001100010001011111010101100011010101110100010111011110000001111010000001100010011001011000101111010011100011000111111111000010010110101001010111011011001111001011110111011101 
11011101100111111010110101111110000001111010111001001010010100011000010100001101110110101011100110111000011110010111100011011011001010000000100011100010011011110001011011001101000110100000110111000101001110000111010011110011010100110101000000010101010000010110100011111101000011100111110011001011001101100001011000101101001101011100100111011110101000000010011101011011100110110010001000001100101010000111011111100101011010101110111000100111111001001001100110000110110100101010001100111010110100001000001011100111 
10111011111000101110001010011100001011000100110011000000110010110101111110111111101111011100001110110110111101000010001110100110100011000010000000010001111110010001100010101100100010111101110101111001001011000011111001011000010000110110011111000110010100000111000101110011100111001000001000110000011000111001010011000100100110110010100111001100010001011111010101100011010101110100010111011110000001111010000001100010011001011000101111010011100011000111111111000010010110101001010111011011001111001011110111011101 
00100110110101101001100101010011001010110111001010001000000101101000111011000100101111011100001011101001100101011011010101111000010110000101010101100111001000011011111010110111110100000100010100011000101111100000111100111101011011100111011011100111000101010111000101010111000111010010100101111100111111100111110000100000000011100000110010110101011110011110011000110001000111001111011111100001110001111000001010101001011001100101110101010011001011010110110110011101010011010000111110000110100110000110011001000101 
10011101101110110011110110010000011101100011110000001001110001101100111001001111010011010000111000000101010111110011000001001100001111110111110001111111101010011100000101000101000011011111001001100110011001110010010111100000100100100010101010100011010111000101101001111000000101101011100110001111010111011100001111110000100111110001100100100001011101111000111000100111110101101011001000001100110100100011011001111110001101011100010100011110100001000011101101010110010000000001111000000110001111000100101010011110 
00011101000011110101001100001011110000110101001001110101000011110011101000010110110101111011110101010000110110010110000011010011111110100110001100111010100110110101011010010011101111111101100000100101001110010000101011000111100000101011111101001010111100110101101010010000110100000011110100011001100110011000101011000001010010001100110110100011000000101111110000001100101100111010001001001100010001111111010001101000111011011010100100010010100111110000010011011010100011000101010011101100001001001111101110101110 
11001011101000001110011110010101110001110101101101001111100001110100100011111111010001011001111100111100000000000110011010101100111011010011011101100111000010100011100010000101011101011011110111011100100000100011100101110001001101111100101111101001000001101010001011011000011000111000011100101010100111011110010100001000111011110011100111101100000101001111001100101000011000101001101110101011101101001101010010010011001100111001010011110111100111010101010011110101110000000000110011000011011011100101101010011011 
11001000000101101110010011110100001111010101100001111101111111110000100101010101111011010100111100101010110000101110100101101111011010000111001111000001001100101001110100001001011101010001110011111001111000111111000100001011111111001010101010001011001000000000101111110111101010010111101011110100000000010100111101000011111101010011010101010001110100001110011010101100100110110000000010101100111010000110001000010100100010110010001001010111101101100011110101111001100011000101011100110110110101011000101100111011 
11110010000100001001100011111100010010110110100001111101001011000110000011001100011000101001001000011010011001100110111000111001001001101100100010101001011101110010110001100010101001000001110001101011110000011011011100101001001101010110111111010001111100111101011000111111001111000100000001000101000110011000010101010010000000011000110000101010111010000100101000111010001010101100011100101011111010000011110001101010111111110110010101000010010011101101100110011100011010001010001101001011101101110011111111001110 
01111000000111011001011110100110011010001111010111000000011000110010101010101100010010001011111110001111011011101110001110110010011011010000011001011011001111101100000101110000011110011001011011000010010000101011000101100110000101111111000100110011010000101000111010011001111100110110001110011010010011000110010001000111100000101010000100011000110100001111010101001110010110010010110011011100110101100011110001010111111101101111100101010011111111110010000001110001111101001101000110000100011110101111110100001011 
00000111000011011100010000110000011111110010000010001101110100011001101011100110101111101111111111000000111001100100101000000110010010010011110000010101111100010111001010100100111100101101010110110011110101011110000000110111001111111000101011111001011100001100101010110000010101111000111100001010011001100111100111001010000000110011110001001001100100000111110111111110101011000111011001110001010111100000001011101000011010110101011100000101110001001011000010111011101100101101001100110101110110100010100011100011 
11110101100101011000011010000110010101100100011010111111011011100110000011110000011010100111010101001010000101101011100001000000111101101111010001010001100010011100011111001000100110010011011101111111110000011111100001000001001100000011110011000000000100011000101100110100110011011110001111010001000100110000100111010101110001100101001000011000001001101000100111100111101011010100011111010011111110111001010101101110111101111010100010111101010101010101100000110011100111101101110001111111000111101011111011110111 
01110111011100111011010111110010001101101110111000001100101000000011000010110010011110000101000111000000001111101011100000001000111110001110000000010010000011001101001111101010111101110110110010010110011110010111000110000000001100100110111110101101010010110011000101000101100101100011000011111010000110101110011011101101100010101111100100110101100110011101011111011101011001110110000111100000000010010000011111011111111011111001001110110010000111011110101110101011110001000010010101110100000001010111010011111111 
10010111010111001011001010000001010100101110000100100100110011101010010000010000101110100101010011000111101000111000101001110101010111011101111110101000010101010101110000001010001010111101001000101000001111100001101100010101010100001010000101001100010101000010010001101101100001100001000000111000101001011110110010010000001100001111111110000111100000110011111011111000111000101010000110100101001000001101101010110000000111001010111010100101011101100110110000100101010000100101101010010010101101100111100110011001 
11011010001101001101110010011011111100010001001010010101000100011110011101011101111000111001101111100100010011000101011011000101011000011110101010110110011001111111111010011000000111111001010001100111011111001010100011100011010101110010111111010101010001010101010111001110111110001001101111011110111010010101101011101100101001011000101000001110100101011000000111101100111011111111100110101010001111111111100111100111101011101101010010101101011000110111111011001011101101000101110101111011100100000001100011110100 
00110101110011010100111000110010111100111010101110101011000111111000000110100011100001000101110001000001011110101011001100101011100110111110010101110110101101010101011011010100101011110111111101000010001010101101101110100011100101110111111111111001010101000001110100100101110110100000101001000010011111111110110110100010001100010110101100100101111110000111011111001011101100100101110010100001001010010100010000011111011011101010011001011011010001010111010001110110011010011111011001100001111101010100111001001101 
10101101001001010000010010110010101111011101000110010000111000001111110000100010000100111111011000110001100111111010000110100101100110100000101000010100001011000011001001100000100101101110010001101110001100011010010010000100111011101001011110000110000100011000000010010111110001100110011000011111111000100000101111000000110010011101001000000110000000011001010010010110100001011000110101011011001111011101110111011110100001111100100011011011010011010001000111110011111011010001100001100110010110011010010111110111 
01010010100101111001101000010010011101100100001111110000001001100101110001100011011001011000111010010001001100100011111011001100101111000001010000011001010010101111000110101110100011000000111011000100001010011001001010111100111000101000011000010101110011101011010010000101100000011000000101010101110100110010101101010100100100100011111100000000100000111011110110110001110000010011000010001110110000111101011001011000101011010110011111001101000011001110000110101101111111111111001010011101010000111111000001100011 
11000010001011001101100101110101101111111101110001110101000011111010010011101010010011001000101001000001111011101101111001110011011110111110010011101111110100000010110001100111111000000111100011100000101011110100001110110010110111000111100011000100111110110010100111111001001001001010001100000110011101001001010110001001000111100101011000111001011111110111010011111010001101011010010000101011001100001000110100100001101110010111111111000011001100101000101110010101011111110101001111111001101001010011100101010101 
11011011000001110100100110111001010010011101000000110100001000001011101010111010110000101011001111110100010001101111111010111101011100000010011111001110010000111011010100010001111000010000110110000011101101000001101101101111001100111100011010011100111000011101001010100011010110111100101111001011001001010110110111100001001111111110101011110101111101001100111100011001111110000001010010010100011010001101001110110100101011000011000000010100100100110011111101111100111100000010111011100110111111110110101000111011 
10101100111000111000111111111010100111001000001001011001010100011110010110111011111001111111011111110110110010100110100111011011101110010010111101111001100011011000101110100000110001010000101110010000111101110010011001100100000101000011011111101100100011010001011101010100000101110100111010100010110000011100000111001100010111100111100000111011010100000110011101100001001110000101010111110100110011101000110100111111011001001011111100111111010100111101100100001011000111101010110111000100001000000101000001000111 
00110101101010100001110010100101001000010101000010110110010100110101101101010110100101100011110011011000001110010011011111111010001101001101000001000000000010111101001100000001000101101110000110011001101011011000111000110110010000110011101011000110111101100001110101100111111010100010001001110110011011011010100110010110100011111010111000111111011110011111100001100100001010010101000001000010100100000001010100111010110110010111101010001011111001000100010000011011110110101101001010110001101010111000000010100111 
10110101110010001011010011011011100010011100011100101010011111101101001001100000110000011001000010110100000001101010110100111100010010011000100100110001111111111011100000111110111001011001110010001100101010101001011011010100010100111101001000011010100011000111100010001010010111101100111010100001011010000101111001011010010000001101011100011000101111010010010101001101000001111111101100011010100111001110101001100001001100101010100010011100100000001001000010100100001001110110000100000111101000100011100010000001 
11110110011011111100101001100011111101100110110000111011001010111000011100110111011000001100100010000111100011110100101001110111000111001101001111011100100100110010001000111011111001000100111111111110010010100110101100101100011100110010000000111100011011110001001111000101010110110001110111101110011101011000111000001101111001001010000010001101001001111111100001000011100011001011011011000111111011100100010110000110111000001011111000010010101010001110111101110110000100101110001101101010110011111111100110111101 
11100110000000011010110000010111010010001101111010110111000011000111100100001101000101000001101001010100001110101011101100101001010001001101011010011101100011111000100000111100000001100001011100100101111011101001011011001000111101010100110101110000000011100110001000100010101110011000000010000100111011110100101110101000111000011111100100001001100111000011010000100010111101101000101001000010010110010100010000101100111101110101000100111111011010111101100101100111110011010100011111011001001101011100101010001101 
10101001001000110100000111011011010001000001001001011100000010110011111001001001011001000111111101110100111001010001011111010110110000110001010111010000101000001111011011011010100010100010101011000011000101100000001111010111101111100001111101011001111100011111000001010100100100110100101110010110111001011111101100110010011010111001100001000010100111111011001001110100110110001001111101011010011011010100011111111010100110001001110111011011100101111111000011100110111011000000011100111111111100101001010111101101 
11010001010110100101001111001100110110000010000110110001011100011011001001000010001100011110010011010001000101100010010111101100110110000000000100000000000000000111010110000111010100101111000000111011111001111101011110000100110010110000100110100101100011101100100100110011001001101001110111011100001000000000011100110011111100000110110111000101000000010011001000111110011110000111111001000010000011110010101000000000011110110111111110010011100011011000000111011101101010000011010111000011110011111001111100010111 
01010101010011101000001010100011011010001010100101010100110111011001101010100100110010100011011100010110101110001011100010101001000110010101010111001101001011110110101100001100010000011100110110011101001011111101100101100100010001000001000001110101111101011001111100000010001001000111011110010010000000111001111100001000110011000100111011110001111000111010111100010011011011100001010110100101101010011100001001100000111100011010000001101011101010000001011001000000111001110110110001010111100010011111101100011001 
00010111010001000101010101010011101111100010000001010110011010010001100000111100000111011101000100001001110001111111001000000100001001111110111100000101000110010101101000001111111001101001010001000010111111101001001001001101011001100110001101100101011100101111100110010111111000110010101000000011001011010100101000101011101000110000110101000010000000010001011011101110101011101101010001011000000110111000100000010001001000111110100001101010000001101100101101001100000010101110001101000111110101110111000001010011 
00001100001011100111110011011000111111001101111010010100001010110110101100101101110111010100101111100011011011100100110000101101000001111011111010100100011110000100101101010100100101011010100001110001001000010010111110100000001111101101000010010001011100010111000001111110011000111111001010011101011100100010000110010001010111011000101110001100100110010010101001101010111001010110110010101101101001101110001110011010110010111111100000010101011100111110010100000111000000010010000110000110111101100100100001111101 
00100100110000111000011111000000011000111111000001001111000010111000000011001001110111111011100111011101110001001010110101101110011000001000011100001111110000110101101101111110011001011001000000100100111110111010010111110011101110111010111001010010101101001011000111010100110111100000000010110010110010000000000111010000110100001111110110110010000011110001101110000110001100001101100111101010101011001010001000011110010010000000010010111111010100010000110001000101101111011101011001010011110011111010001000001111 
00100101001010011101100011110110111000110111111000011111101110110111111011110110111111111010100010100111100110111010111011110100000000111111001100101011101010110101000100010110010001010000001111000010000111101111101101011110010101001000110000000101100110011100010100110010101010110100000000101011110101000010010100111001000000000100110111101101011001000010101110101111101011000000011001001101101010101000011001111001011001100110011101000000110100101111100001000100101001010001011100000110001000101010010000010011 
01110111011100111011010111110010001101101110111000001100101000000011000010110010011110000101000111000000001111101011100000001000111110001110000000010010000011001101001111101010111101110110110010010110011110010111000110000000001100100110111110101101010010110011000101000101100101100011000011111010000110101110011011101101100010101111100100110101100110011101011111011101011001110110000111100000000010010000011111011111111011111001001110110010000111011110101110101011110001000010010101110100000001010111010011111111 
11001000000101101110010011110100001111010101100001111101111111110000100101010101111011010100111100101010110000101110100101101111011010000111001111000001001100101001110100001001011101010001110011111001111000111111000100001011111111001010101010001011001000000000101111110111101010010111101011110100000000010100111101000011111101010011010101010001110100001110011010101100100110110000000010101100111010000110001000010100100010110010001001010111101101100011110101111001100011000101011100110110110101011000101100111011 
00100110110101101001100101010011001010110111001010001000000101101000111011000100101111011100001011101001100101011011010101111000010110000101010101100111001000011011111010110111110100000100010100011000101111100000111100111101011011100111011011100111000101010111000101010111000111010010100101111100111111100111110000100000000011100000110010110101011110011110011000110001000111001111011111100001110001111000001010101001011001100101110101010011001011010110110110011101010011010000111110000110100110000110011001000101 
00011101000011110101001100001011110000110101001001110101000011110011101000010110110101111011110101010000110110010110000011010011111110100110001100111010100110110101011010010011101111111101100000100101001110010000101011000111100000101011111101001010111100110101101010010000110100000011110100011001100110011000101011000001010010001100110110100011000000101111110000001100101100111010001001001100010001111111010001101000111011011010100100010010100111110000010011011010100011000101010011101100001001001111101110101110 
11110101100101011000011010000110010101100100011010111111011011100110000011110000011010100111010101001010000101101011100001000000111101101111010001010001100010011100011111001000100110010011011101111111110000011111100001000001001100000011110011000000000100011000101100110100110011011110001111010001000100110000100111010101110001100101001000011000001001101000100111100111101011010100011111010011111110111001010101101110111101111010100010111101010101010101100000110011100111101101110001111111000111101011111011110111 
11001011101000001110011110010101110001110101101101001111100001110100100011111111010001011001111100111100000000000110011010101100111011010011011101100111000010100011100010000101011101011011110111011100100000100011100101110001001101111100101111101001000001101010001011011000011000111000011100101010100111011110010100001000111011110011100111101100000101001111001100101000011000101001101110101011101101001101010010010011001100111001010011110111100111010101010011110101110000000000110011000011011011100101101010011011 
10011101101110110011110110010000011101100011110000001001110001101100111001001111010011010000111000000101010111110011000001001100001111110111110001111111101010011100000101000101000011011111001001100110011001110010010111100000100100100010101010100011010111000101101001111000000101101011100110001111010111011100001111110000100111110001100100100001011101111000111000100111110101101011001000001100110100100011011001111110001101011100010100011110100001000011101101010110010000000001111000000110001111000100101010011110 
11011101100111111010110101111110000001111010111001001010010100011000010100001101110110101011100110111000011110010111100011011011001010000000100011100010011011110001011011001101000110100000110111000101001110000111010011110011010100110101000000010101010000010110100011111101000011100111110011001011001101100001011000101101001101011100100111011110101000000010011101011011100110110010001000001100101010000111011111100101011010101110111000100111111001001001100110000110110100101010001100111010110100001000001011100111 
10111011111000101110001010011100001011000100110011000000110010110101111110111111101111011100001110110110111101000010001110100110100011000010000000010001111110010001100010101100100010111101110101111001001011000011111001011000010000110110011111000110010100000111000101110011100111001000001000110000011000111001010011000100100110110010100111001100010001011111010101100011010101110100010111011110000001111010000001100010011001011000101111010011100011000111111111000010010110101001010111011011001111001011110111011101 
01111000000111011001011110100110011010001111010111000000011000110010101010101100010010001011111110001111011011101110001110110010011011010000011001011011001111101100000101110000011110011001011011000010010000101011000101100110000101111111000100110011010000101000111010011001111100110110001110011010010011000110010001000111100000101010000100011000110100001111010101001110010110010010110011011100110101100011110001010111111101101111100101010011111111110010000001110001111101001101000110000100011110101111110100001011 
11110010000100001001100011111100010010110110100001111101001011000110000011001100011000101001001000011010011001100110111000111001001001101100100010101001011101110010110001100010101001000001110001101011110000011011011100101001001101010110111111010001111100111101011000111111001111000100000001000101000110011000010101010010000000011000110000101010111010000100101000111010001010101100011100101011111010000011110001101010111111110110010101000010010011101101100110011100011010001010001101001011101101110011111111001110 
00000111000011011100010000110000011111110010000010001101110100011001101011100110101111101111111111000000111001100100101000000110010010010011110000010101111100010111001010100100111100101101010110110011110101011110000000110111001111111000101011111001011100001100101010110000010101111000111100001010011001100111100111001010000000110011110001001001100100000111110111111110101011000111011001110001010111100000001011101000011010110101011100000101110001001011000010111011101100101101001100110101110110100010100011100011 
10010111010111001011001010000001010100101110000100100100110011101010010000010000101110100101010011000111101000111000101001110101010111011101111110101000010101010101110000001010001010111101001000101000001111100001101100010101010100001010000101001100010101000010010001101101100001100001000000111000101001011110110010010000001100001111111110000111100000110011111011111000111000101010000110100101001000001101101010110000000111001010111010100101011101100110110000100101010000100101101010010010101101100111100110011001 
11011010001101001101110010011011111100010001001010010101000100011110011101011101111000111001101111100100010011000101011011000101011000011110101010110110011001111111111010011000000111111001010001100111011111001010100011100011010101110010111111010101010001010101010111001110111110001001101111011110111010010101101011101100101001011000101000001110100101011000000111101100111011111111100110101010001111111111100111100111101011101101010010101101011000110111111011001011101101000101110101111011100100000001100011110100 
00110101110011010100111000110010111100111010101110101011000111111000000110100011100001000101110001000001011110101011001100101011100110111110010101110110101101010101011011010100101011110111111101000010001010101101101110100011100101110111111111111001010101000001110100100101110110100000101001000010011111111110110110100010001100010110101100100101111110000111011111001011101100100101110010100001001010010100010000011111011011101010011001011011010001010111010001110110011010011111011001100001111101010100111001001101 
01010010100101111001101000010010011101100100001111110000001001100101110001100011011001011000111010010001001100100011111011001100101111000001010000011001010010101111000110101110100011000000111011000100001010011001001010111100111000101000011000010101110011101011010010000101100000011000000101010101110100110010101101010100100100100011111100000000100000111011110110110001110000010011000010001110110000111101011001011000101011010110011111001101000011001110000110101101111111111111001010011101010000111111000001100011 
10101101001001010000010010110010101111011101000110010000111000001111110000100010000100111111011000110001100111111010000110100101100110100000101000010100001011000011001001100000100101101110010001101110001100011010010010000100111011101001011110000110000100011000000010010111110001100110011000011111111000100000101111000000110010011101001000000110000000011001010010010110100001011000110101011011001111011101110111011110100001111100100011011011010011010001000111110011111011010001100001100110010110011010010111110111 
11000010001011001101100101110101101111111101110001110101000011111010010011101010010011001000101001000001111011101101111001110011011110111110010011101111110100000010110001100111111000000111100011100000101011110100001110110010110111000111100011000100111110110010100111111001001001001010001100000110011101001001010110001001000111100101011000111001011111110111010011111010001101011010010000101011001100001000110100100001101110010111111111000011001100101000101110010101011111110101001111111001101001010011100101010101 
11011011000001110100100110111001010010011101000000110100001000001011101010111010110000101011001111110100010001101111111010111101011100000010011111001110010000111011010100010001111000010000110110000011101101000001101101101111001100111100011010011100111000011101001010100011010110111100101111001011001001010110110111100001001111111110101011110101111101001100111100011001111110000001010010010100011010001101001110110100101011000011000000010100100100110011111101111100111100000010111011100110111111110110101000111011 
