10000111001001010100101011100000001111000101001000100001011111001100110100111101101101001110110010100101100100000000001001010111111001000000000101100011101000000111001010011011001000001101101100010010000000010100010011100001111011001001011111011110110000000100100111101001010101110010001010101110010100101011101001111010010111001011111000100011000000011101010000111011101010000100010000100101111111101000000000110111110001100010111001100001100110001110010001000111000010110100010000110000101101001110011011110001 
10011111100111110101111111110011001101000011000011101101101000011000110000001000011111010011011001000011100110100001111110001111111100110001100011110110100101111010011000100000111001011110011101111000010000010111011100100001111001110000011011101111111000101101110110000010101101001001000100001100110101111001111101001010101110010000010111111110100110111100011100000110110010010101111101101111010111111001111001011100100000111101110100110111001011111111101100001111101110011010000001101100001010001111101110111110 
10000111001001010100101011100000001111000101001000100001011111001100110100111101101101001110110010100101100100000000001001010111111001000000000101100011101000000111001010011011001000001101101100010010000000010100010011100001111011001001011111011110110000000100100111101001010101110010001010101110010100101011101001111010010111001011111000100011000000011101010000111011101010000100010000100101111111101000000000110111110001100010111001100001100110001110010001000111000010110100010000110000101101001110011011110001 
10011111100111110101111111110011001101000011000011101101101000011000110000001000011111010011011001000011100110100001111110001111111100110001100011110110100101111010011000100000111001011110011101111000010000010111011100100001111001110000011011101111111000101101110110000010101101001001000100001100110101111001111101001010101110010000010111111110100110111100011100000110110010010101111101101111010111111001111001011100100000111101110100110111001011111111101100001111101110011010000001101100001010001111101110111110 
10000110010101110100100110111110011000010101010101001111111100011111111110010000000011111011000111011001011001010101101011000100101110011000010000011011111111100100010110110010001001101001011110001111101010101101111000001100111110100000111010000011111001011001110101101100111100011011011000101010010001111011010010110110111111111001001001101101111101001110110010011101001101100000110111111101101100110000110000001000110111011011011011011000001101111110011101000100100011011100011000000101111110110100110110100001 
10000110010101110100100110111110011000010101010101001111111100011111111110010000000011111011000111011001011001010101101011000100101110011000010000011011111111100100010110110010001001101001011110001111101010101101111000001100111110100000111010000011111001011001110101101100111100011011011000101010010001111011010010110110111111111001001001101101111101001110110010011101001101100000110111111101101100110000110000001000110111011011011011011000001101111110011101000100100011011100011000000101111110110100110110100001 
11100011011100100011110001000110011011110101111010100101011100011010100111111111010011111101101100101111011001110101011110010010111100000011010001010011101001001011101010111100001110001110010101010110001111110110111101111010101110001100110111000010100000001100111010010101011110101001111101001101110001001110000000100111110111111101001001001110001100110110101011001011101011101100100010011010010111011011010010001000101101010101111011100011110001100110100110111100010001010110000110011101000111011010011110010110 
11111101111000011111110110011111000111010001000111110011110010101011011111010010100000110101111000010101110001100100100011010011101001001110100000011100011111010011011001000011100100100101010100110111111000000111001011011010101111110101010110100111001111011100001100111101111110101101000111010001111110110111101111011101001100000010000101100111010101110010110111101100011111110010100010001001100110001010011110101101101001000010100111101110001100000111000101001111110110011010110000100100110000001101100110111111 
01111000111011001111011011101100000000010010111100100110111010110110101100011100010001100011000100100011110000111010111000000110100000000110000100111011011010011001111111010010101010000111110100010001000010100110110000101001010010100101011111000101110011010001100000000100010100100010001101110010100111001001101100011110001010110001100010110011010100000010110111111001011000110000000110001101011001010011100011001101111000101100100100100010100101010000011111100001110010110101100010000100110011010111110110100011 
00000001110001000010110010010111011011110111110110110101011100001001110011000010010100001100011000111100101010110111010110011011110111111010011111100100001111111011000111111100101010111111000010011001001010110011010011101111110001110101101111001010010100011000011110110100011011001010111101000101101110110111010001111010111001111010010110101101011010111100111111111100110100010000111101111011100010001100110001010001011110000010101010010101001011110000010111001101001101110010011110101000000000001100010010001001 
00111010110000001010101001111111001011010001011110100110100100111011101111110010101111010001101011011100010001001110001010000011101000010001010110100100000001011000101010101011110001011001011110100001001011001100111010001110101110000010000011101100110111000100010000100000110001001101000001001111010011000000111110011001000000000000101010010110001111001001110000000110110110010000100101111001011111101100011001111111101100101110000101101100110111000010000110001000011011001011101101110100110101011010000010111001 
00000100111011101001000010101011000010001000101101010100010001011100010010010110011010001011110001101110101101111101110000010000010000100111110011001001010101011010101111110011000010011110011011100001000001101010000111011110000100000110001111001011001100000100001101111010110010011001110101011000110010100110010101111101001001000000101110101010000101110010011110010010010101000000010000010000111000001011110001101111101011010011101101110000011010000001000011000101011111011010011101100110010100000100011101000011 
11111101111000011111110110011111000111010001000111110011110010101011011111010010100000110101111000010101110001100100100011010011101001001110100000011100011111010011011001000011100100100101010100110111111000000111001011011010101111110101010110100111001111011100001100111101111110101101000111010001111110110111101111011101001100000010000101100111010101110010110111101100011111110010100010001001100110001010011110101101101001000010100111101110001100000111000101001111110110011010110000100100110000001101100110111111 
00000100111011101001000010101011000010001000101101010100010001011100010010010110011010001011110001101110101101111101110000010000010000100111110011001001010101011010101111110011000010011110011011100001000001101010000111011110000100000110001111001011001100000100001101111010110010011001110101011000110010100110010101111101001001000000101110101010000101110010011110010010010101000000010000010000111000001011110001101111101011010011101101110000011010000001000011000101011111011010011101100110010100000100011101000011 
00111010110000001010101001111111001011010001011110100110100100111011101111110010101111010001101011011100010001001110001010000011101000010001010110100100000001011000101010101011110001011001011110100001001011001100111010001110101110000010000011101100110111000100010000100000110001001101000001001111010011000000111110011001000000000000101010010110001111001001110000000110110110010000100101111001011111101100011001111111101100101110000101101100110111000010000110001000011011001011101101110100110101011010000010111001 
10111011011001011100100010111111111000010100010101000101111101011011101011011001101111011011101110110001110111000000101110100000011110101101001011010010111110000111110111010011011001100110001110010011011110110100001111100001000111000010101111100101011111111010011101000011100011110101101111100101000000100010000111011001110111010101000100110000010101010011011011000010111110100101010001110001111110110110111010110000100111110110001111101010001111101010010111001001001100101011001101100000110000100000111000010001 
01111000111011001111011011101100000000010010111100100110111010110110101100011100010001100011000100100011110000111010111000000110100000000110000100111011011010011001111111010010101010000111110100010001000010100110110000101001010010100101011111000101110011010001100000000100010100100010001101110010100111001001101100011110001010110001100010110011010100000010110111111001011000110000000110001101011001010011100011001101111000101100100100100010100101010000011111100001110010110101100010000100110011010111110110100011 
11100011011100100011110001000110011011110101111010100101011100011010100111111111010011111101101100101111011001110101011110010010111100000011010001010011101001001011101010111100001110001110010101010110001111110110111101111010101110001100110111000010100000001100111010010101011110101001111101001101110001001110000000100111110111111101001001001110001100110110101011001011101011101100100010011010010111011011010010001000101101010101111011100011110001100110100110111100010001010110000110011101000111011010011110010110 
10010101110011001110100001010011011001001110001100001110011011111001010010010000100010101101110111011110000011110100010001101000111000110110000101010101100011101101100101000110001011100100111001000010000010101000001010100100100010110011010011011110010100110101000000001111101111000100011011000101100101000110000111110101110001011111110010001101111000001100010111001111010010101000111001001000000110011001001001100110010110010111101110111111101011000011001100101101011101000111100100000000101101000100111101100111 
11011001000000011001110000010001111110010111010001000110000100101001010011111111100100111010010101101111000111111110111110100011001010011010110110010001101001000111001001001100100011110110111011000011011011010011110111100101100101011010100000100101000100101011010100000010000010000000010110010100011011101101010100000001100010111000101011100010111011000000110001010010011001110001101011111010100100011011101100110101011010010001000010100000111111111010000101000100101111100011101110101001000010110111111001101101 
11011001000000011001110000010001111110010111010001000110000100101001010011111111100100111010010101101111000111111110111110100011001010011010110110010001101001000111001001001100100011110110111011000011011011010011110111100101100101011010100000100101000100101011010100000010000010000000010110010100011011101101010100000001100010111000101011100010111011000000110001010010011001110001101011111010100100011011101100110101011010010001000010100000111111111010000101000100101111100011101110101001000010110111111001101101 
10010101110011001110100001010011011001001110001100001110011011111001010010010000100010101101110111011110000011110100010001101000111000110110000101010101100011101101100101000110001011100100111001000010000010101000001010100100100010110011010011011110010100110101000000001111101111000100011011000101100101000110000111110101110001011111110010001101111000001100010111001111010010101000111001001000000110011001001001100110010110010111101110111111101011000011001100101101011101000111100100000000101101000100111101100111 
00010110100001111101000101101101100101011001100000010000111110001011011001100101111001010010101011111110001101010000101000110011111011000011011100110011010111100110010100000011000110100110000010011000111100101110001000111100010010111000101101100011100001100010111111001001011010101001000101011101011000111101011001000011011011010011010110101010110011100100011100111010111100010000011000011010100111001011001011111100111010001100010010101111100001011101111110110101101101111000011000001110001100110010000101100111 
10001000111101100011001011101011110101000111010011010101011101001011001111010111000101000000111001010111110111101110111001100010110010111111100101101111111100010111101011100100000000010011000111010001110011000011100110011100011000111110100011010110011100010011001010001000111110001101010000101010010110111011101101100111011101111000110001001100101100110101010011011001000100010010011110000100110010101111001001111100000110111000000100000010111101110010100010001100010100111001011101010110001011001000001101010111 
00001001001110111111110100011011001001001010111000111011001010001100011101101001011110000000010000100010010010011010001011011100110000101001010001100101010101100000101000000101001101111111011100000110101011101110101001101101011000100101111100110110111011100010100110110000101010111011101000101010000011010111110110010000101010000111110100010110100000000011001000110000001001010110010110110010000001101001101010100001100101011101101010011010101101001010110110001110101001110110011000010101011010111000001101001101 
10010011011111101010100101111010011101010101000100111101101110000001111011111011011100000011010001010100110100111010001110110001111110011101010110100000111011001100101101110110001100101010110001101101110001100110011011100001001000100111001001100110000111100100011111001100001011010010111111010011110001001010111111010001001101101000101011100011010001110010010001100110001000101111111011101110001100101011110011101000111101110100011011100010000110110000000000100001111110000001011011010100000010111100000111000001 
01110000101010001101010111000011010111011100100100011010101110101111000000101000011000010101100000011001001010010111001000010010001010001011001100010111100001110011110101100110000101111110000001001110000110010110001111000100111001001100100101101101101101100001000001010111011101111110100111000010100000011010001101110110011011001101101011110111101111101001111010110010000110000001010010001010100001010011111101000001010001011011100000101100011001101101000100101110101010101010100110000101011111000011011110001001 
01101111100101001101110011111010001001000110011011000001100100110000000001111111011000110101101111100000010011001001001110111100010101001100011001111001100100110000110110011001101100010000101111001111001010010111000111011010000101000100010001110111000000101011110010000101011101100111010010110010100011001011011111000000000010100000101110100111010100111000100110101110010100111000110001011001011101100011100111111001110001011100101010010010101001001011111101111100111000011100011100001000100001001111111001000101 
01001001011111110010001100001000101110101110011011011001100011000010000010101110010101011010011110100001010111110010101001100000111111110010000100000001010001101111110111101111111101011101001100011101010011100001101001001110010001100011000001111110011010001100111111000101101101001111111110101000001001100010111100110110110100011110000111001100000101011001111001101111010110101001110001001010111000110100001101110000000011100000110100110110010010011001110001100010001111001011101011001001001010011001111100110001 
01101101011010110110100010000001000110011100001010000111010111011000101001101001100110001000000111000110101101100101010110010001111100111100010001011010111111110001111011100000000111101000011001111010101111101001110100001000111101111111010111100110000001110100010101011001100101001010011011111100000001111011001000011010001000101110010100111011000111000101110001101111010011101010011111101101000100111100000110011100011010010011011111111100010011010101100011110000011110011011110011101011101100110101010110100011 
11111001001000011110011010010110101101111100010111010011100100101000110000111101010010101111110100111110001001101011001011001100110001001001001101111010000100001110001101100110110110100010010011100001011001111101100110100011110101000100111110010001110011011111000100000010110111101100000001111100111011111001110000000000100001000010011010011011101110111100010100110111000000100000001111100111100111100101111010000000000000101111100101100011111100111001001111111000011011000111110101001100010101111001010011111111 
10110110110100010011100100101111000110010100101000110011011001000010011111000100101001001101110010111010111011110111001010111000111001010010101111001011000100111010001011111100000001010101000101001001011110000001100110101101011001111001001110010101001010110010101110000010010110001011000100011111111011010001101010111000100011010011000101001100001001001011011110000101110101111001110000111000110111011111001110101010101100100001111101000010001010000000011110010001101110101101010000100000110110011001111100101111 
01001101101100101101010001010100101100000111111000011100010111111010110110110011100011010111110011110000100010010110001100001110111110010111000001110000111111101001101011011110011001011111100111110110001111110011101110111011111011010011100101010111100111110000010011000001100110010010011000000101011010111110000111011111000011010110011010000010000111101001011010011010001110110011001000010010000111011000011100101101011010011001011000011000010110010100010100011111011011100110000001111111011111010011100010111001 
10000001011000110000100111011111101110111111111010001000000001110111010111000011101011101001101100111111011000000111001011010101011100000101010101001100010100011010101000000100000110110010100011001010010100111011001010110111000100000010001111011010110010101111011101000111101101111111011011001001010001101010111111110110011010100000111100010100101101011110001110001011100110111101111001000011101000110111000110011001001101100101110001000011111010110100000000100111100011001100001010011100011110011111111110110111 
10100000110001010110110000001001111010000110100101010101110000101110010111011100111010000111101010001111010011010111000111011011011010111101001011101011100000010000110101010010011100101110101110111011000001011110001100001100100001100011110001101010100110000100000010111001111000011001000111011001100011010111100010011100101001111101000000110111001111101100100000000001111010100001010110111111100110100011110000010000101011000110000000011100010110101100000010001000010010111101101110100010101011011011000111000101 
00110001000101110000100000100111100000001110011011000001010000011010011011010010010010011101110101011001000001100011110010101101111010100011100001110110111000011011110111110011011111101010100000100100001000101010011101100000110011000000000001110101101010100111100111010001000110000110100111111011100010010001110101100011010101000111001111010000001101001111111001001100101001111011111001100011000011001100101010100010011010100110010011101011011101110100001100111110101001001110101100101110001110010110111001111001 
01101001110111010111000011011111000001110110011001111100100100111010010110011010010011100111011101100001010011011100111010001110011001010111000111000000001110010011001010001110001010101000101011110010000110111000100110011101000000110100101011010110000010000000011010111011001101010001010100001010011000000110101000110001001110001000000011110011101110111101000110011001010101111100100101101011011001101111101111111111100111010000001000110000101000011101110000101111011000111100110101110111000110011101110101110001 
01100111110111100010111001011010100110000111001011110011100000011001000100000010110000100000001010011100010110010100101110000001111111111111100010100000001100100010000101101001100110110100100111101100110111001000111100110111111100001100100000001100110101100011011001110101011111101111000001001110000101111110011000010111000010000010101110011010010000100001100101101001100110001010101110100000010010001101001100010011100010100000000101101101011010011101011101000101110001010100001111001101000010000011110001100001 
10101100010000000011010111110010110100100001110011101001000000101101001110111101010011011100001101001010001100010010001000111100111000100010010000011001111001000100011101110001100110000000001111101100010001010111101000011000101101101111110001111110110110011010011011101100101111011010000100100010011110100101100111001011011000010110000011111100010101000111101100000111000110001110000011000010010000100101111110110010001000111000011111010100000011111011001111010010100010100100000000100011000100101010110000000011 
11110011000100011000110100110011101001101001100100100100011100011001000101111111010001000010111010110011011011011010010100110001110001100101100111111111111101000001101010011001110010011001001001010000101110111100000001100101011001101011010000001110001101111010011000100001000000100101000111001110111000001110000011000001000110100100101101110101011010001101101100110100000011111011001010110001101100011010111101110011101101100110000110100101000101000110101000110100011101001101001010110011110000011100011010010001 
00011111110101100010111001110010010010001110110111001000101000011101000010110111100011100111110100001001100000011000110100100001110011100100100010000011011101000101110010010101010011010101100101100111001000011100001000100001100000010100010011000001011011101010110001000001100011101100101100001111011001110011101010001100000101100010111000100001101100110101101101100111100001100010010100001111101110110101000110101101010111110110101101111111001101111010001000101100011101010101100111010111001101100100111010111111 
01100010000111010000100111101000010011011011101011000101000010110101010000110001011110000101110100010100011100101010100000001010111011001100011101101011010100000001011100010001111000001111100011101011101010110000101000100010011101101101110111001110110111100100010011010101101001100001011001010111100101111011101110110010001010010000110000011101000010100000101000000010100110110000110000110011001001011100000000011110101110111100000001100100011000110110000010110010110110010111111011001001110101011011011100111111 
11000100011010111001001111011100001101100011101110101001000101010010011001000010000101001101110101010100010011011101101010010000010100101001011111000000000010110010001111111001001000111100101111011010110111111100111101111110111100010100101100110111110111100000010011101110011011000100011001100001000110100100000001111110110011000010110100101111101101011100101010111110100111100001000000010111011111011111101110000010010001110001101001100001100101010001110000101000010110011111001110001110001001111001111111111111 
01011001011000111001011110011101011000101100010000100110010011011010010100001010111100010001000000110001100111000110011010101111001100111010100000011011111001011111011011011010010010000110111001100010000001110001111010010101010000011011011101111111001110101011010111100011011001111101111000011001101110110111001010010101110001000110010111100110110110000010001001011100110011011011101110000100110000100110001101101000100011000100000011101101010000111011111000100111000110111010010011101110110110111011101011001011 
00001001010100010101100000011100110000000011111100110111111110110100011011011001100000111010101101101001010100001111001110101011100111100110110000011011001010000100111000001110111111100001001111011010100000101000100100010000111011010101011001001111101111011100011100000011110101110001001100111011010110110011001011000100011001010001011100101101110010000100001000111010101010001100110111010111110101011011111110010000001011111010100100101001101101110111000110011011000111111001011111001111001001101100010001101111 
11101100110100110011111111111110011010101100001010001111000111110000011111110000110111010100010111101000100111000111000110010001111101100011110110001111011100010001111100001110011110100100110101010010100100101011001110111100011000110010111111001000110010001100011110101111100100001111110011011001010000011110000101010100011000000010001010011001101100111000000100101110101000011110100110111101101011001110100111001110101111001110101100010100001110111001000010010001111111011110111011100101001011110010001000000011 
11100010000100110111110000101010010000010100110000100110110100010110110111000001101010010000101001110111101010111111001001000110000011110111100101111110001001111000001001100111001000111010001000010111100100001011010011100101101010101101000011101111000001010110101101101101110001100110101111001110010011000001010110100111101100110010001101000100100111100010101001101001101100110111100101110001111100001101010110001111001100110111010101011101001101001111101110100000000100000111000110100011000101001100111001100101 
00101100101010011110110100111111000010011101001101000100100100100001010000000001110100011010110010101110000001010000100010110010000101110000100000001010100010110111110101100000011011101101011001001111100010011010111101110111010111110010110010100000001110111100001101000011110001001001011100101100011110001110000000101011110100001110100011100101001001010100100000111011101010000101001001001110000110010101110100001010101000111001010101000001110111111011101100000010011101001000010100000011010000110011111100001111 
11010100110111110001001010111010010001101110110111001011001000110011010111101110011001011100010001000100011000001011101001111011110101000000111101011011001110100101101110010000010110001111000111000111110001101010001010001110000110100000110101100101110101100010010110110111100011101000010001110111000100001111100001101011011011011011100110010110101000110011000001110100010111110101000011111100110011011110010111100101101100001011111010100101111101100100111111100000110011101001001000111111001111101000101101011101 
11101100110000110011000110101010111011111010011000101100000100111001001010111011100010111011100000001000100110101011000000111100101010011100001010111110111011000000000100110010010001111101001101111101101001011100000111000110110000000001111011100011011001000111100011110101000111100110111110011001000111010000001101001011001011101010001101110011011011001110011100000001011101001110001011111011011001111001010101111000100010110110001000001001010100010111000100011101100010100101001011010111010010000111111111010101 
10100011010011100010010101001000001111010111111101101010100110101111010011100001101100001100110011001000100001111010111111101011000011110101100100001001011101110010000110010010001110101111001001011100100111000011101110111100000101111000001101011010000011011000010101110110010110011001111000111100001010000111011000010001011100100111010110111011111101110010101010101110000100110100111111101101101111100010110010101000110101110010111001010110010110001001101001001011100101001100001011011010110101010101111111101001 
11010100110111110001001010111010010001101110110111001011001000110011010111101110011001011100010001000100011000001011101001111011110101000000111101011011001110100101101110010000010110001111000111000111110001101010001010001110000110100000110101100101110101100010010110110111100011101000010001110111000100001111100001101011011011011011100110010110101000110011000001110100010111110101000011111100110011011110010111100101101100001011111010100101111101100100111111100000110011101001001000111111001111101000101101011101 
11101100110000110011000110101010111011111010011000101100000100111001001010111011100010111011100000001000100110101011000000111100101010011100001010111110111011000000000100110010010001111101001101111101101001011100000111000110110000000001111011100011011001000111100011110101000111100110111110011001000111010000001101001011001011101010001101110011011011001110011100000001011101001110001011111011011001111001010101111000100010110110001000001001010100010111000100011101100010100101001011010111010010000111111111010101 
00001001001110111111110100011011001001001010111000111011001010001100011101101001011110000000010000100010010010011010001011011100110000101001010001100101010101100000101000000101001101111111011100000110101011101110101001101101011000100101111100110110111011100010100110110000101010111011101000101010000011010111110110010000101010000111110100010110100000000011001000110000001001010110010110110010000001101001101010100001100101011101101010011010101101001010110110001110101001110110011000010101011010111000001101001101 
00110001000101110000100000100111100000001110011011000001010000011010011011010010010010011101110101011001000001100011110010101101111010100011100001110110111000011011110111110011011111101010100000100100001000101010011101100000110011000000000001110101101010100111100111010001000110000110100111111011100010010001110101100011010101000111001111010000001101001111111001001100101001111011111001100011000011001100101010100010011010100110010011101011011101110100001100111110101001001110101100101110001110010110111001111001 
11101100110100110011111111111110011010101100001010001111000111110000011111110000110111010100010111101000100111000111000110010001111101100011110110001111011100010001111100001110011110100100110101010010100100101011001110111100011000110010111111001000110010001100011110101111100100001111110011011001010000011110000101010100011000000010001010011001101100111000000100101110101000011110100110111101101011001110100111001110101111001110101100010100001110111001000010010001111111011110111011100101001011110010001000000011 
11100010000100110111110000101010010000010100110000100110110100010110110111000001101010010000101001110111101010111111001001000110000011110111100101111110001001111000001001100111001000111010001000010111100100001011010011100101101010101101000011101111000001010110101101101101110001100110101111001110010011000001010110100111101100110010001101000100100111100010101001101001101100110111100101110001111100001101010110001111001100110111010101011101001101001111101110100000000100000111000110100011000101001100111001100101 
10110110110100010011100100101111000110010100101000110011011001000010011111000100101001001101110010111010111011110111001010111000111001010010101111001011000100111010001011111100000001010101000101001001011110000001100110101101011001111001001110010101001010110010101110000010010110001011000100011111111011010001101010111000100011010011000101001100001001001011011110000101110101111001110000111000110111011111001110101010101100100001111101000010001010000000011110010001101110101101010000100000110110011001111100101111 
11000100011010111001001111011100001101100011101110101001000101010010011001000010000101001101110101010100010011011101101010010000010100101001011111000000000010110010001111111001001000111100101111011010110111111100111101111110111100010100101100110111110111100000010011101110011011000100011001100001000110100100000001111110110011000010110100101111101101011100101010111110100111100001000000010111011111011111101110000010010001110001101001100001100101010001110000101000010110011111001110001110001001111001111111111111 
10001000111101100011001011101011110101000111010011010101011101001011001111010111000101000000111001010111110111101110111001100010110010111111100101101111111100010111101011100100000000010011000111010001110011000011100110011100011000111110100011010110011100010011001010001000111110001101010000101010010110111011101101100111011101111000110001001100101100110101010011011001000100010010011110000100110010101111001001111100000110111000000100000010111101110010100010001100010100111001011101010110001011001000001101010111 
00101100101010011110110100111111000010011101001101000100100100100001010000000001110100011010110010101110000001010000100010110010000101110000100000001010100010110111110101100000011011101101011001001111100010011010111101110111010111110010110010100000001110111100001101000011110001001001011100101100011110001110000000101011110100001110100011100101001001010100100000111011101010000101001001001110000110010101110100001010101000111001010101000001110111111011101100000010011101001000010100000011010000110011111100001111 
01101101011010110110100010000001000110011100001010000111010111011000101001101001100110001000000111000110101101100101010110010001111100111100010001011010111111110001111011100000000111101000011001111010101111101001110100001000111101111111010111100110000001110100010101011001100101001010011011111100000001111011001000011010001000101110010100111011000111000101110001101111010011101010011111101101000100111100000110011100011010010011011111111100010011010101100011110000011110011011110011101011101100110101010110100011 
11011000111111000110001110111100110101101001010011011110001011111001100010011111000000101011101111010000011110011111100100000110001111000100110001101001001111011101011001001111101100110011011110100001100000100110010111110110001011000011010111000101100001101101010111001001110010110001011011000000110010001001000011111001110111010101111111011100001101110000101011101111111110101100010011100101000011110010010111001011100010010011100001001000101101000001001100001101011010001001100111101100110001000001101010011101 
00011111110101100010111001110010010010001110110111001000101000011101000010110111100011100111110100001001100000011000110100100001110011100100100010000011011101000101110010010101010011010101100101100111001000011100001000100001100000010100010011000001011011101010110001000001100011101100101100001111011001110011101010001100000101100010111000100001101100110101101101100111100001100010010100001111101110110101000110101101010111110110101101111111001101111010001000101100011101010101100111010111001101100100111010111111 
01110000101010001101010111000011010111011100100100011010101110101111000000101000011000010101100000011001001010010111001000010010001010001011001100010111100001110011110101100110000101111110000001001110000110010110001111000100111001001100100101101101101101100001000001010111011101111110100111000010100000011010001101110110011011001101101011110111101111101001111010110010000110000001010010001010100001010011111101000001010001011011100000101100011001101101000100101110101010101010100110000101011111000011011110001001 
01101111100101001101110011111010001001000110011011000001100100110000000001111111011000110101101111100000010011001001001110111100010101001100011001111001100100110000110110011001101100010000101111001111001010010111000111011010000101000100010001110111000000101011110010000101011101100111010010110010100011001011011111000000000010100000101110100111010100111000100110101110010100111000110001011001011101100011100111111001110001011100101010010010101001001011111101111100111000011100011100001000100001001111111001000101 
01100010000111010000100111101000010011011011101011000101000010110101010000110001011110000101110100010100011100101010100000001010111011001100011101101011010100000001011100010001111000001111100011101011101010110000101000100010011101101101110111001110110111100100010011010101101001100001011001010111100101111011101110110010001010010000110000011101000010100000101000000010100110110000110000110011001001011100000000011110101110111100000001100100011000110110000010110010110110010111111011001001110101011011011100111111 
00001001010100010101100000011100110000000011111100110111111110110100011011011001100000111010101101101001010100001111001110101011100111100110110000011011001010000100111000001110111111100001001111011010100000101000100100010000111011010101011001001111101111011100011100000011110101110001001100111011010110110011001011000100011001010001011100101101110010000100001000111010101010001100110111010111110101011011111110010000001011111010100100101001101101110111000110011011000111111001011111001111001001101100010001101111 
01001001011111110010001100001000101110101110011011011001100011000010000010101110010101011010011110100001010111110010101001100000111111110010000100000001010001101111110111101111111101011101001100011101010011100001101001001110010001100011000001111110011010001100111111000101101101001111111110101000001001100010111100110110110100011110000111001100000101011001111001101111010110101001110001001010111000110100001101110000000011100000110100110110010010011001110001100010001111001011101011001001001010011001111100110001 
01011001011000111001011110011101011000101100010000100110010011011010010100001010111100010001000000110001100111000110011010101111001100111010100000011011111001011111011011011010010010000110111001100010000001110001111010010101010000011011011101111111001110101011010111100011011001111101111000011001101110110111001010010101110001000110010111100110110110000010001001011100110011011011101110000100110000100110001101101000100011000100000011101101010000111011111000100111000110111010010011101110110110111011101011001011 
10010011011111101010100101111010011101010101000100111101101110000001111011111011011100000011010001010100110100111010001110110001111110011101010110100000111011001100101101110110001100101010110001101101110001100110011011100001001000100111001001100110000111100100011111001100001011010010111111010011110001001010111111010001001101101000101011100011010001110010010001100110001000101111111011101110001100101011110011101000111101110100011011100010000110110000000000100001111110000001011011010100000010111100000111000001 
01101001110111010111000011011111000001110110011001111100100100111010010110011010010011100111011101100001010011011100111010001110011001010111000111000000001110010011001010001110001010101000101011110010000110111000100110011101000000110100101011010110000010000000011010111011001101010001010100001010011000000110101000110001001110001000000011110011101110111101000110011001010101111100100101101011011001101111101111111111100111010000001000110000101000011101110000101111011000111100110101110111000110011101110101110001 
10101100010000000011010111110010110100100001110011101001000000101101001110111101010011011100001101001010001100010010001000111100111000100010010000011001111001000100011101110001100110000000001111101100010001010111101000011000101101101111110001111110110110011010011011101100101111011010000100100010011110100101100111001011011000010110000011111100010101000111101100000111000110001110000011000010010000100101111110110010001000111000011111010100000011111011001111010010100010100100000000100011000100101010110000000011 
01001101101100101101010001010100101100000111111000011100010111111010110110110011100011010111110011110000100010010110001100001110111110010111000001110000111111101001101011011110011001011111100111110110001111110011101110111011111011010011100101010111100111110000010011000001100110010010011000000101011010111110000111011111000011010110011010000010000111101001011010011010001110110011001000010010000111011000011100101101011010011001011000011000010110010100010100011111011011100110000001111111011111010011100010111001 
11110011000100011000110100110011101001101001100100100100011100011001000101111111010001000010111010110011011011011010010100110001110001100101100111111111111101000001101010011001110010011001001001010000101110111100000001100101011001101011010000001110001101111010011000100001000000100101000111001110111000001110000011000001000110100100101101110101011010001101101100110100000011111011001010110001101100011010111101110011101101100110000110100101000101000110101000110100011101001101001010110011110000011100011010010001 
00010110100001111101000101101101100101011001100000010000111110001011011001100101111001010010101011111110001101010000101000110011111011000011011100110011010111100110010100000011000110100110000010011000111100101110001000111100010010111000101101100011100001100010111111001001011010101001000101011101011000111101011001000011011011010011010110101010110011100100011100111010111100010000011000011010100111001011001011111100111010001100010010101111100001011101111110110101101101111000011000001110001100110010000101100111 
00101001000100111010110100100110000011100010000001010110001011100000000001101010101011111101000100110011111101011111100101011110001001110111100001110010011001110001101000010010011001000101100001001001110100111100011011100000011001010010100000000011000101111100001000100101110000011000100111010010100100111111001010100000100001101111110100110000101000100110110100010000001101000011111011111001010011000010111110010110110011110100000101000001001111111010000101100100010000001001100110101011111101100101111101010101 
10100000110001010110110000001001111010000110100101010101110000101110010111011100111010000111101010001111010011010111000111011011011010111101001011101011100000010000110101010010011100101110101110111011000001011110001100001100100001100011110001101010100110000100000010111001111000011001000111011001100011010111100010011100101001111101000000110111001111101100100000000001111010100001010110111111100110100011110000010000101011000110000000011100010110101100000010001000010010111101101110100010101011011011000111000101 
10100011010011100010010101001000001111010111111101101010100110101111010011100001101100001100110011001000100001111010111111101011000011110101100100001001011101110010000110010010001110101111001001011100100111000011101110111100000101111000001101011010000011011000010101110110010110011001111000111100001010000111011000010001011100100111010110111011111101110010101010101110000100110100111111101101101111100010110010101000110101110010111001010110010110001001101001001011100101001100001011011010110101010101111111101001 
10000001011000110000100111011111101110111111111010001000000001110111010111000011101011101001101100111111011000000111001011010101011100000101010101001100010100011010101000000100000110110010100011001010010100111011001010110111000100000010001111011010110010101111011101000111101101111111011011001001010001101010111111110110011010100000111100010100101101011110001110001011100110111101111001000011101000110111000110011001001101100101110001000011111010110100000000100111100011001100001010011100011110011111111110110111 
10011111100111110101111111110011001101000011000011101101101000011000110000001000011111010011011001000011100110100001111110001111111100110001100011110110100101111010011000100000111001011110011101111000010000010111011100100001111001110000011011101111111000101101110110000010101101001001000100001100110101111001111101001010101110010000010111111110100110111100011100000110110010010101111101101111010111111001111001011100100000111101110100110111001011111111101100001111101110011010000001101100001010001111101110111110 
10000111001001010100101011100000001111000101001000100001011111001100110100111101101101001110110010100101100100000000001001010111111001000000000101100011101000000111001010011011001000001101101100010010000000010100010011100001111011001001011111011110110000000100100111101001010101110010001010101110010100101011101001111010010111001011111000100011000000011101010000111011101010000100010000100101111111101000000000110111110001100010111001100001100110001110010001000111000010110100010000110000101101001110011011110001 
10000110010101110100100110111110011000010101010101001111111100011111111110010000000011111011000111011001011001010101101011000100101110011000010000011011111111100100010110110010001001101001011110001111101010101101111000001100111110100000111010000011111001011001110101101100111100011011011000101010010001111011010010110110111111111001001001101101111101001110110010011101001101100000110111111101101100110000110000001000110111011011011011011000001101111110011101000100100011011100011000000101111110110100110110100001 
11111101111000011111110110011111000111010001000111110011110010101011011111010010100000110101111000010101110001100100100011010011101001001110100000011100011111010011011001000011100100100101010100110111111000000111001011011010101111110101010110100111001111011100001100111101111110101101000111010001111110110111101111011101001100000010000101100111010101110010110111101100011111110010100010001001100110001010011110101101101001000010100111101110001100000111000101001111110110011010110000100100110000001101100110111111 
00111010110000001010101001111111001011010001011110100110100100111011101111110010101111010001101011011100010001001110001010000011101000010001010110100100000001011000101010101011110001011001011110100001001011001100111010001110101110000010000011101100110111000100010000100000110001001101000001001111010011000000111110011001000000000000101010010110001111001001110000000110110110010000100101111001011111101100011001111111101100101110000101101100110111000010000110001000011011001011101101110100110101011010000010111001 
00000100111011101001000010101011000010001000101101010100010001011100010010010110011010001011110001101110101101111101110000010000010000100111110011001001010101011010101111110011000010011110011011100001000001101010000111011110000100000110001111001011001100000100001101111010110010011001110101011000110010100110010101111101001001000000101110101010000101110010011110010010010101000000010000010000111000001011110001101111101011010011101101110000011010000001000011000101011111011010011101100110010100000100011101000011 
10111011011001011100100010111111111000010100010101000101111101011011101011011001101111011011101110110001110111000000101110100000011110101101001011010010111110000111110111010011011001100110001110010011011110110100001111100001000111000010101111100101011111111010011101000011100011110101101111100101000000100010000111011001110111010101000100110000010101010011011011000010111110100101010001110001111110110110111010110000100111110110001111101010001111101010010111001001001100101011001101100000110000100000111000010001 
01111000111011001111011011101100000000010010111100100110111010110110101100011100010001100011000100100011110000111010111000000110100000000110000100111011011010011001111111010010101010000111110100010001000010100110110000101001010010100101011111000101110011010001100000000100010100100010001101110010100111001001101100011110001010110001100010110011010100000010110111111001011000110000000110001101011001010011100011001101111000101100100100100010100101010000011111100001110010110101100010000100110011010111110110100011 
11100011011100100011110001000110011011110101111010100101011100011010100111111111010011111101101100101111011001110101011110010010111100000011010001010011101001001011101010111100001110001110010101010110001111110110111101111010101110001100110111000010100000001100111010010101011110101001111101001101110001001110000000100111110111111101001001001110001100110110101011001011101011101100100010011010010111011011010010001000101101010101111011100011110001100110100110111100010001010110000110011101000111011010011110010110 
11011001000000011001110000010001111110010111010001000110000100101001010011111111100100111010010101101111000111111110111110100011001010011010110110010001101001000111001001001100100011110110111011000011011011010011110111100101100101011010100000100101000100101011010100000010000010000000010110010100011011101101010100000001100010111000101011100010111011000000110001010010011001110001101011111010100100011011101100110101011010010001000010100000111111111010000101000100101111100011101110101001000010110111111001101101 
10010101110011001110100001010011011001001110001100001110011011111001010010010000100010101101110111011110000011110100010001101000111000110110000101010101100011101101100101000110001011100100111001000010000010101000001010100100100010110011010011011110010100110101000000001111101111000100011011000101100101000110000111110101110001011111110010001101111000001100010111001111010010101000111001001000000110011001001001100110010110010111101110111111101011000011001100101101011101000111100100000000101101000100111101100111 
00011111101010100111101100110011010101010110010000100111111000011000110100111010000101011001000011011110000011000001000100001010110101011011100011101110110100010011100001001011101100100011010111000001100100101110011010001000111101010000100001111000011101111001001001101100101001001101101101111110001000110001011110101010011001000011111011000000110011001100001000100101011001110010111110010000100010101001111011010100000001100000010001000011100100100001111000011000010100011011110101101111011100101110100111100001 
11100010000100110111110000101010010000010100110000100110110100010110110111000001101010010000101001110111101010111111001001000110000011110111100101111110001001111000001001100111001000111010001000010111100100001011010011100101101010101101000011101111000001010110101101101101110001100110101111001110010011000001010110100111101100110010001101000100100111100010101001101001101100110111100101110001111100001101010110001111001100110111010101011101001101001111101110100000000100000111000110100011000101001100111001100101 
10101100010000000011010111110010110100100001110011101001000000101101001110111101010011011100001101001010001100010010001000111100111000100010010000011001111001000100011101110001100110000000001111101100010001010111101000011000101101101111110001111110110110011010011011101100101111011010000100100010011110100101100111001011011000010110000011111100010101000111101100000111000110001110000011000010010000100101111110110010001000111000011111010100000011111011001111010010100010100100000000100011000100101010110000000011 
10100000110001010110110000001001111010000110100101010101110000101110010111011100111010000111101010001111010011010111000111011011011010111101001011101011100000010000110101010010011100101110101110111011000001011110001100001100100001100011110001101010100110000100000010111001111000011001000111011001100011010111100010011100101001111101000000110111001111101100100000000001111010100001010110111111100110100011110000010000101011000110000000011100010110101100000010001000010010111101101110100010101011011011000111000101 
01100010000111010000100111101000010011011011101011000101000010110101010000110001011110000101110100010100011100101010100000001010111011001100011101101011010100000001011100010001111000001111100011101011101010110000101000100010011101101101110111001110110111100100010011010101101001100001011001010111100101111011101110110010001010010000110000011101000010100000101000000010100110110000110000110011001001011100000000011110101110111100000001100100011000110110000010110010110110010111111011001001110101011011011100111111 
10010011011111101010100101111010011101010101000100111101101110000001111011111011011100000011010001010100110100111010001110110001111110011101010110100000111011001100101101110110001100101010110001101101110001100110011011100001001000100111001001100110000111100100011111001100001011010010111111010011110001001010111111010001001101101000101011100011010001110010010001100110001000101111111011101110001100101011110011101000111101110100011011100010000110110000000000100001111110000001011011010100000010111100000111000001 
00001001010100010101100000011100110000000011111100110111111110110100011011011001100000111010101101101001010100001111001110101011100111100110110000011011001010000100111000001110111111100001001111011010100000101000100100010000111011010101011001001111101111011100011100000011110101110001001100111011010110110011001011000100011001010001011100101101110010000100001000111010101010001100110111010111110101011011111110010000001011111010100100101001101101110111000110011011000111111001011111001111001001101100010001101111 
11011000111111000110001110111100110101101001010011011110001011111001100010011111000000101011101111010000011110011111100100000110001111000100110001101001001111011101011001001111101100110011011110100001100000100110010111110110001011000011010111000101100001101101010111001001110010110001011011000000110010001001000011111001110111010101111111011100001101110000101011101111111110101100010011100101000011110010010111001011100010010011100001001000101101000001001100001101011010001001100111101100110001000001101010011101 
00011111110101100010111001110010010010001110110111001000101000011101000010110111100011100111110100001001100000011000110100100001110011100100100010000011011101000101110010010101010011010101100101100111001000011100001000100001100000010100010011000001011011101010110001000001100011101100101100001111011001110011101010001100000101100010111000100001101100110101101101100111100001100010010100001111101110110101000110101101010111110110101101111111001101111010001000101100011101010101100111010111001101100100111010111111 
11101100110100110011111111111110011010101100001010001111000111110000011111110000110111010100010111101000100111000111000110010001111101100011110110001111011100010001111100001110011110100100110101010010100100101011001110111100011000110010111111001000110010001100011110101111100100001111110011011001010000011110000101010100011000000010001010011001101100111000000100101110101000011110100110111101101011001110100111001110101111001110101100010100001110111001000010010001111111011110111011100101001011110010001000000011 
00110001000101110000100000100111100000001110011011000001010000011010011011010010010010011101110101011001000001100011110010101101111010100011100001110110111000011011110111110011011111101010100000100100001000101010011101100000110011000000000001110101101010100111100111010001000110000110100111111011100010010001110101100011010101000111001111010000001101001111111001001100101001111011111001100011000011001100101010100010011010100110010011101011011101110100001100111110101001001110101100101110001110010110111001111001 
10110110110100010011100100101111000110010100101000110011011001000010011111000100101001001101110010111010111011110111001010111000111001010010101111001011000100111010001011111100000001010101000101001001011110000001100110101101011001111001001110010101001010110010101110000010010110001011000100011111111011010001101010111000100011010011000101001100001001001011011110000101110101111001110000111000110111011111001110101010101100100001111101000010001010000000011110010001101110101101010000100000110110011001111100101111 
00010110100001111101000101101101100101011001100000010000111110001011011001100101111001010010101011111110001101010000101000110011111011000011011100110011010111100110010100000011000110100110000010011000111100101110001000111100010010111000101101100011100001100010111111001001011010101001000101011101011000111101011001000011011011010011010110101010110011100100011100111010111100010000011000011010100111001011001011111100111010001100010010101111100001011101111110110101101101111000011000001110001100110010000101100111 
11110011000100011000110100110011101001101001100100100100011100011001000101111111010001000010111010110011011011011010010100110001110001100101100111111111111101000001101010011001110010011001001001010000101110111100000001100101011001101011010000001110001101111010011000100001000000100101000111001110111000001110000011000001000110100100101101110101011010001101101100110100000011111011001010110001101100011010111101110011101101100110000110100101000101000110101000110100011101001101001010110011110000011100011010010001 
10100011010011100010010101001000001111010111111101101010100110101111010011100001101100001100110011001000100001111010111111101011000011110101100100001001011101110010000110010010001110101111001001011100100111000011101110111100000101111000001101011010000011011000010101110110010110011001111000111100001010000111011000010001011100100111010110111011111101110010101010101110000100110100111111101101101111100010110010101000110101110010111001010110010110001001101001001011100101001100001011011010110101010101111111101001 
01100111110111100010111001011010100110000111001011110011100000011001000100000010110000100000001010011100010110010100101110000001111111111111100010100000001100100010000101101001100110110100100111101100110111001000111100110111111100001100100000001100110101100011011001110101011111101111000001001110000101111110011000010111000010000010101110011010010000100001100101101001100110001010101110100000010010001101001100010011100010100000000101101101011010011101011101000101110001010100001111001101000010000011110001100001 
01011001011000111001011110011101011000101100010000100110010011011010010100001010111100010001000000110001100111000110011010101111001100111010100000011011111001011111011011011010010010000110111001100010000001110001111010010101010000011011011101111111001110101011010111100011011001111101111000011001101110110111001010010101110001000110010111100110110110000010001001011100110011011011101110000100110000100110001101101000100011000100000011101101010000111011111000100111000110111010010011101110110110111011101011001011 
11101100110000110011000110101010111011111010011000101100000100111001001010111011100010111011100000001000100110101011000000111100101010011100001010111110111011000000000100110010010001111101001101111101101001011100000111000110110000000001111011100011011001000111100011110101000111100110111110011001000111010000001101001011001011101010001101110011011011001110011100000001011101001110001011111011011001111001010101111000100010110110001000001001010100010111000100011101100010100101001011010111010010000111111111010101 
01101111100101001101110011111010001001000110011011000001100100110000000001111111011000110101101111100000010011001001001110111100010101001100011001111001100100110000110110011001101100010000101111001111001010010111000111011010000101000100010001110111000000101011110010000101011101100111010010110010100011001011011111000000000010100000101110100111010100111000100110101110010100111000110001011001011101100011100111111001110001011100101010010010101001001011111101111100111000011100011100001000100001001111111001000101 
10000001011000110000100111011111101110111111111010001000000001110111010111000011101011101001101100111111011000000111001011010101011100000101010101001100010100011010101000000100000110110010100011001010010100111011001010110111000100000010001111011010110010101111011101000111101101111111011011001001010001101010111111110110011010100000111100010100101101011110001110001011100110111101111001000011101000110111000110011001001101100101110001000011111010110100000000100111100011001100001010011100011110011111111110110111 
11000100011010111001001111011100001101100011101110101001000101010010011001000010000101001101110101010100010011011101101010010000010100101001011111000000000010110010001111111001001000111100101111011010110111111100111101111110111100010100101100110111110111100000010011101110011011000100011001100001000110100100000001111110110011000010110100101111101101011100101010111110100111100001000000010111011111011111101110000010010001110001101001100001100101010001110000101000010110011111001110001110001001111001111111111111 
01110000101010001101010111000011010111011100100100011010101110101111000000101000011000010101100000011001001010010111001000010010001010001011001100010111100001110011110101100110000101111110000001001110000110010110001111000100111001001100100101101101101101100001000001010111011101111110100111000010100000011010001101110110011011001101101011110111101111101001111010110010000110000001010010001010100001010011111101000001010001011011100000101100011001101101000100101110101010101010100110000101011111000011011110001001 
00101100101010011110110100111111000010011101001101000100100100100001010000000001110100011010110010101110000001010000100010110010000101110000100000001010100010110111110101100000011011101101011001001111100010011010111101110111010111110010110010100000001110111100001101000011110001001001011100101100011110001110000000101011110100001110100011100101001001010100100000111011101010000101001001001110000110010101110100001010101000111001010101000001110111111011101100000010011101001000010100000011010000110011111100001111 
01101101011010110110100010000001000110011100001010000111010111011000101001101001100110001000000111000110101101100101010110010001111100111100010001011010111111110001111011100000000111101000011001111010101111101001110100001000111101111111010111100110000001110100010101011001100101001010011011111100000001111011001000011010001000101110010100111011000111000101110001101111010011101010011111101101000100111100000110011100011010010011011111111100010011010101100011110000011110011011110011101011101100110101010110100011 
01001101101100101101010001010100101100000111111000011100010111111010110110110011100011010111110011110000100010010110001100001110111110010111000001110000111111101001101011011110011001011111100111110110001111110011101110111011111011010011100101010111100111110000010011000001100110010010011000000101011010111110000111011111000011010110011010000010000111101001011010011010001110110011001000010010000111011000011100101101011010011001011000011000010110010100010100011111011011100110000001111111011111010011100010111001 
01101001110111010111000011011111000001110110011001111100100100111010010110011010010011100111011101100001010011011100111010001110011001010111000111000000001110010011001010001110001010101000101011110010000110111000100110011101000000110100101011010110000010000000011010111011001101010001010100001010011000000110101000110001001110001000000011110011101110111101000110011001010101111100100101101011011001101111101111111111100111010000001000110000101000011101110000101111011000111100110101110111000110011101110101110001 
11010100110111110001001010111010010001101110110111001011001000110011010111101110011001011100010001000100011000001011101001111011110101000000111101011011001110100101101110010000010110001111000111000111110001101010001010001110000110100000110101100101110101100010010110110111100011101000010001110111000100001111100001101011011011011011100110010110101000110011000001110100010111110101000011111100110011011110010111100101101100001011111010100101111101100100111111100000110011101001001000111111001111101000101101011101 
01001001011111110010001100001000101110101110011011011001100011000010000010101110010101011010011110100001010111110010101001100000111111110010000100000001010001101111110111101111111101011101001100011101010011100001101001001110010001100011000001111110011010001100111111000101101101001111111110101000001001100010111100110110110100011110000111001100000101011001111001101111010110101001110001001010111000110100001101110000000011100000110100110110010010011001110001100010001111001011101011001001001010011001111100110001 
10001000111101100011001011101011110101000111010011010101011101001011001111010111000101000000111001010111110111101110111001100010110010111111100101101111111100010111101011100100000000010011000111010001110011000011100110011100011000111110100011010110011100010011001010001000111110001101010000101010010110111011101101100111011101111000110001001100101100110101010011011001000100010010011110000100110010101111001001111100000110111000000100000010111101110010100010001100010100111001011101010110001011001000001101010111 
10011111100111110101111111110011001101000011000011101101101000011000110000001000011111010011011001000011100110100001111110001111111100110001100011110110100101111010011000100000111001011110011101111000010000010111011100100001111001110000011011101111111000101101110110000010101101001001000100001100110101111001111101001010101110010000010111111110100110111100011100000110110010010101111101101111010111111001111001011100100000111101110100110111001011111111101100001111101110011010000001101100001010001111101110111110 
10000111001001010100101011100000001111000101001000100001011111001100110100111101101101001110110010100101100100000000001001010111111001000000000101100011101000000111001010011011001000001101101100010010000000010100010011100001111011001001011111011110110000000100100111101001010101110010001010101110010100101011101001111010010111001011111000100011000000011101010000111011101010000100010000100101111111101000000000110111110001100010111001100001100110001110010001000111000010110100010000110000101101001110011011110001 
10000110010101110100100110111110011000010101010101001111111100011111111110010000000011111011000111011001011001010101101011000100101110011000010000011011111111100100010110110010001001101001011110001111101010101101111000001100111110100000111010000011111001011001110101101100111100011011011000101010010001111011010010110110111111111001001001101101111101001110110010011101001101100000110111111101101100110000110000001000110111011011011011011000001101111110011101000100100011011100011000000101111110110100110110100001 
11111101111000011111110110011111000111010001000111110011110010101011011111010010100000110101111000010101110001100100100011010011101001001110100000011100011111010011011001000011100100100101010100110111111000000111001011011010101111110101010110100111001111011100001100111101111110101101000111010001111110110111101111011101001100000010000101100111010101110010110111101100011111110010100010001001100110001010011110101101101001000010100111101110001100000111000101001111110110011010110000100100110000001101100110111111 
00000100111011101001000010101011000010001000101101010100010001011100010010010110011010001011110001101110101101111101110000010000010000100111110011001001010101011010101111110011000010011110011011100001000001101010000111011110000100000110001111001011001100000100001101111010110010011001110101011000110010100110010101111101001001000000101110101010000101110010011110010010010101000000010000010000111000001011110001101111101011010011101101110000011010000001000011000101011111011010011101100110010100000100011101000011 
00111010110000001010101001111111001011010001011110100110100100111011101111110010101111010001101011011100010001001110001010000011101000010001010110100100000001011000101010101011110001011001011110100001001011001100111010001110101110000010000011101100110111000100010000100000110001001101000001001111010011000000111110011001000000000000101010010110001111001001110000000110110110010000100101111001011111101100011001111111101100101110000101101100110111000010000110001000011011001011101101110100110101011010000010111001 
10111011011001011100100010111111111000010100010101000101111101011011101011011001101111011011101110110001110111000000101110100000011110101101001011010010111110000111110111010011011001100110001110010011011110110100001111100001000111000010101111100101011111111010011101000011100011110101101111100101000000100010000111011001110111010101000100110000010101010011011011000010111110100101010001110001111110110110111010110000100111110110001111101010001111101010010111001001001100101011001101100000110000100000111000010001 
11100011011100100011110001000110011011110101111010100101011100011010100111111111010011111101101100101111011001110101011110010010111100000011010001010011101001001011101010111100001110001110010101010110001111110110111101111010101110001100110111000010100000001100111010010101011110101001111101001101110001001110000000100111110111111101001001001110001100110110101011001011101011101100100010011010010111011011010010001000101101010101111011100011110001100110100110111100010001010110000110011101000111011010011110010110 
01111000111011001111011011101100000000010010111100100110111010110110101100011100010001100011000100100011110000111010111000000110100000000110000100111011011010011001111111010010101010000111110100010001000010100110110000101001010010100101011111000101110011010001100000000100010100100010001101110010100111001001101100011110001010110001100010110011010100000010110111111001011000110000000110001101011001010011100011001101111000101100100100100010100101010000011111100001110010110101100010000100110011010111110110100011 
11011001000000011001110000010001111110010111010001000110000100101001010011111111100100111010010101101111000111111110111110100011001010011010110110010001101001000111001001001100100011110110111011000011011011010011110111100101100101011010100000100101000100101011010100000010000010000000010110010100011011101101010100000001100010111000101011100010111011000000110001010010011001110001101011111010100100011011101100110101011010010001000010100000111111111010000101000100101111100011101110101001000010110111111001101101 
10010101110011001110100001010011011001001110001100001110011011111001010010010000100010101101110111011110000011110100010001101000111000110110000101010101100011101101100101000110001011100100111001000010000010101000001010100100100010110011010011011110010100110101000000001111101111000100011011000101100101000110000111110101110001011111110010001101111000001100010111001111010010101000111001001000000110011001001001100110010110010111101110111111101011000011001100101101011101000111100100000000101101000100111101100111 
11101100110000110011000110101010111011111010011000101100000100111001001010111011100010111011100000001000100110101011000000111100101010011100001010111110111011000000000100110010010001111101001101111101101001011100000111000110110000000001111011100011011001000111100011110101000111100110111110011001000111010000001101001011001011101010001101110011011011001110011100000001011101001110001011111011011001111001010101111000100010110110001000001001010100010111000100011101100010100101001011010111010010000111111111010101 
10100000110001010110110000001001111010000110100101010101110000101110010111011100111010000111101010001111010011010111000111011011011010111101001011101011100000010000110101010010011100101110101110111011000001011110001100001100100001100011110001101010100110000100000010111001111000011001000111011001100011010111100010011100101001111101000000110111001111101100100000000001111010100001010110111111100110100011110000010000101011000110000000011100010110101100000010001000010010111101101110100010101011011011000111000101 
00011111110101100010111001110010010010001110110111001000101000011101000010110111100011100111110100001001100000011000110100100001110011100100100010000011011101000101110010010101010011010101100101100111001000011100001000100001100000010100010011000001011011101010110001000001100011101100101100001111011001110011101010001100000101100010111000100001101100110101101101100111100001100010010100001111101110110101000110101101010111110110101101111111001101111010001000101100011101010101100111010111001101100100111010111111 
00110001000101110000100000100111100000001110011011000001010000011010011011010010010010011101110101011001000001100011110010101101111010100011100001110110111000011011110111110011011111101010100000100100001000101010011101100000110011000000000001110101101010100111100111010001000110000110100111111011100010010001110101100011010101000111001111010000001101001111111001001100101001111011111001100011000011001100101010100010011010100110010011101011011101110100001100111110101001001110101100101110001110010110111001111001 
11110011000100011000110100110011101001101001100100100100011100011001000101111111010001000010111010110011011011011010010100110001110001100101100111111111111101000001101010011001110010011001001001010000101110111100000001100101011001101011010000001110001101111010011000100001000000100101000111001110111000001110000011000001000110100100101101110101011010001101101100110100000011111011001010110001101100011010111101110011101101100110000110100101000101000110101000110100011101001101001010110011110000011100011010010001 
01110000101010001101010111000011010111011100100100011010101110101111000000101000011000010101100000011001001010010111001000010010001010001011001100010111100001110011110101100110000101111110000001001110000110010110001111000100111001001100100101101101101101100001000001010111011101111110100111000010100000011010001101110110011011001101101011110111101111101001111010110010000110000001010010001010100001010011111101000001010001011011100000101100011001101101000100101110101010101010100110000101011111000011011110001001 
01001001011111110010001100001000101110101110011011011001100011000010000010101110010101011010011110100001010111110010101001100000111111110010000100000001010001101111110111101111111101011101001100011101010011100001101001001110010001100011000001111110011010001100111111000101101101001111111110101000001001100010111100110110110100011110000111001100000101011001111001101111010110101001110001001010111000110100001101110000000011100000110100110110010010011001110001100010001111001011101011001001001010011001111100110001 
00101001000100111010110100100110000011100010000001010110001011100000000001101010101011111101000100110011111101011111100101011110001001110111100001110010011001110001101000010010011001000101100001001001110100111100011011100000011001010010100000000011000101111100001000100101110000011000100111010010100100111111001010100000100001101111110100110000101000100110110100010000001101000011111011111001010011000010111110010110110011110100000101000001001111111010000101100100010000001001100110101011111101100101111101010101 
11011000111111000110001110111100110101101001010011011110001011111001100010011111000000101011101111010000011110011111100100000110001111000100110001101001001111011101011001001111101100110011011110100001100000100110010111110110001011000011010111000101100001101101010111001001110010110001011011000000110010001001000011111001110111010101111111011100001101110000101011101111111110101100010011100101000011110010010111001011100010010011100001001000101101000001001100001101011010001001100111101100110001000001101010011101 
10001000111101100011001011101011110101000111010011010101011101001011001111010111000101000000111001010111110111101110111001100010110010111111100101101111111100010111101011100100000000010011000111010001110011000011100110011100011000111110100011010110011100010011001010001000111110001101010000101010010110111011101101100111011101111000110001001100101100110101010011011001000100010010011110000100110010101111001001111100000110111000000100000010111101110010100010001100010100111001011101010110001011001000001101010111 
01001101101100101101010001010100101100000111111000011100010111111010110110110011100011010111110011110000100010010110001100001110111110010111000001110000111111101001101011011110011001011111100111110110001111110011101110111011111011010011100101010111100111110000010011000001100110010010011000000101011010111110000111011111000011010110011010000010000111101001011010011010001110110011001000010010000111011000011100101101011010011001011000011000010110010100010100011111011011100110000001111111011111010011100010111001 
10010011011111101010100101111010011101010101000100111101101110000001111011111011011100000011010001010100110100111010001110110001111110011101010110100000111011001100101101110110001100101010110001101101110001100110011011100001001000100111001001100110000111100100011111001100001011010010111111010011110001001010111111010001001101101000101011100011010001110010010001100110001000101111111011101110001100101011110011101000111101110100011011100010000110110000000000100001111110000001011011010100000010111100000111000001 
01101001110111010111000011011111000001110110011001111100100100111010010110011010010011100111011101100001010011011100111010001110011001010111000111000000001110010011001010001110001010101000101011110010000110111000100110011101000000110100101011010110000010000000011010111011001101010001010100001010011000000110101000110001001110001000000011110011101110111101000110011001010101111100100101101011011001101111101111111111100111010000001000110000101000011101110000101111011000111100110101110111000110011101110101110001 
00011001011000011001001001111000111110010010101011010001100110000011101111111001111110110010110110001111001000011101000111110001011111110011010101001111001111100110110011010101100100110000110010010100010001000110100101101010110111010100010110111111010000100011100000011101101011101111000101111010101100011100100011001010110110101111001111011000111001110100001100010111010111010010011000100011100111000111000000001001100111111111110001100011010101100101100010100010101101001010111110001100000100110111101001011101 
11101100110100110011111111111110011010101100001010001111000111110000011111110000110111010100010111101000100111000111000110010001111101100011110110001111011100010001111100001110011110100100110101010010100100101011001110111100011000110010111111001000110010001100011110101111100100001111110011011001010000011110000101010100011000000010001010011001101100111000000100101110101000011110100110111101101011001110100111001110101111001110101100010100001110111001000010010001111111011110111011100101001011110010001000000011 
10100011010011100010010101001000001111010111111101101010100110101111010011100001101100001100110011001000100001111010111111101011000011110101100100001001011101110010000110010010001110101111001001011100100111000011101110111100000101111000001101011010000011011000010101110110010110011001111000111100001010000111011000010001011100100111010110111011111101110010101010101110000100110100111111101101101111100010110010101000110101110010111001010110010110001001101001001011100101001100001011011010110101010101111111101001 
00001001010100010101100000011100110000000011111100110111111110110100011011011001100000111010101101101001010100001111001110101011100111100110110000011011001010000100111000001110111111100001001111011010100000101000100100010000111011010101011001001111101111011100011100000011110101110001001100111011010110110011001011000100011001010001011100101101110010000100001000111010101010001100110111010111110101011011111110010000001011111010100100101001101101110111000110011011000111111001011111001111001001101100010001101111 
10101100010000000011010111110010110100100001110011101001000000101101001110111101010011011100001101001010001100010010001000111100111000100010010000011001111001000100011101110001100110000000001111101100010001010111101000011000101101101111110001111110110110011010011011101100101111011010000100100010011110100101100111001011011000010110000011111100010101000111101100000111000110001110000011000010010000100101111110110010001000111000011111010100000011111011001111010010100010100100000000100011000100101010110000000011 
11000100011010111001001111011100001101100011101110101001000101010010011001000010000101001101110101010100010011011101101010010000010100101001011111000000000010110010001111111001001000111100101111011010110111111100111101111110111100010100101100110111110111100000010011101110011011000100011001100001000110100100000001111110110011000010110100101111101101011100101010111110100111100001000000010111011111011111101110000010010001110001101001100001100101010001110000101000010110011111001110001110001001111001111111111111 
