11111010011000000001101011100011101011111001111100111110011101110100000010001011001110110111001101011101000100001100001100101110000011111110101111001000111111110011000110111110111111111100100110101000101111110011100011010101101110011000111110000100010010111011000101111111111101011110000100010111100111110010000011001110111011001101011000001110011000100110100000001100010110111000111011100111010001111110101111111111111011101111000111000011110011111100001111011110111001111111101100110101110001001111001010011011 
10000110101100110100110110011100111100001111000010000001000010000001111101110000010001011110110011001011100011011011100001000001110100000101010000100101000000011000111001001000000100000011011001011111010000100101110000000110111010100111011010101011101001001100011010001000011000100100100000111100010000001111100110010100000011110000101010010110100111000000000111010011101001000111001100011000101000010011010000010000000110011000000000110100000101000001000001100111110100110110010011101000001110110011110111111110 
01101000110100100101010101011001101000100001010100100000001100101111010000011111000101000101010011001011000000010010010010100010000010000110011011111111111111101101011011001111000101010000101001101001010011101000011110011101111000110001000010111110000011101111001010010100110100010110010000110111000011010011000011101111000100001000111010010010111011000000000111110111010000000101111000101100001101010100000110001000101000011110101001000000000001001000000001110110010100101100011001001000010100000001001000000010 
10000011011111111100001001101000101100110110010110001000001110010011000011110000001101101011010001011000010001100001001000011011100010110010001011001100010010011010100001001000000001001011011011100001010100100110100111010010100110110110011011000110100010111110010010100000011110001011110110111100000011000001100011010100101000110000110010011010011011010000100011000010101000010011011000100101010111100110000000001110001110000110011101001111001011110100001100000010001100000100010001011010000010011101110101000111 
00100110101001001100111011000100010001111011001100010111100000011000111000010100000101111101110001111110001100101110100000000000011011100001111010100110010100111001111010000001101110010001001101110100000010100100110100111101011011111110111001110111001001110000000110101000000101001000000000010010000000011000010101001110001010101001001110010010110011011110110011000110011111100000011100001001010011100100110101010001001001110001101000100101110111010000000000001010101101101100000100010010011100110110010000011001 
00000101001011111101000100011100110100000100001011110000100010001010101100100000110001010011011000111000111010000011110010011010111010000000011001110011000001011101000001000001000000000101010001010101000010011100101100101000010001100011010001111111101000100100011110100001000010001101101011011011011110000111111110010000000100110010000111111100100111010011011010110011101111010111101101011100101010010100000000001110010101000000111001110000001111000011100000101011101010000100010010110000000110111101001000101110 
00000011101101100010011111111110100000110101111010010010101100001011101011011001001010000101110011001010001100000000110010110011010100101001110000100000001011010111010010101000010011110110001000110110110011110111111000111100111110011101100011011000010001100011000010000000111100101111000100011101000111001010010001010000011011100001010111110001010110000110010000100110001011101011000111011011101101100110110011010000011010000111100000010010100111000101011110011001000010011010101100100001011101000110010001010011 
11001010111010111011100000111101101101101111111101101101010001100100001010001001001111010000011001100100100100101111011011001010001011111111101000101110001101101000110111010001001111010111011000011100011000110111000010011111101100011111100011011100111011101001000001100101110011111011011101110001010110000001010010010000111111010101110011000001010001111110111101111111111100101010101110100111110010011011101001111110110101001011011110100110011101000110111101111101110111110001001000111110110110111000000011101110 
10101101010101000100010111001010011010000100100000011000100110111011010101100011100010111111110111011011010011000010010101110101110100000000010111111001110000010111101110100110010000101010110001100011000101001001111101100100110011100001011100101000000101010100110100010011011010000000000010001110011011111110000101001111100100101010011101111110101110010101000110000000001000010101110011110000101101101100010010110001011010110000110100110001000010001001000010001010001100011100111001010100001000000111111000000001 
00110100110101000111000110100110111000010000100010010000101110001010100011111110111111101001101100111011011100011000110101100101110110100000010111110010110100110111010010101110111000101000101111100011100011001000101101101110010010100001011111100001000000010000111110011110000100100110100011001001001010011110110101100001011001000110001100110111101000000100101010001001000011101101010001010010101110110100010100100011000100110101101101001101100010110111010000000011100010001111110111011011001000010111010100000001 
11011010110001101010101001011001111101111011110111011111110111101010000101010101110111110001111010101100111011111110110001100111100010101011110011101111101101000010111001100010111111100111101100100010011000011011011110011001011001101000100100000000110110011001100010011110001000100010101011000011010111100111000101101111010011001011011001000111001001101111101001111100011110111100000100001011111000001010010111110101110110011111111101111001011110011100111100001011010101011010000111101010001101011111111101111001 
10000110011000011010001001101110100111011011110111001110111100011010000111011000101001110000010000011111110110000010101011101010111110011000100101100001100010011001010000101111010001100110000100101011110010111110111010000100101011101010101011111001000101011011010111011111010111011111110010001001101100000001001011010000100100101101001000001010010110010001111101011010100110101111001100011010100001010111000001100001100010010111110011010111110001001111000111011010110010011001100110101111111001011001110111010001 
01010111001100000101001011100110010001011011000011011111001010010000100001110110111000001111101110010101111011001110001100110101110110000011110101010101100000000101100000100110111000001010001110110001100000010110011101100010010111100101000111100111000100110110110010010010001100000110100110001110001000111111101111101001100010101010001000101101101100100001000010000100100011010101010010011000001101100101010110110001010000010000111010001001100011011001000000000110001001011001111111000101101001010111010100010011 
10110010010101010110000011101000000011000011110111101110000110110100101011011101011011010000010011001110011000011011100000111111010111010110011000011000000111001000111011111101010010100111010110111010111000000001000111110000101001010111010011011011001110001101011110010010001001000100011101001100001111110101000101000001100110101000011111010001101100111000110110111011101110011100010001111000111101110010110111100011101100110010111000010000111110100100100010101101001011000000111001001100110001111100001100101011 
10110000111011110011110000011101100110010000011100101000100101111011000111101001000111100000010001110110000111110111110011001000101001011100000110111101011001111110011001001001000111100101110100000100011111011001000000011010111110101110111100011000010110001101000101001011110101111001011101010001100111000000001010110110010101011001110000111001110001011110001100011011101100011010110101101100010010001011101001010010110011100110100101010000100100101110111101110001110100000100100001101100100011010000110010111101 
11111101010111100011101110100000111110000011110001010110000011100000011000111000000100011010000001001100100010010111011000010110100000110010001011001100001100110100000100100101001100100001000110010110101000100011100111010100100000001010010000010111111001010101011110001110000101010110000011100010001001000101111110110010110001001001110100001100010100011010100101101101010010101101101001110010100001100110010101010101001001001010011100110011111000000011100110001000100000000110101010011110010111110110011001011111 
00111001111011001011000011100000011011110001111101111100101011100111000000001111100101100101011100110000011110100100010110111101010011111010001111111100101111100111110101110111111000110100100110000001111111001110001111111101100101001000101101010101010101010000100110010111000011101001011101001111100011011010111000101010111100000101010011000111010000111110110000001101010110111100110011001111001110111010100011101110101111100111011011000010111001111110011110011010001011000001101111001001111101001100001100000001 
00001000011010010011010101101000111111010111010100000011000111010110111100110111101001101110100110100001001000000101101001011110000100001001010101000001101110000111111000001101110010101001100111000111001011000011100101001010100010111000000101010011101000010000110111010011110100001011110101011011000101101011010110110110011010111111101000111010000111000111000010011111111011010101000000000010010001110011100000110010110011111010110001100100000101011000000110110001100011110101100100000000110010100111010001100011 
01100101010010011011011101110110000010001000001101000001001010011110111010100000111001011100010111100000110101000000100110110000100000010100001111010010000011101100101110011100000010111000001000111101101111100100000011100010110011100111011011001111101011010111010011100101100110011001000110010100101000001001011001010110100001110100101110011011110011011010010101000010110011001010101000010100100111110011101000011010011001100000000011100111100001110011000011010100001110110000110011011100110110110000010010001011 
11111110110100001010111011100011001011111110110101011001111101010100010001110001001110101110001111010111000100110000001101110101000001111111000010101100110100110010011110011110011111010010111110101110111010110011000011110111111100011101100111010100010111010011101101010100110101010010010101100001100001111101000101001101110011011101101000100011011101101100100101101100010001101000111010000010011100101111011111000000000010110111000111001001110100011100011110011011011100110011111111001111111001100001111100011101 
11101001101010100100001110010011011000100100001000110011001110110111101010110101011000000111001100100110100000001000110110010100101001000111001010110110011001101010101111011101101110011000101010010001010111000101100001111011000001010101000110010100110010101100101110101000000100010001000011110011011010011101110110100111011001100010010110000111101011001000001000101101010101100000011001100101011110100110111010111110001101100010111100111000000110010100111101111111000101000111010000010000010110110011001001011111 
10101000110111010100110110000001001011111011110010001111010100101101010111011111101110111100001111000111010111111110101100100101000011011011101110101000010111000110111011111110111110111010100110111111011100100000010011000011100111001100000010100000010111011011100101010110111001011010111001100000110001111000100101101111110010101001000000010001101000101100110001100100110011101101010010110110010000101011011000010011101001011011100101110101110100010100001101100000010001011001101101001000111100000110111101011001 
11110010111110101011011101111110110100000100001010011101110011000101001100111111000100110001000101101110011000101101000000110110101111001101010101110000111000000101001101000110001000100010010010111000101110000110110000101001110101011101100101110000101110010110011001010011110011011000000011100010100110001111010001110010100000010010001011110110110100001101101100010010100111010101110000010111010111111010111010101001011100110101111011111011101110100110000011000011110011000101110110000111110100000110110110111101 
11001111010101000110011111001101100010011010010110110100101010000111100110110001110101001100101010000011011001010110101101101110101100001001110110010000110000000101001010011100011001010011101101100110111000100010001011010001001100111000001111110010011110100100110010010000110101101000010110111010000101100111100001100101110100011000011001011000001010000101101010000100010011011101010011010010010101100100101111110010001001111010100101101001101101111110110100110001111010000110100001101001111011010011010100000001 
01001110001001101010100000011010101001010000000011010000000100000011111001000001011000011010101011010001010010110101101010100110011101011011010010001111000100110010010010100100101111000010001010101001000001111001011110010111011010111100011110110010110011000111011010010000100101011100000010001011110110000010011110110001010101111100010110010010011111010010110110100000100100100000001111110110001000100001000000110000001000011010010110001010100101011001000001110101101011100111101100010110010010101010010101110111 
00110100110011100001111101100010001011001111011100110111111111111111110011110111001100100000000011100101001011011010011100101000100000000001001000010010001000000101011100100011110111100101111010110111110111000011110010001100011000100011100001101000011111001100001100111111111101010011110010001001010110001011000111101111111000110110010101010001000100010010101010001000000000000001011111000001110111011110000110111001000101010111011101101000100101001001011111011011010111111101110001111011101011010101111101101001 
10000000010100100001001100010010111100000101010101000110001111001111000001011010001101100010011000001000011001110101111101000111101011111011011100000101111010110010101001111010000001101101110110011001111111101110100011110000100000010110010111010001000001010000000010010101010000000101011001111010000101110011100011100010111011111110110111110001101111111000001010001010001000010111011001001111101011110000100111010100110110010001111110001110101001101101011100011000101010000001010100110110011110011100110000100111 
10010000101010011111001000110010010001110101101001101111111100111110011011000100001100100001011101111111011110100010110010110000010111100110001101111001101110110010111101100011000100001100111110001001001010011110111100001110010011000100110001001101110000111111001000101111011010010111101010010101111110001001111001111010001111000101100100011111010111011010010101111110101100000010111100100110001000011011010101001100011111000101011010011011010010100100001111001100000101111001001011011110100000101101000011110111 
01111010100101110101100110111111101100100000111101101010110001111000001011001100000110110001010111111100100110111011010000110001011011110100001000101111001001111000100111100010100111001110011010011000010111111100010110101101111001010111110011011101110111001011001001101100011011010001001000010001111010011100111010000001101001010011110111000110111001111010111101111111111100101011111110111101111110011001011010111101010100000111011110110111010000100110111001101111010110111001011110110111001010101100100011011111 
01000010011100001101000110100011010010110110110011010000000101101101010011011101001001100100001010000000101010101110000111100001000101011001110101100000011100100111010100011001111100101011001000001111100111001000100010110100010000111101100101001010000111100011011011001000111000110111000100001000011111001100101011000010011011100111001100100000100000000010100100111011101000101010101101000111101111000100011010000000000100001110011001010000100011001100111110011001001001000100100000101000101100101011000111010001 
10101010100001111100010011010101000001101100010111001111011100010111100111000001111011001101110111111011011011101100100111100001111110010100110110110010010111000010001111001110111011011110111111001001000111011101111100101111111111001111101100110100001111110011100111111110111110101111011000011101101010011011101100001100101111110010000011101110100011100000001001000010101101110010110000000101011100011011010010101110110101101101000100000010010100111101011001110110111111111001100101001101101100001001110100101011 
11010010101010101111011101110000011100110111011100011001000111101100000010011001001011110011001101100110110100000110100111101011001101011101010011001101011111101101100000000001001100000011001111010101111101100111110011100000011110101001111111100010010010010101010011010111010100100011100110000010110111110111111110010100101011111011000110111100100000101111001010001010100000000010111101001100110100111101001110111000001100101110110100010100001011111100101010010111000011101101010100110110011101100001100101000001 
10110100101110110101011110100101100010111011101100100110110110111000010110001100101110100001110010101110110111001110000101011101000010110001101101110000101001001101111110011111010000001111111101010110111111100010100001101000110111010000101001001110100010101010100101100111111110110011111101110001001011111001110101101110111110000110111001101101100100101001001010111111001111011111111010101011110111111100100000001111110110000110100100110011011010100100111010101011110000011111011010101011101110011100001010000101 
10101010111100100010111011000001011111111011110100010101111111100001011000010011001000101100100111000110001111111101001101100100000011111110100110001100101100000011111101100101101111111011001010001010111101110011000111010111001111011100101101001000111101010110100001001110011001110011111100100110110111111100001001101011010011000101111000101111011010100110110101001101011010110000111110100111011011101011111111010011101001011111000011110111110110110110001000111100110100111011100111001110101010000000110100000001 
11010010010100100101000001111010110010100100111110010011111111010010011011011011010110000110111100000111111001001110101110100001100100111100111001010110101111010111011111100001111111000111111011111111100010100111010111010111010100001101001011011001101100111111001111010110011111001101001111101010100000010011000000000111000110010110100010101101001110001111100101100100111000111010100000010000010111101011001100111001000010100110010101110111111111111100111110111101100110010110101000100011010111111011110001100011 
10000110011101001010101010110111010110100110101011011001110011101101101001110111000110111100100101101110111010101111100110011110111001111001110101010000000000001110100100010001111010100011110000110011101110011110100001101011000110001100110101100011011000110000000111110011001011111000110000101000101110000111111100011010110010110111010000100110110100111100101111001110001111110110100110000011010100101001111010100001011101101001110110111111110100110011111001010011100011000011100111100001010011011011110011111101 
10101010101000011010011001001111000101111100001101001001111110110101101100010110001001100101101111010111010001101000100010010100001111001000111000110011111011111111101010011010101011001010111011101101000011011100011100100111001001000111100111101100101100101110001011110110111010101110111110011100110111110000010001011101001100011110001011010110101011000100001110011010101001110110010110001001011011011111111110101011110110010111100000000000001101010100011001110110011101011100110111110000001000001101101110110001 
01111000010001010010011111100001001010110011010110101111111101111101001000011111001100101100100111000101001111011000001101000101000100110101100001101100111110001100111110110110110111100011101111110010111110000011010011011111110001011100101000100000001111001001100101011011111111110010010010000001000001011010000101101111111001011111111010001011110000001100101101000000010010001100000111100011110011101010011011110001101000111001010110101111010000001101111101010001110101111011101001111111111001010010010110111001 
00111101101101010110110011101101000011011001100011110111110011010100111111100110110011000101100110100111101110001000110111111000011101000100110011010011001001000101010010010101111101110110000000111110001000010011111000111111011001101001101100101010111100001111101101111011100011111100110100110111101110111000011110000111010111000011000000101110000000001100111101110101111110111010100110110010000100011101000000101001101101111010100010110001110100110011110111100101010001111011101010101100110001100011001111010001 
00010000110111111010110110011100110111101001111111011000110011000000010011001001000111110000110011011101001111110110011101101010100100011000111101001100100110001011000100100010010001100111010100110011100001011010011001100111101111100110110011110011110011110001000000011111011010101110111010001100100101100011100011110000100101011101001100111100010000110101110111001010100100010101000111001110111011000111000101011010110010011101010011000001111000001001001110100100110111111000001110000101110000100100100110000011 
01011001100000011011111111010111011011001000111001100001100001001101100101001011110011110110101110100010101100001110110111110010010111000111010111100010101011000101010010011111110010110101000110110111111011011011011100001000001000001000101111111001010101001111100101010100110001010100001011000011111101111100111101100011010101101111101011101110101110101001111100111111110111101101000110111100101010011001001010111101110011111110100010111010010000001011111111101111000101100001101010100101101101101111001000101001 
11110010011000001010000110011010011110100100011110001110001100001111001001111001000110110001001101011101010001110111000101001111110011011011001111101100101110111010101001101110000110001101101100001001100101001100100111100100100111110110010011010100110001110101010010000010011100001011101011000000010101100011000001111001000010011100011101010101110010100010010110101010010001000100001111001011111111101010111110000110001011001100111001001110001010001101001000010101100110100100010101011011000010110100110000101111 
11011111101111100000000010001111000001111110101001011111010011011000100000000100101110111011001111100110110111001111101101001001101101001101100101011000000101011110100100110001111110101111010111110110101000010011010001110010000110011101111010000000110101010100010011111011001010111000001111001100011101001100101000110000111011110110000100101000101110100001111011001001101101111111010111010010001010101011111000110100011111110101010000010111111110100111111110100101100111011011111001110001101011011111110011110111 
00000101011000101010001001000010111111011110011000011001111100100111110110110011101100000110001101101001111110100000110110011011110100101101001111010010001111010101010101001011111010101000011001100110111011111011101011110011111110010111010111100111011001011100110111111010100101000000100000100000111001100110001000111101001101100110010011101111001101111000000110111011010011011101101000010011111000101011010011110000000011110101000111010001101010111101100001010010111101011001001110110101011000001011001110100101 
11011001000110100001000000101001110010011100110011100000011011100011001011111011111010001010001000100001100111010101011111011011100100111011000111011011100011001110001101111000010001110010100000001001111101011001001011000110000000010001010100101010110011011111110001000110110010010111001111101101111111101000101110110001100101010010110010101101001100101100001001101001110110101010110010011100100001000011001000101110110100011010010111011110100010001111011011000101010010010110011110101101010000001101001110001011 
11101100101011000110101110100100101010010001111010001001100111100100111110100011010110100011110011100100100000100011010000000011110000011010101101001111001100110000000001100001001010110001110101110101111000000101101011110011000001001111010101110101010001010111010110010100000100110000010010010111001101010010101110100101010000111001100001011100101101111000010001101111011011101001000001101100101110010100010000010101010001101111111101101101101000101100100010001011111010010010001101110111011101010101110101011111 
01010010000101110111010111100101000110001000010110110110000000011100101100111110010100010000110001100110001011010111111010100001001111010101111000101000100010011000000110011111110010111001000011000110001000000111000110101010101000010100010100010110011000001111101111011011000001000100001000001100100111001000100000101001000100101100100010010111011001001011110101100111011100000000110100111011011110110110110100100001010010011111111001010010111000110000111110100100010001001101110011001100110101101101101101011111 
10111001000001000001001001100001101111100111110011100000101101111010000010001011001000110001001101100100000100100110011010101111000010101011101101011101111101000101001111100110101111111101101111110011110111011000001101110101010101111000100111010101010010101011100101000111000111111011011111011011110100100000011001101001101100001001010100101001010110111111111101011100111111100101110110101100010011101100100101111000111111000010111110101010110001010111001110111001111111100111101110000111110011001100110000000001 
11110101110011100111001111111111101001100110000111010001100100000010100000110001010110111110101000110000101001101010110100011110000011011110011000101111100101011010001101110011111001011111001001111011010111011111100001011000001010010010010000010010011111010000100110000100010110010011000110101110011101000000101110111000010100101110111011111100000001110010011010011100010101100011100101111001001100001111101010111011001001000100001100100111100111111110001000000011110000001011011100110011110010111010010000101101 
00110011011001010001110010000110010110011010100011111111110011000010101110100100011010010110111000100100111101100101101110011100110110101111000010000000011110010000111011001000110110110110010111011110101111010101010101111011100101011110110000000001111001010010100000111111101010101001011001000100111100101001111100011110011011010100001100101001110100111110111010100000101010010001000011000011010001101111100100110110010111110001011110110011111110000110110101001101101110010010111010011010101001011111000101111101 
