00100000101001110000101110110110111010001001100100001010101100001101111101000000110011101110010000001000011000101000110101000110111010110000000110111101011101001001001000000110010111101100010000110110110010011000001101000010100111000100000110000110101111010010000011001100000001111000011000100101010001101010011000000011011001110110110011101000000011010011010110000011100001010111110001000111100011001000010001110000000010001000010110011011000000100001011001000010100101011100000101011000011100110100101010110010 
00001111111000011110111010111111000011100011001111110100110010010100101111111111111111001011101111111001011111000101101001110100101011111110111000100111011110101000101011001001100110010100111110001111001010111101101101101101011101111110001011010110011000101001100111101111100011010101110110111111111110111000110001111000000100110011001011111101111000110111000011110110110000010010010011001011001111111010011110001100111110101111110111010100001000001101101011001101011110101101111010001100110110111000100000000000 
11010101101001100101001111011110111100101100100001100110111011110111011111010111110010010011101110110000111100000111110110011000010110110100001100100011110010110101011111001001111111100011100110101111110000110110011011001111011000111110000011010000110011100110000001100111101011010001001111011110100110111100100101101111001100000110111111011011111000111100111110110011101111011100000100000110001111000110101001111110101111010010111010010110011110111000101100101111110111010001001111101101100100001110011011100011 
10110010100100001101000011011100100101100000000111000000011100001101100010000110111111000000110101100111111010111001001001101001110000001111000000111001001111011100000101001000111010000001001010100011000011000100100001100000110001001000101010000000000011100100010010110001000011100101100110010100011110001110110100011101011000111010110001110000000000010100000110110000101111000001000010001110000100010101001110111001111101110000010011000100000101011000010000100110001111110101001011011111100110111100000010011010 
10111110101100100000000011111011001000001010100100110000100000000010010111111100101101010000111100110011000010110101111100000011000010111000011001001110000010100100001010100100110011110011101101101010101111110111100000001000000010011001100100111010010011100000000110011010010100100110110010111110110100000110001000110010100001101000100100100000010101010010000110001111001101011111101100010001100111100110001001100101000001110010010000000111000100000101010100011100100010100100110011011010110000011001110000000110 
01111001110000001000010001101011000111100001000110010010010100010101110100101110011100111010000110101000000100110111010110110100110110010100101100010111000000000111010101100000000001100101111010101011000100010110110011010100110011011010110110001111101000101000010111001000110110101001010100110000010010110011001000010000001001100011100100001010111010000010000011010110000111111110110100100101101000110010000110100110010000010001000101011001111110010010101000110110000101010001000011110111001011000110000000000110 
11011000100100000001110001110110101010111001100101010010111110101011110001110001101010110111010010010101011100110011011001011010111100101111001110010000110111110111000001100000010111011001111011000101100100101110110100101001111011110111100001111111111101100100110101001111111011010011100010110110101001100000101000110110000011100111010101100001111010011000000111111100101010000010000000011100011011011011110101111011110101011011100101100101110111010101001110111010110111101110111111110111001011111110110100101110 
00100011100001001100001110110111110101000100000110010000111011001100011010111001000010011010001010000000101010110000101010010100011100100101101110011000000011111000011000111111000000101010001101001000101011101001110100001100000000011101101010010100000000000010100001011000100110001010011110100001001010001101100000000001001111000101101100011001111011101111010000110010100011101110101011111001001101100101101100110110100111110001010101001000001110100101011000101000001100111100111101100100001111110010000110000011 
10011000100111100100000100000010001110011100100000101011000100100000001000110010100101110000011000001000111000011001100100000011010000100001000100010000111001000110000110110100111111100000100100100010111101001110010010010110100110101000111110100001100011011111110000101010011100111010101010001000101100100001000001000000110001101001111100000011000100101010011100011011000011101011111011110111110011000101100001100010100000010011101110101011101110110011010101100000101100110100011010111001001100100011000110100100 
01001011010111000011001110011110100010100111111010011010010010111101000010000111111011101110111101001111000101011001111010010010011100111011110110001111011011100111111001101111100110011011101111010011010001100101110101111110111110011011000111111001100110101111111010110011011110001001010110101001111110010000110011000111111000010010111010111100111010010100100000100100100001111110010010011010100111101100100100011110101110101111100100011111111001000111001111011000001111010111011100001001111001110000000110011111 
01011101010111111111111101100100110111001101101100000101011110111010110000000101010011100111000010111100011001001010100010111110100101001000111010111001000101010010100001001110011001001001010001000110001111000100011111101101100101001111111000101011111010111110010011100111111110111011110010010101001011100101110110001101110000010110111101110011011010011101101111111111010001000010000111101110000000011001110111011101111110010101111110110011111000111100010100100011101111011111101110111101101001101000000001101001 
01100111001010111111000001010010111001000010111111010111101111011001000101010110001011110100110000111011111000001011101000101010000111101001010111111111010110110110010111000111111011011000100100001110011001111110101101101101011100100100000011111110101001110011111111100011001101000100101000111110111001101101101001101111011011001000000110110111111111110000111010010010111101100100110001011000010011011001011111110111111101111111001100110001010100011100001001101111110111100100000000101010000110001000011110010101 
01111011001000010101110100001110000010010110101010001000101000100110100001100000111011101010111010010100011000101000100111100111100101000101010001001010110110100111000100011111100101000010000001000010101010100011000101110011101111001000000100110010000110111100100011101100100011001010001000101110111101001010010100101000110011001111111100000100100001000000100110001110111110011001101110101010110111001000010101011010000001100101010101000011101010100000011010001110101110101000010000011101010100001100010101111001 
00011111010110010101011011000001001110010000110100001101011111100100011111000100101101100111000101100001001001000101111001001101111001000001001000001111010111010011000110010111000011110100100000101110111000100010100100110000100111110011001000110100111011100011000000001111110111101101100000100101100001101100111001011000101010011100000000010110011011001100000000101011010100110000001100110011100011110010010000000111101001010001000011000100111010111000010011010001100100101010100001110010100100011000000001010101 
11011101100100010100101001111010000001110101011100101001011001010100110101110001010011101000111110000111111001000111010100010110100011010000010101111010100100100101011111110010101011110110011110111101111111100110111011001110001101111010101111011101110010111100010010101010010100010011110110110111110000111000011001101101001110001100111110111011100100111111110100100100111011101011111111101011110110110101111100110010001010011110110000011111111111110001010111100001001000010110011101001011101010010100000111110011 
01001111100000110110101111100111011110110100011011010011011111000111111001100100011010010111001000010010011101100011001010111000011111001000111100111100010000001101110100011010101001111111001101100001000001101100110111011000111111100010110111111011010100100101101010101110100110110010011111011100101010010011001010101010110010100110001111111010010111110011110000100110111010010110011011100001111001001000100110111011011111011010111000010100110011011001011011001100000100111011000001111110110010101111001111110111 
10010000010110111011110100010000010101000100101100011100100110011010100000101110111101100111110001010001010011001001101101101001110000001110100011010101000011011000100110110101110100000000100001101010001111011001100100110001100111010011010100110010001001011011111110110001010100111000001001111000111001001011000000000001110001111011000100101101001110000010001001001001000000000001010011010000001000110000000110001000010101100011001101111001100100010101101111111110010100100010110010011011110111001011100100011101 
11000101000101010011111110110111110010111110000101101111010100100011011000000101010101110000000000111101111010000111011100000101110111100010100000001001011101001100000101111111100010011000001111000000100000111010101011010001111000000100101010111101100000101000111000110000101111001100011110000101010001100001100100000111001000000011011011001110100001001111010100011101100101111111110101010000001110100001111110110001100010011000011110011001100111111001010010010001101100010010000010110100110000000000000111010011 
00001000100110111001011000011101001110111000000011110010000100100100011000010101110001001000110110101100010110100001011011111110000011011111111011110111011000111010011000110000011111010010011001000110001101110000100100100100111100110110100000011001110000000110100011010110110110010001100010000100100111011000001111010110001110110010001110110001101010011111101111000110111101000010010101111000001001101110101110111000110100010000000011010000010111011111010110000110101111001010110000010001011010111001111111101111 
00010010000011100000000010000101011101110100011000110110110010001101001000100101000011101010100011111100001111011101010010010010101011111110110100101001000010110100010101011011001010011110101111110111111011100111110011110011011111000110100110001011110000000010110110110111010100111111000101010101000011111011011101011000001110000101011111000100011010011100001011101111011111111000100001001110110100110110101010011010001110011101100010010100100001110101100100100011001010100111101010000110010001100101110000111011 
11010010000110110000010000010001010011000101110100001001000001110110000101001100001011010011111110000010011100101011011100101111100101000111011100100011011001001011001101010101110111001110001010000110001110100011111000111010011010110000110010101011000101110100110010111101001011001101111000101011100010101101100001011010111000010001101100100000111011101001110100001100101011010010000011000010001010100010011101000111111101101100100111101110011101011111000110111000110000101100010001111100000110000011011011111101 
11111101111110000011101011001011111001110001100110001100011101100111000001111111001101000111010000011110001001000001100001111001111010011101001111110110011111010110000101000101011010010011001110010010011000001011001100111010100100110101110111111100111010000111001111101011010101011001010010000101111111001010101100111100011001001000111100110111101000111100000101101111101001110110011110011110010000010101111110000111110011100011011000111111010100011111101001010110000111000110100110000000011111001101000001001111 
00011101011100001001011111000001100101011010010010100010110010100011100001100111011111000111110010110111010111111001110001010100110100100100100010001111011011010101111111100100101101001000001111011001101111010000001100110011101101011110011001100011001001000011001111010010001010100100101001001100101100010101101111001010010011001101010110101011011000001110000000001010110010110000011000011010111011101011101101101010110100111001011000111110101011000100111101001110100000010000101000010111101000111010100000100101 
11101111000100010111100011111100001110110010100110011010100001001011100101011000010000111101010111101000100010101010101111110000001110101110110001101000011101101011100010111110101010111011101011101111111100111011110100110000010011111100101001101111100110010100001000010010111101111001001111010110101110110101011000010001110101000011000110001011111100101111101111010010001001100110001111011101111111110001100111100011011111010100000100001010110111011110100101001000011010001010111011100011010011000011000101110001 
00101010101101101100010010011000011010101000001001010111101100011100001110110010100111110001011001110011010110111000111100100101100101100001110010001011011111011010101000111011100111101100110101110101101101110001100010101100001010011111001001100011110110101011111000001110110110110100001101011001100101101011010000001001100010110111000001111000110111000101111111001001001000011010111101000001111011111010110001101101111110111100101001100100001010111101001101111011111000000010011111100011000100110011111110010011 
10110011100010000111101001000100010010110001101010011110111000111010100110111110010100001011010101100000001111101110100001101010011110011101001001010101101110101001100100101110001000000010011001111110111010001010011100011110001000010010111101010110010011101110000100001111100100100001100011011011101010111010110010111111100100101100001001100110001001100111011111111011111101111110101000000011010100101101101101100010110100011100010001100100100001100110100000111111100010001010100100010011001111111010000100111111 
01010100001110010110101110110111101000001001100100011010010101100101011101000010010110111101110100100111101110000011000101000001010110010000000100001001000110000000001010000011110101001100100011010011010010110111011010000001100100100011111000100100100010101001100101100111100100011110000011000011100001101001000101101111100111010001100011111110000010100001000101011010010101010110111011110100110100010000100001101100001110100101010100011010100111011011100111000100111100101011100001000110001100110110111001100011 
11010101011101100011010001111011100110010110101101001001101010000111101110001011101010101110100111001111111010110101111111101111011110011110010101000011011001101111111110110000011011001011011111010101100001011111010000100111011110010101001100110010011100101011011011100100100110001111111100111001011001000111110101100111110011001000101001000011110010011010000110111111011011001100110110000111101000110111100011111011001000111101010010100000111011110010101110110101011001111001011000101110100100111010101000011111 
00110111100011001011010001011110110101101100011111000011001100110011110001111101011110100101011101100101000000111111110101010101110010000111101101001001000110010101011110101000110110101101011111110100110010100111111101001101100011100110110110111011001111000011101110101111000111000110101110010110001111101101000100110010110001000011111100000000011011101101011011000100111000101101111001001110000011000010001011111101100101110011110011010101111111111000101101101111110001011000001111010110010100110101001111111101 
00111111101110101000111010001101110010101011101000001100110110100101010111001010101100011101010001001010011011001111110110101000101100011110111010100000110010101010100111001000000110000000101101111010101101100100010100111100010010100001011001110011001101100110001100100111101010110110100001110011100001011001110010011111011110111010011001110110010000010011000111111100111000110100101100010111000000111011110110101101111100111110001001011111001011101100011100000100010001101110110001110011000010101001011111000111 
01101001100010110011011110101111111010100100010011001111001110010000110000011111110001101111101101011100110010101110011111000101111001001101010001101101011111001010000001000010001001111010011000000000011110110100010111001101011100011011110011011011111100111011101100110010010000100101111011100001011101111111111001101111000110100001010101101011101011101100101011101001111110110011111011110011001010010110011100011010011101111110010001000111010011010101100111000111100101011011001000010111111100000101000000110001 
01100111011101011000001000111110100101011111110101001010100110001000011100111000111110110001100100001011110111111001100011100100111110011100100111110101101011111000001100000101110110011011001011011011010110010010111111101101110111001111110011000001100111110001001011101010101000111101110111011011111001101011100100011100011101001001111011101101101010000001011001111011010011001101111001110000111101000010010101010110000011110010000101010101101011011111111110011001101110001101001011011001111100100111110001000111 
10001111000101111100000010000101100010001001011111110001110010000110111000101011110010100110100011001000100000011001001011100100101000010001010010100001011010100001101001110000001101110001101011111100000110110100111100111000011101001101011110011100111100111111001111101100110100100011111101011010110000010100100111010110001110011011001100010111111101010100101110110011100010001011011101000000010100000101000001101000011001111010111000010111000111101000010000000010011010010100000011000001000111101000101101100001 
01011101000100001001110100001011000100000111000001000000110011111100011000100010001000110000001010000000101000110101111101101101010000111011001011011001011111010001100111010001101110011011011101100000111111111011010100111001001011001011000101001000010001000001010011011101101000001010111010010100011001001001111001010110010000101100110100001111000010101110101101001011011110100011101011001000101000011000001011100110101101110110100010110101110110110010100010001001111001011110111101100001011111101101100110000101 
00111111010101011101010100001001101100010110001000101100001111010001000100111101001000011001101110110101000000101100000010110001000110001101011000000000100010101110110110111101101111000000100110111001011101110101110110111111011000011001101001011001011000110101111010001101111110011111111010111010111100010100100110111110100111101010110000010011111010100001011011010110010011100000001010010001100101111111100110101101010111100101001100100101110011001110110000011111001011010111010100100011100111110011110111100111 
01000001001011001011100100010110001000100010001010011000010001001001000001111010100011011010111001011101100010101011001011010001111110110101000101000010101010100101111100111100111110100110000010011011110100101001000111001110011100110000101100000000000101001101011001111100011010011001001100000110000110100100010011111000011110100100101100001010110111000111000110010000100010111001001111110100101101111111100011001000111010100100011000010111000111100110110010011000000110111001111100101011001011100111011001010011 
00111111110100011011111011010010001101100001101100011001111001100100011100111001111011111010011110001000011000101101001010111010111010011111100100011010101101110010101100001111001100011000001001110010100101011100101001100000011111110001000100001111000011110000001100111100010111011011111001001110001000011111101001111101000010011101101000001010000101001000011101101011111110010011111000001010011011111111000110101001010100011110101011010010001110100010000100101100001110011000011001100001101011010111111011001011 
11001001011111011100101010001100010001110010101110000100011001001000000100011001110000001100110001101101111000001000011011001011101100100011101110000001001011111110100110111110100100000101110010000110111011001011100010100011011101011100110001101010101110001010110001110101011101110001001011100111010101111110011110101111001010010100111111001011110110101011110110111010011100100000100110001010111100000000000110001001011000001100111001011101101011010000101111001010111110100001000111111010111001011010100111001111 
11100011001000000011110011010010110101111101110011011101110011111001010000110001100110011101100001011110010010111101011011101000011100101100111111001111100010110101101011000101101111010110001101111001111100100010000101000000111100111011111110111010101010100000011100100101111010010001000111100010100111111110110010001001000000001011101100101001100001110110001111000110111011110010100010100111110110010001111111101111110111010110111000001000001011001001111001011010111111011011110011100110111111101101001101100101 
00111001111110101101101011110100000000110000111001101111011110010110001111000011100011100111100101111001110101100100111101101010110001001110011011000000100100111000001000000110100010010110100100100011111001100100001100100000011001100100110110111010000010100011100101100111010110001111100101010100100101000111000000111110101001110000110000000110101101111000010100101011100000010111111011110101111011001100001110010001101001100010001110000101000111001000110100000101010001111000101001001001111011111010110111100101 
11100110000010110110111000000000101110100000111111101001101001101110111100101111010110011101100001011111110011111000001100110111011100010001111101000110110001111001000111100101010101000010010010010000010111100010100101110101000110001000011011100100011000000110011100000110100000010111101011101101100101100000010111011001010101111110100110000100001010100101101001100100000011001011110001001010010101000110100001111000010000011011011000010110001111101001001111110010000111000001001001111110010100001100011100001011 
11101111110101001000001110100110001000011101010110110110001011001100110000110110111001110001101011000001001101001010110001010000101011000100000010010100101010010110001010111011100000100100011011110011111110100100001111101001101010001000110110111101000011111011100010011000001010111000010111110110000001011000011110011101010100111101000100100010001111111001111000010001000101110000101010101000000111010100011110010100100111001011111101010011010110000001011000101111101110010000110000010000101111111100110101100001 
10000101110011111100001000111001100000100110011100101110110101101000101011111110011011000001011110110111001001000011100010011101110011011111101100010000101100111111011000001011010001111101010011001110010001101110010010001110001011011001100011100101010110110000101110101011000001001010010100101110001000000010011000000101110100111110010011000011011110001011000101001001101100110100110110000100011110100011000011111101001110001011000111110111111110011111000000111101100100101000000111001001000011010010101011111101 
00110000011110111111001100011011001000111100001111100001101100110110011110001000111001011011000111010010111100111100011001010111111101010011100010111001111110101001101110111000000110001010000100111110101011110001100110101001001111001110001101101111100101011011001000011101001010100011010000100100001111011010110011011111001000101010110010001101111010111001000111011010001101011111110110001000100100010110000010100000010000011001001110100110011101000101000111111110110010001010000010111111101010010100100001111001 
10101001010110011010100100000110110000100100010011111111111111011110000010011101011011001010111110101000000110000001110110001110111111110011010100101001001001111101001111111011001100100000101001000110010110011001001110011000100000011101100001010001111011001001011000110110011100001010001000111101010000111000111111110000010001111101011101010100110110101100001001110111111110101110110100111110111110110011101001110011001110101100010001111000101000001001111111001110000110001111010100010000010111010000101011111011 
11101011100001011101100100001110100001111111000011111110100100000011101100100000000111000000001110101101000101101011101100111100101101100011111000010001001010011000100101010100000000000011111010011100000110101011001000001101000111011010011010001011010011011110100100000110011110111011000010110000001011011100001001111101111010000011000001011110100111011011111000011001000111001101100000010110011101011000101010100010001001001111011100000100011000101101110010110111001010110001111011011100100000101010010010000101 
01101111100001111011010001000000111111001100001000001000000001100010100011010111010011100100010101100111010011001010000110101101101000011010010101110110000000011011101011101010001100111100101000000101000011000101101010110111001110000111001110010100001111111111101111110100001111100000001000111110001000101111111111100000001100011011110101110011100110111100001100111101110100010010101010100101000101100010110100100011000011001000111101001010110111111010011000111110101101110101111010001011110100010100000010110101 
10011011011111001000010011010100000011111111101101110110101110010110001111011010111011101110010011010000111100011000110001000100100001010010111011011010010111110100011000111001001111100100111000100111011001100000010010100011100101010111101111011000100101101000110000111001100001100101010100100010010001001101110000011101110111111000111010001010111001001110100001100101110111000010000101000111110100000000111000000110110000110101111100001001001010111101100010000100111110100101101100100101011100010100011011011001 
00011010011100011010101110110010101001000111010110100011000100000001000100001101100110000011011110011011111010101101010110011101010101011110011101011101101001000101100100000111111011110010001010011011101001101001111101100110001010100101000000101100001110110100000101000100101100111100011011000101000001101011111110101101001100101001011011111111001110001001101110001000011011011110111011010000110001111000111010111101110111011000010111010111101101111000001101101111101101011100100111110001011001100111010101001001 
01100010101001111110100110101111110100100101000111110001111010001101100001101111011010011011011111110110110011101001000111100110001000001010001110111000010000101011110101110000100110011010001101110000100111110101011010011111110001001001111100010010001110101110111100101110100110001011101111001010111110001010101110010001111001000001111100100101111100110010101110001010111110000111110011010000001000011101111101110010110100101111111110110011000001101001101110101110010011010001111010001011110011100011001110101011 
01011110111110010010010011010010010110001001010001010101101010000101000001100001101110101011011001000011101111101101111111100100011000000101001000011101111101010111001101101010110110010101011000110000101001100011100011101001001111111111100100011111111100001110011001011100100001001001101111100001111100100011101010111100100110110001010011111101101101101100111110111110101000100110111000010100101011111011010111000001001010100111101110110001000011100011000001111110110110101001111011101011011111011110111100001001 
10111100111101110011111011101000100101001001110001010110011001001101101111001111101011001111011000110110001110111001011111011100110101000110011010101011111110101011110101101101111111111000011010000111001111011111001111000101111001000011100001101010110000100011001000110101011000110010001100110111001011111101111010110100101010010100000000000110001111001011001100101010010011100011110011100110101100011110111101001010101010000000011111111011000010111011001001110111101000011011011111111010101110100000100001000011 
10011000000110000010001101111101100100000101101000001101000111101010010010100000001110100011000100010011111000110000011100010110110101111100001011001111000010010011110101001111110001000111110110011110001110000111001111000001001101000010001101010110011001000110101101000001111001010000001110001011100110000011001001101010001111110111000001010000001110111000000101111100111101010000000010011001001000001111111110000101000001010110010010000010100101100101110001100010101011100101100001111100011110101001000100000111 
00010100111001100100100010011101000110000000111101000000000110100101011111011001111010000001100011101011001111000001000000010101000100100000111011100101110111001010101110010010010100100111001000100001010011011001011101101100111101111001001001000110001111100000001010100000000100101110110101101010000110001111010110011010000111100110000001111101100000000010110000101000110100011001001110001100111011010110111100101000010101001101111111100111111010000010001101011011000111001001010011000100100001011001010000111011 
01000110010111010100110110101100010110100100010011111011011110011101000110110100000111100101111010010110001111111000011001111001001011000111100101101100110101001000111001110000110001110101011100001010000011100100010100111110011101111101100001010101101001001100111101110100011001101000111111010101111111110001100100100010100010110011101101100101000000011000011011100101001011111101011010111011111110010001110001101011011001010000010010100010011101110111111111110111101000010010011110111111101000010000110110100011 
10101111011011000111010001011110110000011011010010000000110110111010011100001100000001001100110010001000010111011010111010110111000011110100100001000001010100111001000100001100011011001100011011000110110110101010010011100000001110001110110101100101010010001110001010000110111011000101010100110100111001000100110001011001101110110100100011101000001101001110110011010001100101010000100101111001010111110010000010011100000011010000000001001100111010010110100000001011110101011011100101000101011100111000010101000001 
11100110110000101101111110001110111100000111110101111101011111001101011010001000110000110010011000110100100001111110111011110100110110010110000000111000011100010111101010111111010111110101100101001001101111111001101111110100011111100111110011000010101010011111110011000011111011100101101000111100011001001111000011110000100111111010000111111110011010000011000001001111111000100110100010101000000000111100100001111110000010010110011010101111010100010110100011110101111000001110100101100001101011100000010001000001 
01110100100100100110100100101010101101010001110011011011000111011100110000001001010100000101011110001011101001100001101010001111000011000001000011100110110110001110000111111011110010000000000011000001010100111000101001110101010001010011010110000111110000000011001011100010110111001000001100111011001110110110101101111010000000010011111101101101001110111000010100011011001100101101101010011101001110101001000000011100001000100110100111010100110001100101010011110011000011010100110100011010110000011001010100000001 
00011000110001000100001000001111010101000001011011110011011100011111100001111111001100000011101101100101110110000100010010101001111100011010110100101101011101111000011111010110100100110101110101001001101000010100011010000000011001010111100100101100101000111001100010011000101101001011000100011110001001010110101100010010101000100101110101010010000100100001010111000101000111011011001001000100001100000101011111001100101100110001100001011100110110010000111100010101110000111101100101010000100110000011011111000001 
01000011101111100001000100110111101110011101001100101011100100010000110000110010010100111010100011010101110111010110000000101010001010001101101101110100100000110110000001010001000100000011101111010010010101111101100001000100100011001010000010111011001100010110111111001100100111001010011000000000110100000100001001010111100011011011110101101101110001010111110100101001101111110010001100101001110011111000010110110111110001010110101111010010110101010011111100010011010110101100100100000101011000000010001110101101 
10010100110010001111111110001111101110111000100001011000010000101000110110110001110111000001110110001010011000110111110001111010110010101111011001111000100100011101001000011110001100001111100011100100111110001111101001001111111100000110001101110000111011001110100101001101101010011010111010100001111010101000111101111011011000100011100111011000101011100101111100001101110000000101011111010000111101110111101001010011101110100010000001011111010001100001100111011011011111000100110101111011101001100011101100010111 
01101100010110100110000101000001100111001111011010101111101001111010001110101111001000100111101010110011000001110101111001001010000001100001001101110110011011110010010010110101100111010001111001011110100000011110111110111111101000100101110010100000110111100001111110011111000100101101110001010001111001011001001000110100111100111010100111001000101101101001000110000100100101110000010100001111101110110000001101110110001101111110101010111001111101001111000000111001000111000110000100100011101101111011001011110111 
00100011001111000001101010100101000000001111010001100010011110100100100011000111011001101011001000111000100101001000111100111100110100010111101001011001011110110010000011000010100001001111110010110011100110000110101100011001000101110111101101101101000101001101010110010101101010000000010100101000001011101110011110000011101110110100101000010000011001000010110011110111000100101000100001110111000101000101110101001100100101001010011001011110111011101100100000110110001011010110000101010110010011011001111011001011 
01001010110011111001011000000001110011110101101110100111100101101001010011101110111100010011110001011110000111100111000001110010010011101010100111100111011100000110101111101001011000110010010110010001110001011001100001110111110001101101010010110001011101001101100001101110100100010111010000010101001010000011000011101100000010100000011111000000001000001001111011100111100010011111000101111111111001100000011100000010100111111011010001101110100111010111010111100000000000100010000000100110011000000101010110101101 
10100010011110100001100001110010011111101100110111101001110001100100011001100011110111001111111100011101110000110001000000101000100101000111111000010101010100011011000011001011001101011101010001000111000010100011001010000110101010111101000101011110011110100110100010111001010100011110011100001110101000111010000100110001011100000101010011100001010011111011010001111100100001011010010111110010001100111111101111000011011001011101001010000111011010010011111011001100110000010011111000101010000001110011101111110111 
10100101011011110011100101111111110001001110100101110111010111010111100000000111111001011100101100011100100000111011010111000111011011001000111000101100101001110001110111000000101111110000011100111010001001000111101000010010000000101011101000101100111110101011110000110001100011100100110000111100111110110111000100011011101101001111111000011110001010100001101000000000101100011001000110111011000101000110111010111011110001101101101000010010001011001101101011010000101100001000001100000010101000110101111101000001 
10100011110011011010111010111010110010100000100011111010101010100100101011110100111001111110001110101100010110110101001101101001100000001100100000101100101000010000111110001110100010010011001000111101111010010110000110110110111000010110110000001010110000010101011110100100010110010111111110011100011000000100111101110110110100001101100010001110011000001111111010001111110010100010001011100110000001000111100100000101110011001111011110011100010111100101110010100010111111000100001101000011101101001111111100010011 
01001110011100101000100101000100100000111100001101111111110111100111000110010001111001111111111011101101011011111111110011100011000101110010100011111000111001010000110011011111101100100110011000001011010100000010011001101000000110100110101101001010001001010111111111110100101000000111111010100011101011110111110000101100111101101000101110011111000110101110100010100000011100111111011101000001000100010111110010111100001000100001001001111100011000011111111010001110001100101100000101010010111100011100000000011101 
01100001001101000000000001001011110110110011001001111001001001111011011101010010011001101111001000011000011101011011011001110000101000101001100110100110011010111100011111011001110100001000001001000000000010011110000101011110100101011111111001010111110011010000110010110001000101010010100100111010101000110101100001011000100011001011101100010000111001100000000000101111010101110001010111100001100110000010010001110011011101111101010110000000110110000001010011011100010011000001101010001110000110001001111110110111 
11111011111001001010101100101111101010011100001010111111110011001001110110011101100100001001111001010100101000001001000011111100001110101100101011011100100010100101101100011111011110111111111111101101111000101110100000110101100010101011001101000011101100100111110011110001110100100000000110011110111100011000001111000101111111100111111111001100010110111100100011100011010010101100100100101111101101000101100010100111011001100011000011100001110010110001111000000111001011110110011101100010111000111111111100110001 
00101110111111000001101100111110000100111011011001100100111010100101011101101111110010001001100001111101110000010100110010011010010010110011000011011000000000110100010000001011001110101001101011011011010011011000000010001101000101011111111010010000010010000111001101000000011110101011000010010000001101010101011110101101000011010110010010111100000101010110001000111000000110001101111000111000110100011100110010011100010111100011101000111001110010001000011101000010100010110001000100000010111001011001100101001011 
00110110001100101010110010110100011000001111100111100101000011000000000010000001000011010111110011110111101100110000110101001101101011101001011100101000100111110001011101011011111011011010010100000001000010000001101010111010100000101100001111011111111110100111111011110011011001010001000011001100001101011111110011010011111110011100111110110100000001011101101100111001111001110011001010001100011010111001001111110001111111100110011011101111100010011000011100110000000111100101111100000010111110111001010011011101 
11000100110111010000101011101101011101110101111111111010111010011100011011010111000110011111010011111100100001100111001110011101101011111011101101111110000101010111111110101010110111101110010110000101000101010100001010011100001000111010001100000110010001001010011001010011111100110101110001111000111000011100101011010111101101000000110100001000111001100111101110100100001001010110010110010100011010110100111000100110100010011111100010101011010101111111100101110011110001010111101110010100001100100001111010001111 
00001001111001100010011010000100010000110111110001001110001011010101000000011011010110010100111100011101000001100111000000000000000000101010001101011011100010001010000001000111001111100101101101010110010011001110100000011011110100110000111001010001001010010100010111100010100111010101100010000110110100100101101011110000010011110010011001001110100111001110111101111101100100110000000001110010101011001000000110001101100001000110100111011101100101101011100110000000010100000111100111000101001101100010011111001111 
01010011100001111001111111101100000110101010101001100001111101110000111111011000111010111000101111000101110110010110010100101100001001111010000010000000100100000011110000010111100001100101111101011111010011000101110010100011001000010010101100010010100101011000111101110100100000101111000100100011100010110000010001001001100011110001110011011100100010111011001010101010010010001011000000110001100101011010100000111000001100011001100111101000010010000100000110000001101000010010010011011111101000111001011110001111 
11001001000111001000111101100001111001011111100111011010010000110001110010100111000100111110011010110000111000110100100111101000110001011011000100111010001010000101010011101111001101100100111111101101001001100011010001101110101011010110101111010010111110001100110001010011110010010001011111101101111001111011101111111111010000111100110111000010011101110100001111010011101011010110101100000011100100111011010000101011101000110011110011010100010011011101010111000110011101100110011110011010010110000010101010011001 
11001000011000000110011001110001011101110001101010011011110010000000110111000010011101000110111001011010001101100001001101000111011110000101101010110001011001111011111000110000010101111010000010110011101101101111101101010011101100000001110101111101110100110111010000001111100011011100011000101100011000000110000100110100010000110000011001100111111101100001000101100100111001000010100101010011000001000111100001001010101000100100110101110101011101110011110010111000010111001000111111111001000110101100011000110101 
01011010001101011100101101101011111100001000110100011001101100010000011110100111101100001011011010010010111100011010011011100111101101110001011010111100001101110111111100110110001001011010011010111101001100010101100100101110001011010101000110000010011111111011101110111100010000001110001001001001001101101010110100001111111000001101001110110001011000101101010011110010001110100110101100001101010010011011000100010110011111010000010111000011111110010100011001001101100011011010011000110011100100111111000011110101 
10100000110111011010100110011111110110110100101111110001110001011001010010101000101010101001111010001001001110110100011000000011101101111100001001010010001110100100011111011101011010011110010000111100101110011001110101100000111001100000010101111010110001001011110110100111011010011111010111010010010011000100000001101111111110010001001010000010110011001001110101001010100000110111010110011111100011011111110010111110110110110110110100110001000110001100000111100011001111111010000111111000000011101110111101001001 
10000101100100100011001110001101001110001110010000101100000000010100010010000011011001100001110111001101000101001000111110010101100111000000100010010111100000101011111100011010101001100110001110101011001011011001110111010111001000101001101110000010110110011011010000010011000100101100111101001001100100011100111011100011011101101000100111011001000100101111111000011001000110110001110111110110101101000000110001111101001010100101010001001001000000101110100101010110100000000001101000011101100011000010001001010001 
01000000110111110101110010111111000010011001101111001110110111011010111000000111111001101000100001100100000101011010011000000111011101100011100010000110110110101100011000011001010110000000110100101010110100001010000010111000110111110110101110010001110101011010110111111011010011100001100000000001110111110000000001100100110001011010010100100000001011110110010111011111101110000001000101001011010100001011100111100010011010110111100110101100001000001101111000110100000011000101001001001000100001011100010000111011 
00011100111100010000110101101010111011100101111001110101100011110110010000000111011101011101110011011111100001001101001010010000100100110110010110111001011101111001111100100110110110110010101001111010100000101001001000010110100111100111000001110111110101000100110010000011001001001001101101110010101001101010111001111000101000110111010001110101010010110101001001111000100100010111010101111010110110111011101011000001111011101000001000010101011100010110110010011110010111110100101110001011111011010100110011110111 
01111111000101111110000110101110110110010101000101000001101110100111011001111100000011100100100101110110101100001001111001010000000101110110101001000100110101111101001111000100000010010111111111010000011001100001011011001001010011011000111100001010011100101100110010001001110100010101011000110000110110100110000000111011101001110100111101010111011010000111001011101010010101100110101010100011001001000010010110111000000111011101110111111101100101110100100000101011000111100001000110100100011101110011111010001111 
01010111000111010101101101000111010000100011010110110000101101100001000100000110010000001010011111100110100010000000000000011000100110010011001110010000101011100101110111001100111001010101100001001011001010000100011100000010100101000000111010100110011111000101001111100011101000001111111101100100111100010010101110010100011111101100011111110011001100101001101010100100111101101100110101011100010100110000000110000000110000101010110110111001111111000111110011110101110001011100100010010100010011011100001000001001 
01001100110001110100001001010000111110011101110110000101001111100001011011110111101011010011110011010011110101000111110000101011110111011000000000000000010010000101101011001010010011111010110100001010110110000010111000110010010111011101000111010001101101011000101010110000010011011011101000101010000001101111110001001101100001100010111110100011000010000101011101101101001110000010111110001000100110110111101000011010010111110100101101000010111011100000111110110011011111001010010111111101100011111111100101111001 
01100001100111110101101001101101010101110101110110111010001101110101011001110001001110000000001000010100100101111000111100101001111100011000101000011011011100011101110101011011011010111111100110101110011111000010111101010110010100101101000111000000100101000010100001101001000000000011001111111010000011000100011111101110001010000111111111001100111011111101101010110010001000101010000100101101110110110101001011001000011101011101011101100000011110110000100110011000111010011001000110001001110100111100111001011111 
10111111011111111101111000010100111000011010101101111000110001111001010000011011100101111010000010101111100110011111100001001110101000110110000010010001100101110010011101100100110011011010010010111111111011110111111111110110110100100100100000010000101001011111010110001001010111111100010001000111000001001001101100000100011101111101110001001111101000001111001111011001011101100001100110011000100111101101011011010100011100010101100001100010001111001100100000101011001010111100010111010000000000001101100100011011 
01000000110110100100111000110010100011000001110111100011100110001111001101001100010111000110010110000010110101010000000101001111001010110010010110111111000001101010111001110010100110111110111011111011010011101100001011101010110110110110110011101001101111101100001010010110000010001000000101101101000001001011101101001001010011011101011111101000101001011011000001100001100001111101010011111110010000000000011010011000100001011001010101010011101000110001100001101100001100101011101011110000010110001110010001000001 
00000111010110111111111011110010011101011111101111101111001111110011011001001100100110001001000001110001100110100110110000110000010011001011001010111101110010101111100000111001111000001001000011101111101000001111000011010100101010111101000111000111000001101001101011000110100110111010101011001001010101011111001110110111101001000100000010011111101011100000110101111110100110111010101111101101101100001100110101010110111101001000110010000111001110111001001010100101000010000010111100011000011110100001001110100001 
11000110100101011100111010110110001011101011000001011000010110111000100001100101010010110010111110111001001110001000001000000000100011110111101000000001000100010111110101101001010010111100001111111110001010101011111111011011100001011110010000001101110101110101100100001001111000011001100010010111101100110101001111011100101101010111010001101100001000100010101001110000110111111010000101110001010100000101110101001110011110000010000101010001110111001011110001101001010100010111110100101001000101001111010110011011 
10110110110100010000101011100111010111011000110011101111100010110100110111100100010100011011001110000010010110011100101001001000000001101010011000101101100101111010000101000111001111011101000111000100010011010100100000100000110011001011010101100101101110010001101110010001110100101000100100011011101000110110011100010110100011011000000000111011011110100010111001100111110001010000101001011111010111101000011001101010100111011100101110101001111101011001011101111111111001100110100011110100110010011001100010101111 
01011000111111001111011000110001000010010110000000101011001011101100011000111001011111111001101100110100111110100010001000011010010101011111011101101110010100000100100111111011100010001010001010100111011000011010000001011111100011010000100011101010010011000000110000011011101010100110000000000101100011000011000001101001111000110010110111110001000010101011001001111100010011010000100001011101111011111010000101100110111100001111100110101100111000011010110010111011010101101011101000110010011111100110011010111111 
10101000010100111110011110000000011110111000011001111010110101110110110000111110111110011000000100101111101011001000101010111100000010100110000011000111001000101110100011111111110110100111000010101100101000010110011001000111001111001010101000110010000001000111000100010101110011010110100010100011010000110001001000110100000001100001101001011010001110000110011111111010001001100100100101001010110100001110110001001100110001000101110101110011111111100100000011001011101100010101101011111111100110000110010100100111 
11111100001101011101100101001000101111110100010110110001010100101110011010100011101110100111000010111100101001101100111001011111111111000110000001101101111011111001110000001001010000011010100001011101101100111001000011010110001101001010000100001110010000101111111001010101111000100001010100000001111001111011100100001010101000000010100001010001000000111010000011011001001010001111111010001101001100100011110101110000010101110101001010011100010011010101111000010101000010111101010000001111000100111101000100100111 
01100001010010011110011011100001111000111010110001110011010001000111101101010000010000010011100101110101000101000000111010111001101101010110000001101111111110111111111001101001000100011110010001001010000010110011100001101101110010010010011000010100111100100000010111100011100101100001100001110111000000011011011011101110000110010110000111100100110000110101100011101101001101010000100101001100010110101010101010010100100001101100111000010110010000001100101010000101010000100011111111010101110111011101011011100011 
10101010100101010010010110101100010001101101010011010001011001000001100001101101010100100000010100100000100110101010000001000000000010001101101010011110100000010011000010001011101100010111110100111011000010101001010111110000101010001110100101001100101001110000111100001111001101110000010010010010001100011000001110011000110100010111000000001101111001100110111001111011100100000001001010010110010101001011011111011000110111001010101011111011011010010000011001011011101100100110101110010101011010010101000101110011 
01000000100101101100100010101011101011001100110100000110000010100000101011010011001000110001001100100101101000101100100111100001111100100111000110110100101111000010101010101011111000000010101100000000000000110101011110001000010001010101001111001010111101011001110111010000001000001011101011101101001010110111001110100100111000000001001110110010010111010001001011011010000010011111110010100010011001000111101011100001111100001101111011001011110001111100101101110011000000000110111000010001101111110100010111111111 
01011011001000101100100111100110101100000011100010010000111011100000101110101011111000101011111111001110011000110001101011010100100001110111111110110111110011111101100011111001100100010111010101101100010101110001011101000011100011111111110101000110111100100110000111111000010101011010001000000101101111100010111100000111001000010010000000011010101111110111111110000101110000110100010011001010111110001011101001100011000101101111110110101100110011110000000110011010001101101111010000010011100010110011110011100111 
10000100111001001100000101000101101011100010110000011011011111110110100101010111100100101010111001101110001001010100100101101001100110101111011101101001000001010100010101101100111111001100101000010100001110100111111011010100101011110111001111011011011110001010100110101110110111101100111101110010111100011011111010111001000001101010111101111000001110110010001000010101010111111010001011101000010101100000001011110000001001110001011111010110010011110011100011111100100101011101011011100010110100001111000010111111 
00010010100100010110001000101000001001000001010100000010001110101010100101011100011111101110000100101001011000111101101011001100010011100010111100100101010101111101110000110111100100000001101001011011010111111101001001001011010010010110001010100001100001110100001111011100010010001100100011110001001100110111100110101001110111010110100100110000110101001110111100101111010110000000001010001100101110101101010111111111111000100010111001011001101110110000011010110001001010001111111111011011010111001100111111100101 
