00100001001000011101011011111100100000010100101110010111110011001100011000000001101010000000000101001000011100101011100000011111101001110000101010010000100011101100001101001010010100000101000011100010010001110000101000000000101010010110001010110001011001001101001010001010000100100010010011000101110110101100001101110000101001011000000011010101011010010000000011110011101001100011110101100101000010011001000010110010000010010100000000100110101101011100110000010110000011101110110010001001001000100001100001010001 
00011000010010110111101011111101010111101011101101111011100011001111010100001111100111110111110110100110101000000111101001111101110110110100100101000000111110001111111111101100101010101100100001011010100011000011101111100111101100110000111111111011001100000010110111011110111001111001100111000110111000000010010011001111010100011011001110110111110011001100101111111011101111101011011111010000001101111101000110010011000010010111010101110111101011110001101101111100101110110011101101011001111110101111011100011111 
00010010100010110110101011011100010101101100111001111001001111100111110000000001100011001101111000100100111101110100101001111111110111111001100011001001011110001111010111101100101011110110110001010000100010110010111101001011101101110101111111111010011101000011111111111010001001011001111111000110111000011110110011001111100100000001000110100111110100111011100100101001001011101011011110010000001111101101000001111001011010011110001001100011111011010011111011111111101110110111101100111111011111101011011110111111 
00000111110010000010011001110000100000001000010010001000101010100100011011000001100101001001011001011001010000100101010011111011100010100101010000100110100010011001001100001101001001010111010010000000000010011001000011010101000000100101011111000011000110001101011010100010110001011011101001001100100101010000100110001000001010010010110000000001010010110000000010100011000111010100011101001010111110110110001001111001000011100100000000101011101010001100001011000000100110101011111010001000000010111110010011111001 
01110111110000000101001000110000110000101011110110001001101011000101101001000101001010100111011000100001000010101011101110010101100110011000000001000011001011011110010000101001000110111111000001000101001100001111100010101101101111001001010101000010110101111000011010100100111110010000000000000001011100000011100100001001111000101111000110010111111000010001001000100010010000000110111000101000001000100000110011010000000000110000010000110011111000000100100001001110001000000010001110000100001110100110000101001101 
10001101100110111111010111111100101101111011010111101110011100001101010111111001110111101000101110111110000101001011100100000010100001001101101010010101110000111111100100011000001011000010000011100000110100111101101100011101100100010111011011010011111001000101100111110100011111111110001011100110011110011011101101110111100110011110111110010101111001100011011111010011000110010011111001001110111001000101111110100010110010111111100111111011100000001011111111111111001001011111100010111111101101001101001000100101 
00111000111100011101001001101111010111101100011101101101100100101000011000110111110011110111010111011111010000001101100000011011011100010101000101100110001111001100101001110101110110100111001010011011010011011000011000110000111000001001010101111000001111000001100000010101000111101101001111101011100011101111101010110010101101100110010101100010110000111111010110110001000001011110010010110010010001011010101111001100101010110101001111100100001111101111010110001001001010001111111111101110111001110111011100000011 
10100000100111000011001100110101111010001101111100011011101101010101101011011010000001101111100000110010011010011010101000110011101011110111101011011101110010010110101010010101101111111000010110110011101111000010011111110011110111100001000110111100100011100011110011110000010011001011110100011100101110110001100000010101101011110110000010110011001100011100110001001101011100110011101110001100101100111111100110000011111111100010101100011010111010011110011011111110011111010110110111100100110101110001011110110001 
00100001100000000101011011010100110111010110011110011111011010001100111000001101000011010000001011001100111001011111110000011100100000100000001011000010100011101111101100000110010110010100000010110010010001011001100000000001100011010111000100000011010011111000000110111000011010001110010011101001100110000101001110111100010000111000001001010101010110111100001001010011101001000000000101100101000110010011001010010001010011001010000000111110111101011100111000110110110111101111110011011001100010101101000101010011 
01010101110100100111011111100000010111101001110111100011111111010110110110010001010110111100011111011010011010111010001010111101111110011011000000110110001000000000100101011100000110101001110101011110111011111000110001110001001000001110101101110001101110010110011111110101011101010110100110110100000001000101100001101000110110100110000000001111100100111001111011111100011100110101100011110110010111001001010011101111011101001010000100110101010101111001001010110001101010011000001111111001100100110010111101011011 
01000100000100100100000110100011001011101001001110101101101100110110010111001101000001011001100110010000000100000100011000000001010001101001101100100011000101111101001101100110001111111011000000100010110000001010001100101101011010100101100001011011011000110100100000000100001101010110111000011100101000001101100100000011001000001110100010000011100101001101101111110110011011101101010100010001000101100001111110000101101010101111010111011001101010001011011001010100000011101000110110011111011000100111111001010111 
01101111101101110011011111101000010111100110101101001001000001010001011001101011101110101001000111001110110110111001010011110100011101111011110001000111100001000011101100101100101000000101110011110110011111100001011110110101100011110001111111011101001110110110111011110110111011010110011111110000111111011000010001101101101101001011001010001111011110011010110111000110110111000111111100101011101101000010011000101011111011101101111100101010100001110000011010011111011101000101000100000101001110110100000100101001 
10111010111111000001001100010110011101110010101010110101001011010010010100101011110100111010001101110011101111001010101001101101011100101101011111110101000011101001111111001110000000100010110110000001000010111111101110101110111011100101111111001110111111001001110110111010111100010010111110010111010101001111010110001001011111001110010010001110001101001000101000100001010110110010110110100001111111111000111001010001100010110011001110000101011000001010111110110111010101110011001001110110001010111001101000111001 
10001100010111001110000101011011001101100110111000110100010100001110101101101001100110110100010001111110010000101010110011000111110111100110000101000011101000101000010010010011001110100011001110000100101010001111111111010000011011001110101011010001000010001100000110011100000011011100101011001100110001001010111100000001100010001000101001010101010101111000101110110010110001011001000001100001111011000000101011011111011100011010010100100101010100010110011000010101011001101011111000000001001101001000000011110101 
00100101010100001101000100010100010000001011110000101100101100000101000101000101000010000111111000000100000100110010011010010100001101010000110001000011101110001100110001100000100110110101011001100011001110001111100000100110100111001001110111000100100101011000010010000100111111110000100000100011111100010010101101011101111000101111010001010011110001000010101001000010011010000110000000111010000000111010000100010100000001110001000011100101111010000001101101100001001000000010111010000000001010110110101011001111 
00110110111000110101100100101111000000000000100101001010000011011100010000011101100001001000111010110110000010011111100110011001101000111001001011110001011010010010010000011100100110010100000001100100100011010110010110101001101001100000111101011100100111100011011001110001110000001101011100000101110100100010100000111110000010111111010000100101010100011010001000000001001011000000010000110110100000010101000110010001000011001111110001110011111000100100111100011100001010010110010111000000001000100010100101010111 
01100011111111011111011111101000010111100110101101001001000001010001011111001011101110101001000110001110110111110011010011100100011100110011011001100111100001000011001100001001101000000101110010010110011111101011011110110101100011110001100111011111001110110111011111010111101111110010111111110000111110011000010001111101101101001010011110001111011110111000110111000110110111001111111100101001101101001110111000111011111010100101111100101010101001110001001000011110001101011101000100000101001111110101000001101101 
00000100001001101101011011010100010111010101100110011010011110100000110100100000110011011000100001000110110010111001110110011101000000110001100111100001100001101010100101000010001100100111100000010010010101011101110001000010100001111111001000100001010111110110100000100100010000001110100011111001111111000011000000101000000000101010100001100101000001101001001001001001000101010010011001000000010010010011001011001101010011010100101101101010100011011100000001010110010011101111110000101001101100001101010101011111 
01010011101111100111101010000011011011101001101001100110110110101110110010111111110101100100110100101110011101110010101111010110101010100111111011101101001000011101110001001011110010100101000001100010101000011100111011011100101000100010011011101010010101111110110010010110101000011001110111100111100001111010101100011101001110000011011101100111001101010001010101110000110011000000110001000011110111000010010110000101110000111100101100001100101110000001010010011100111100100011000000010111100101001111001010010111 
00101001000001101101011010011100101111010101111110011111101011001110001000100001101010000010000101001000011000101101100100011110110000000000101010010000100110101101000101111010010000110100000001110011010001010000101000000000101010010001111010000001001001100100000010001010000100101110010010001101110101101101011100101000011101101000000011010010111000010000000011110011101000010110010001110100000110011000101011110110100001010100000000101111011100011100110001010011100111101110110010000001010011100000110001010001 
00100001000000001101011011111100100101010110101110010111101011001110001000000001101010010000010111001000011000101111110100011111100000100000101010010000100011101101001101001010010000110100000011110010010001010000100000000000101011010111000010100001011001101100000010011010000100101110010011001101110100001100001111101100011000001000000011010100011010110000000011110011101000000111010101100101000110011011100010110011000011010100000000101110111100011100110000010010000111101110110011000001010010100001100001010001 
11010010010010010001110101100000000001110110111101100001100101001100011100011111111010001000011111011011001000100100001011101101110010001010010001111101001010000110001111000001110111011000101111011001011011111011111011010100001001000101011011111101100000011110101110000101010011101101100001110110010110100011111110101011110001001010101110000000100011001110110011110101000011011001010111000100100110101110101010110010111010110101001010101000011000000110000100111101011011011010011000111100000111111111010001100111 
00010010011010010100000101000100001001100111100100001011100111000100000000010100110000000100011010100111110000010111100100011011001100111000001001110001011011010100000110111000010010011111110000010100101010111111010110101001000101100000011111100011110101100010111000011110100100010111000000001111011001100110100110011110101110111011010010100101011110011010000000100000000100000111000001110110101001001101000010000011011011010001000001000011011000010100110100011100001010000010000111010100001101101100000101011101 
01101010100000100010000110100011101011001100001110111101111100110000010110011101000101001001100110010010000100000100011010000000100100001001110010110011011000111011100100100111001111001011000000100010010010001010101000010111010011110111110001101011011001011101100001010100000101010100101000011000110000001101101100000001101010001111110000000010100001001100001011110111001000001100010010010001000100100001111100000101001110101100110110101001000011001111011001010100010101101010110010011111011001000111111000110111 
00001011101110010011011010011111111010111000110001100010110100010110111001001100000110101001000010010010100000001010001111101110101111011111101000101100100111100010110010101001010010000011110101101100000000110101001001011011101000100111110111110100111101111000110111011110010111111010101100111001101011101111111101011101110010111010000000111111110001001010011011111000011011000001111010000011110110000011100001000010010110011000111001000111100000000000010111100001010010100110100001000011110011110011000100000101 
11000101010010110100101011000010000101110100001001110101010100011110101001100001100010110000100101110011110001000110110010000011110110110100000101100111000010001100010100000001011100000111011111000100000111001011101011000000111110101000000000100100010001000010000110111010010001011111100100001010110001000010111001000001100010101100011001001111010101101000101010010010110011001001001001000001101010001010101011111110011100100010010011110001000110100111001001110101011001100011111000100100101111000000011001110101 
00000000001010100111100111011100010101101010110011111011101011000111110010101101111111011111110010100100011101010100111001111111111111110001000111011101011110001110011111101000101010011100110001110101100010000000111111001011101101010000111111111100011100000000111111010110101001011001010110000110110110011110010111001111000101001100001110101110010110001011000100001100001111001011011010010100001111100101000000011011011010011110010111100011011011010111111101011010001100010111100101111111011110101111011100011111 
00011010110010110101100101101100001000100001100101001011100011000100010000010101111001100100111010100111100000010111101100011011101100111000001001110011011010011100000110111000010010011111000000010100101010010111110110101001001101100000011101000011110101000010011001111101100000010101000000000101111001100110100110011110101100110011010010100101011110011010000000100110000100000010010001110010101001001101010011010001011010010101010001010011010000000100111100011100001010000010000111010100001100101110000101011101 
11100110011001001100111101011000100111001011011100101101110001101110110010100000110110010001101000000010010011011101101001101001100000010010001101100011000010001001010000001111011000110111110111000001101100011100001100111101000000000100001001000000000011110111100011011100000010111000001100010011011010001001010010001000011111010011110001001011011010010101000001000111010010000011011100000110101100100001001010011000001010110010000000010111100001001111011110100001100101001100111011010111111111010011110011001101 
00000010001010100111100111011100010111101010110011111011101011000111110010111101111101001100110010100100011101010110111001111001111111110101000111011101110010011010010111111000100010010101110001100101100010000001111110000011101101010001110111111100010100000001111111010110100101011001010110000110110010101110000111001111010101011110010111101110011110001011001100001100001111000011011000110001001111100101000000011011011000011110010111100011011011010111111101011010001100010111101001111111001110111110011100011101 
00111001110111111001111100010000101001111100101110101000001000010110011111110101110000111001100010001110110110010011110101100110000101110101011111110011000101001101000111111001010100111010010011101011101010010110010011111011001000011011010010100001110010111011010111000010011110011010010110010000011011100101100001010100111001001111111000011100010101001001110100111101000100011101011010110010111100010100101100011010000110110110101011000101110001011000111110101001100101101111110010010100011010010110001010000111 
10111110100001000011001101101100011100010010101101101011000000000011110000101011111110001010000100101111110111111011010111101100011100111111010111110111100001000001110111100100110100000110110010110111011011111011001110011111100110101101111111001101100100011011111011111110110011111110001010100010001101011100010000111101001101001111001010000110011101010001101111000111010111100000010111101111101110001010011000010001111111000001111100000010101011010000011000110110000011000111000100000111001110101000101101011111 
11110010100101010110011111111010011111110010101101110011101011011110111100010011011111100000010000111100011011101110100111100010101010011110101000100111010100101101001110011001011011001011000101100011001001011111101001010110101111011111010111111010111001000101110011000101001011111001001110111011100110101011101011110100001110100010110111101110111110101010011011000101100000110010010101111001110111110101011111101001010011101111000100101110110001100010111010101000101010110111111011111111110101100101010100011111 
11011000010111111111111000000011001111011010100101000010001011111010101011011111110110110111100101110111000111101101001111011000001010111011010001110100001001100111000010110011101101011111001111101100001100010100111100010111111101011000000100111010101110001010101100111100110000010000001011111111100011011100111111010000100101100111000010111011100111100111111110110111011110101100100111111001111100001010111100101010111111001111111100110110111100110011101010010001000100101100111111011111111101101100100001101111 
00000111110000000010011001110000100000001010010110001000001010100100011011000001100101001001001001011101000000100101111011111011100010100000010000001110100010101000001101001101001101010111010010000000000000011010100011110101000000100101011111000011000010001101011010100000110101011111101001001000110101000001100110001000000010010010100000000001010010110000000010100011000111011111011001001010111110110110000101111001000011101000000000111010100010011101001011010000100011101101111010001000001011101110010001011011 
00101001001001010101001111111100100010011100011110010110110110001101011000000001101000000000101001001000011100000111101001011111101001100000101010011100100011101100001101000010010100000101000001100010010001001000001000000100101010011110000110100001011000001101001010101000000100000010000011001101110110101100001100110101101000010100000011010101001010011101000011100011101001100011110111110101010110011001000010110010100000010100000000100100111101111100110001010010000011101100110010001001001000000001100001010101 
11111010101001110101011111111100111111110011011011111011001111011100111110010011010110011010010000111110001111111110100101100010101010000110101010110111010100101001001110010001011101001111100111100001001101100111101001010100011101011111011111111010111011000101111010010101001011111011000110111011000110101010100010100100100110010011111111101100100110100011100001000101100101010011011111111101110011110101010111101100010011011101000100111110110001000010111010111010000010110111111011111110110100100001011010011111 
11101000100101010110001101110010111111110010101011111011111011001100111111011001111110001010010000111110001111011110100011000110100010001010111000110111010100101101001010011011011111111111000101100001000001010111101001010100001101010111001110111010111001000101110011010101001011111001101110101011110010001011110010100111110110101011111111101100101110100011101011000101100110110110011111111001010011110101010110101001010101011101000110001010110000000010011110111000000010110011111011101110111101100011001100011111 
00001010110011100111100111010100010100000001100011101001101111000101010011111101111101001100011010100011110000010110001010011101001100110100111010011011101010001010011111111000100010010011110001000101100010000011011110100011101101100000111111001100110100000111011011110101100000011111010110001101010010100100100110000111110110011011010001101111110110001000001001101000000101010000010000110111001101001001110000010001001000010010110101110011111010000110110101011111001010000110001111001101001100101100010111101111 
10111010100101000011001100111100011110110010101010101111001011010010011000101011010100111010000101110001101111011010101101101100011100111001011111101101000011100001100001101110000000000110110010010101001010111111001110011111111111001001111110001010111110111010111100111111111110010010111110000011000101001101010110011001011111101110000000000110011101010100101010000001010110110000111111100000111110101010101001010001100011110011110110000110001000011010011110010111010101100011000000010110000110101001101000111001 
00000001100000100101001011010100100111010110101101010000010000100000101110101001100010010000001101000010110010111011111011010100000000101000100111010001101000101111101101000010011110010011000010010010010101111000100001000011100101000100000000000001010111010000110110100001011010001110000011100001110101000001000110111100010001001000101001010101000011011000001011010111101001010010000001001010000100010011011010011001010011011010000100110110101010011100101001110011111011101101111000011001101110001101110100010011 
10111110100010010101110010010101001100101100100101100111101100011110110011000000000010011100011101111010001010010011011110000010101111110001101000111111111001100011001110011101000111110011000001011001010001101010101110111111000110010000000111001101010101110111101001010001011010111100110111010010001001010010010000101110000101011111110111101011010110001010001100000001000001000000010111010111001010101011100101101011011000000110111111110000010100000100100001001000110001101111101010010011001000001100000011110111 
01001101110110100011011101100000010111101001110100100001111111010100110111010000010111110100111111011000000000110010001010111101011100111011100000110110001000000000110101011100000000101001110101011010111011001000110001010001011100001010001101100001101100010100011010110101000101110100100100110100010001001101110001101000011110100100000000001110100110101001111011111100011000110101100011110010110011101001110011100111011101001010000000100101010101111001001010110001101010011000000001011001000100100010111101011011 
11111010110010011001010000101111000100110111110011111110010111011010111010100101000111010011001101110101001010011001101001100110010101111001100011110111111001001101101111001101101010111111011111011010110100100001001010101100110101001100011000001111101101010101111010101101011010000000000001100010010010110011001001111010010000011101100000010010011100011111100001000101110101101101101110000101010110100111110001000001111001000010000010101111000110010110101100011101011011000110000100011010000110110110100000100001 
10111110100001100011001101110101011100010011101100101011000000000011010100101011101110001010000100100011111111110011010111101100111100111111010111100111100001001001110111100000100101000110110110110101011011111011001111011100100110101101111111011101100100111111111111101110110011111010001000100010101101011100010001101111001101001111001010000110001101011001101111000111010111000000110111101111101111001010011100010001110101000001111100000010111111110000111010000110000011000111010100000011101110101000101001011111 
11000111010010010100101011000000000101110100011001110100010000011100100001100001001010110001110101110011110001000110110010000011110100110100000101101011000010001100010100000000011101000110011111001100001111001011101011100101111100101000000110100101010000001010000110111010110011011111100100001010100001000110111001000001100011101100001011001110000101101000101011000000110011101001001001010001101011001110101011111110001100100110010011110101100010110111010101110111011001100001111000100100101111000000011100110101 
10111010100111010011101111101011110010001001111100010110111101010101011011001110000101011010110110100010001011011010101001110011111011010110101011010000100010110111111100010001100111000010011101100001111001101001010111010011101111010001000010111110000101100011110101110000000011110011010100111010101010100010101001111111100011110010110010011011000110011101110011110100010000100001111011000110101100111111000110000111111101111010001100011010111110110100011111111111110111110110110101010110101111111001001100001101 
00110111110100001101001000010000110000101011111010101011101001000101101001100001001010100110011000100100000010111010101110010100001101011000000011000011101011011110011000101000000110110101001011000101001010001011100010100111101111001001010111000011100101011001010010100100111110110000000000000001010100010010101100011001111000101111001011010111110100000001001000000010010010000111110000101010001000100000100001010000000000110000110010100011111011000101100001001001001000000011011010000100001110110110000111001101 
11011111000101001101001000100001010011011000001111001010010101110010001100000111000110010010011001011100110000101001001110011100111001100110011100101111110100000111001011110100010110100111111011000101010101011010000111000110111111111100000010110000110010100001101000000010101100001011111101010110000101101101011010001011101110111111100111101011000000100101000101111001001001111101010100111011000010111101011001100110100111010110000101100001001011000001001001101111000000101011011001101001010011101010010010010001 
01101101110110100011011100100000000111100001010100000001111111010110110010010000010111110000111111011001100000110010001010111101111100011011110000110110001000000010110101011100100000100001110111011010111011011001110001010001011100001010101101100001101100010100011010110101000101011100110110100100010001000101110001101000111110100100100000001110100111101001111111111100011100111000100001110010110011101000110010001100011000101010000000101101011100111001001010110001101010010000000000011001010100100010111100010011 
10111011000101000010001100111100011110010011100100101111001011010010111100101011010100111010000101110000101111011010101100011100010100111001111111111100000011100001101001101101000000000110110011110111011011011111010111011101111111001001101111001010101110111011111100101111111110110000111100000011001101001001010110011000011111001110000010000110011111010100111010000001010110110000111110101000111110101010101001000001101011110011111110000110001001011110011110010111111111100011000000010110000110101101111000111001 
10111110100101000011001101101100011110110010101000101011001011010011011000101011111111111011000101110101110111011001101111101100011100111001010111101111000011000001100001100110100000000110110010010101001011111111000110011111111110001001111110001101110110011010111100111101110011010010101010100010001101011001010100011001011011101111000000000110011101000000001011000101010110100000010111101010111110101010101000010001100011010011110110000110001000011000011110010111100001100111000101010111000010101001111000111101 
00010000000010100111101011111100010101101010101101111011101111000111010000001101100111110111110010100110111000010100101001111101110110110001100101010001011110001111011111101100101011101100110001010010100010000010111111000011101100110001111111111000001100000010111111010010101001111001100111000110111000010010010011001111000100001101001110100111110010001110100101111011101111101011011111010000001101111101000010011011000011011110011101110111111011110011111111111000101111110111101100111001011110111111011100111111 
10010110100111110011001000100001110010000101111001010011100101010111010011001010000010101111110011100011111010010000101001110011100011110011001111111110110110010110011111010001101111111000010110110011111111011010011111110001000110101001011010111100101011010011111011110100110110111001100100110000101111110011101001000111101011110110100000010010101011111101110111111000011100110001111011111110001100111111001110001111110111010000101100011001101010101100011010111111011111010110110111000000110101110001010111110101 
00000000000010110111101011011100010101101010101001111011101111000111110000101101100111011111110010100100111101010100101001111111110111110001100011011001011110001111010111101100101011111100110001110000100010000010111101000011101101110001111111111000011100000010111111010010101001011001110110000110111000011110010011001111000100001101001110101111110100011010100100101001001111001011011010010000001111111101000000011011011010011110011101100011111011010011111111111100101111110111101100111111011111101111011100111111 
00101000110110011101100101101111010111101101011100101101100000111000011000110111110110110111010111011111010001001110100110011011011100010111000101100110001011001100101001110100111110100110001011011001110101011100011001110000111000011001010110111000001111000101100000010111000111101101001101111011100011101111101010110000101101100111001101101010110000111111010110110001001001011111010011100010010001010010111111001100100010110100000011100110001111101111010010010001001010001111101111000010111101010111011110000011 
11100110111000001100111101011000100110001011010000111101110001101110110010100000111110110001101000010110011011001101100001001101100000110010001101100011101010001001110000001111011100110111100111001001001100001101001100111101000000001100101001000000000011110111100011011000000110111000001100000011000010001001010010001000011101010011010001001011010000010001001011000111010010000111011000000110101100100001010110011000110110110010000010010111000001001111111100100001100101001100111011010111101111011111110011011011 
01101010100000100000000110100011001011101001000110110101101100110010010111001101000101011001101110010000000100000100011000000000110000101001111100100011011100111111000100100110001111101001000000100010010010001010001110001111010010110111100001111011011011011110100000010100001101010110101000011000001000001101101100000001101010001111110000000010100101001101001011110111011011101101010100010001000101100001110110000100001010101100110111101001100011001111011001010100010101101010110010011111011001000111111000011111 
11010001010110100010111011000100001000111100000110000110000110000100100001110000101011011101011110010000101001101001001110011000110100101010001110010101100100111100110010000000110001100100001011010000011100100010010010001111101101110110010010100111010111010011111010101011001100101001110010001110100000101110000100100110010100001000101001010101101101010100101011010100010011100110001010100000100101010101100001001100100101111000000110000111111100010001000000011100101001101101110111001100110000110101100010110101 
10010010110110001011011000000000011110101101111001110111010010100101001011101010100100101000101010100101011000100000001111110001111110111100110010001000010001111100001101010000011101101010000101000001001011010010101110001101000000000010001000100111011001110011011000110011110101100011101000111001001011001110101011010010100100110110011111001110101110000101000100111011000100011011010100000111110111100001001011011011110100011011111100001010101111010001001010100001000010001111010010101011110011001010011100010101 
10001100010101000110100110011011001101100110111000110100010100001110001101101001100110110100010101111100010000101010110010000111110111100110000101010011101010101001010000010111001110100011001110000000101011101110111111100100010011000110101011010001000010001100001110011110100111011100001011011100110001001010101000000001100110101000101001000100010101101101101110110011100001111001110101101001111001000000111011111111111100011010010110100101000110011110011001010001011001101010011000000011101101001000000011110101 
11111000110110110100101000010101011011100100101011101100000001010001011000001111010000000110001010010101000010001110100001101011100100001010010111010101110111110101001110000001110001001100010011000111010111011001100110010111011101011000010011010000110110011100100111100110000101100001111000010000110000001101110010010110100011000011011010011111110011001110011000001011011101010011010010010010110100100101100100011110111010000100111010100000101110011101101111111011101111001000100011111001111011011000110110101111 
01101101110000010011011000000000000111100001010100100001011111010110110000010010110111010000111011011001100000110010001010110101111110011011110000010111000000000010110100001101100000100001110101001000111011001000100001010001111100001000100111000101111100010100000000010101010100011110100110100100010001001101110001101000111110100100000001001110000001111101111011111100011101111001100011110010100011001000111010001100011000101010000000101101001110101001101011100101101010110010000000011001010100100010111100100011 
11000110011101000001011110100110110111011111101101000001100001111110001011010001000111001110110110000001100010110010101100101100011011010110100000101010000101001010010000000101110011000000101110111000111101010001100000000010001001011001100110011010011101101011111011010010110000000000101000001011000101001010011010100001101001000101001010000010100010011101000100000101001100110111100011111011001010110100010110101100011111010101100100011111100110101000110101001001010100100001011010011100010011111010011000000011 
11101011100011100100101010110101101000111100101111010111111110010011000010100000111011011000000100110101000111001111000110001000001010111001101100100010100110100011111101001000000111000101101010011011000101100110100111101010100011111110000111100110011000011111011111111101011010101110101100011000001110100100010011010011101000111001001101100010111110011100111101101111101111001011111110001010101010010101100110110101111001010101001110010010011011101100110000101101010000101110110100000100010101010011110100010111 
10010010100111010011001000100011110010001101111000011011101101010111000011001010000010101011110001100011011010011010100000110011101011110111101011011100110110010110101111010001101111111000010110110011111111000010011111110010100111101001100110111100100011000011110111110100110011111001110100111000101110110011101001010111101011110110000010010011101011011100110101111100011100110001111011001100101100111111000110000111110101110010101100011010111010111100011011111110011111010110110111100100110101110001011111110101 
00000111111000010010011010111010101000001000010010001001101010100100011011000001111001001001011001001000010000100101010011111011000010100101010000100110100010010001001100001101101001010111010110100000000010010001000011010001000001100101011111001001010110001011011010100000110000001011101001001100100001010101100110011000001010010110100100000011011010110100000010100011000111010100011101001010101111110110001001011001000011000100000010011011101010001100001011000000100110111000110010001000000000111110010011111101 
10001100000110011101010111111100111101101011010111100110011101001100011111111001111111100000101101011110000101001010100000000110100011001101100010011011111000101101000100101110101011100010010001001001000100111101101110011111000100010111001111010000111001000101100111110101110111111010101010100110111110011011100010110111100110101100111111001101111100100111011011000011100110110011111001011110011001010001010010101011110010111101100101111010100000001011111110111010001000011111100110110110101100000111111100110101 
11001101011101100011000101101010110111001011110000010011011011001111011100011011010001101011001010101111010011000101000100100000000011110011011111010000110001100110001011111111101001100100001110111010011011110111011110000100101100010100010110100000111110110111010100101001111111011100101110011011101111010001011000011000001011010010100001001000001101110110001100100001011100100011000011000001110001101001010011010010010001111010111000101010100101010010010111011000101001111101111110111000001100011100001100101101 
01000111110100000010011001110000100000001000010110001001101010100100011011000101100100000001001001001100100000101101111011111001100000101000010100000100101010001101001101010100001101010111010000000000000000111010100011100001000000100101011011000011000100001111011010100100110001011110101001101100110111000001101110101000100000001010100000000001010000110000000000100010000011011111011001001010111100110110000111111001000011111001000000111010110011011101000011000000000011101101111010001000001011111110010111011011 
10100110001010001111010011110100010111110101111101000111101101101000011110000000000100000111110111110100110001110011011101001010100101011011000010000100101110111001111100010100110000010100111010000111110101010010111010101000001101001100000101001010101001101101110101010111100111010010110011100110111001000010010010100111110001101000010000010010110110000000110000111001100101011111100101100000101000110111100100010100100100110111111011011010101010100100000100000001111011110001111001001111110101111111001001011011 
00000001100000100101011011010100110111010101011111011000011000100100101100101001100011010000001101001110110010111001111010011100000000101000100111000001100010101111101101000010011100010011100000010010010101111000100001000111100001010111000000000001010111010110110110100000011010001110000011101001110101000001000110101100010000101000101001010101000011111000001001010011101001010010000001001000000100010011001010000001010011011010000100111110101011011100101001110110110011101111111000011001100000001101010100010011 
01111110001110110101111000011000001111001011100001110000001111100000111001010111010110100001010111111011000101111101001001011101001010111010010000111000000001010101000000010110110110011110001111100001001001010110110001000111011011001000001101010010001110111000001110111100110101010000010010111001100110001001111111000010101001110110010001000001010111110101101111100011001111011101111001111101101010000011111110001011110101000111101100111010101010100111010010011011110100101110011111101110001100100110101011100111 
10000000111111001010011100000010110110011100101100001001001001111010100101110010011110110000110100111000001000110001101100001111001111011101001110001100000111011000010010110101111111000111001100010111011110010110111010001111011101111011000010001010011100001101111111010000100110011011001011011011010101001010001011100101010000010001101000100110011001010010010111000001001101010110010010100111001010110101001010101010110110010101000001001001000010101000111000100000101010010011011100001100010011101010111010000011 
01101100000101001000011100101011001111100100100011110111101101011001111011001101110101010010001000000100101011011001111101100011101100111011100111100101100010110011110000101111111101111011100100100101001101001000001111010110011011001100111011010001110001010011110100100110100001101100101000111010100100111100000100010000000101000010001100100011110110001101110110011111000111010001001111010000010001001100010000010000100101111101010000001100100000011110011000000110000100100011100010000010110011011110111110111111 
00011110101010110101010000011100001111001011010001010000001101100010110001010111010110100000000011011011000111111101000001001101111010111000010100101000000000110101010011010110110110011110000111100001001011010100110000000111011001001000101101010010001110101000001101101100110001010000010110111011101110000000111101000010101001110110001001000001010111111101101101101001001111011101011001111100001000001011111110011010111101100101001100111010110010100111110010010011110100111110011111101110001101101110101011100111 
10101010110111000010111111001011110010011001101100011111110101010101011011001110001101011011100110000010001011011001111001110011001011110110101001010000101010110111011100010001100101000011011101100001011001101101000111011011101111010001010010111110011010100010110000010000001010110001010100111110101010100010101001011111100010110010000010010111000110001101111011110100010000101001111110100100101100111111010010010111011101110010001000011010011010010100011111110101100111110111110101010110101111101001001100001101 
00100010110000110101000100101111000000000100100101001001100011100100010001111001101001110100111010100110000100101110001100011000101000111001001001110010000010000000010100111000100010010111011111000101101010011111000100111011101000100000110001111110000111100011011001110101100010110101001100000101000100100110100110001110011100111011110100100101110100011001100100101100000000100010101000100000100001000101010110010001010011000111100001100011001000100000100111011100001010000010010110000000001000101110000111010101 
11111010100101010110011111111010111111110011101011111011101011011100111110010001011110001010010000111110001111111110100111100010101010001110101000110111010100101001001110011001011111001111000101100001001001010111101001010100011101011111010111111010111001000101110010010101001011111001001110111011100010001011101010100100100110100011111111101100100110100011101011000101100100110010011111111001110011110101010111101001010011001101000110101110110000000010111010111000000010110111111011111110110101100001011100011111 
01101110100000100010000110001001101011000100001010111101101100010000010010011101000101001001000110010010001101000100011011011000100100001001110110100010010000110011010100100111101111001011000000100010010010001010101000110100110001010111010001101011001001011111100001000000000101000100101001011000010000001101101100000001100011001110110011100010100001001100011011110111001100001100011010010001000100100001111110000101101100101100110100101101000011001111011000110100011101101010000110011111011001000111111000110111 
00000100000000001111100010110001001100010101101111111001001011011111011000101110110000110000011001000111110101011101010011111011100100011100001011011111111000101000000001010010011010011001011010111100100100010010001011010010000011100100001100100011111001111010111001001100011000001010111010011001000100010011000111001101110100001000011010001101010011001010000100100100001100111100101011011001011110111000011110011111110111000010011100011001010101001111001100111110111010001011001111000000001011101100110001010111 
00100010111000110101000100101111000000000000100101001000100011000100010010011101101001001000111010100110100000011110101100011001101000111001001011110011011010010000010101111100100010010111000001100101101010010111000110101011101001100000111101011100100111100011011001110101100010010101011100000101111100100110100110101110001100111011110000100101010100011010001000101100000001000010010000110010100001000101010110010001000011000111110001110011011000100100111100011100001010000110000110000000001000101110000111010111 
10110010100010001011011001010000011110101111111001110111011010000111001011101010100101100001101000100101011000100000001111010001111100101000110010001000010101101100001101111000011101101010000001000001101011010010101010011101000100010011001000101101011001110011010000010011100101100011101000111111001010000010101011110011100100110110011111001110101110000100000100111111000100011010010100000101110111100001000011011001110100011011111101001010111111010000001010100001001010001111000010101011110001001010010100010101 
10111110100101000011001101101100011100110110100100101001000000010011110000101011111110011011000101110101110111111001001111101100011100111011010111110111100011000001110111100100110000000110110010110001001011111111000110011111111110001101111110001100110010011010111001111110110011110110001010100110001101011100010000011001001001001111000000000110011101010001001111000111010110100000010111101011101110001010001000010001111011000011110100000110001001010000011010010110100001000111000101000111001110101000111001111101 
01010110101111110010110000110011101011110110000000000100011100101101010110101111111100101111010100110001100100110111111010111110000100001000101110111010001111001010010010001000000001000100010100001110111000000011100111001100110000111101010111001110100010001000001001111110001000011111100101111101010101010111000110000101100101011111000101110101010010000100110101010010101111011111111011010001010011010000111000110001011000111110101011110110101110110010110111000000000010001100110111100111010110111110110110101111 
01000101110110110001011101100100100110100001011110100100111100010000010010110000110111010000111111011001100010110100011010111101111000111011010000110100001100000011111000010100101000100001110010011110111011011001111101011001011100011010101110100000101100000100111110101001100001001111011010110100110100000101110101101000111110100101110000000010100101101011100100001101010100110000000001110010110110011000111011001110001001001010000000001001011110011100001010000011100110010011010000111001010100100010111000010001 
01100101110110000010001100100000000111100001011100000001110011010110111010010000010111011000111111011011101000110010001010111101111100010011110101111110000010000010110101011100010000101000111011011010101011011001101101010001011100000110001101100011101100010100011010010101001101011100010110100110010000000101111001101000111110100000100100000110100100101011111111111100011100111000100001100010110011101000110010001100011000101010001100001101000100101001001010011101101011011000100000011001010100100010111100001011 
00111110100101001110001100001000101100111110101101101001010011000101110010001010100111100110001000111110111101101011010111101100110100111001010101111111011011100001110001111110011101000100100001101111011110011011111100011011001110111001111111001001111110011111111001110101000010110100101110000011011110000001000100011101010101001101001000000110000101010111111111011011100111110011010101001010001100000110111000010010111110011001011111110110001011011100100111110111000111010111011100001101101110111101101101011011 
10100011011010101100110000000100100010110100100110001101011010111000000101000101010100011001010000110011000100111110011010111110001111110000001101001011100100000011001111001100001101111010011000001110110111100011100001001101001001011001011010011110100010000110101100011010100010010010110101110010000010100010000100010011001010101111111011110010000111101011000110011111011101101011011111100010110111101101010001000011011111111000101001100001001100100001100010001110110110000001111000010000010110001111010111011001 
01011010110010100101100101101100001000100000110101001011100011000101000001011100111001100100111000100011100010011101101100011011101100101000000001110001011010011100000110101000010010111111000100010000001000010111101010101001001101000000010101000010110101000000011000111101111000010101000000000000011001100110110110011111101100000011110010000101010100010010000100100110100100000010010001111010001001101101010011010001001010110101010001110011110000000100111100111100001010000010000111010110001100101110000101001101 
00100001000000001111100010110001001101010101101111111001001011001000111010101010111000110000011000000111111101111111000011111011100100011100111011111101111000101010000001011010010110011000011010111101100100110011001011010010000111110100001100000011111001111010111001001100011001010110011010111001000100010011000111001101110100101000011011001101010010001010000100100100011100111100101010011101011110111000111100011111110111100010011100011101110101101100101000110110011000101011001111000000001111101100110001010111 
00100001101011000000101011001111010110011100110101101010011000110100011110011001101101111001100111111000110100010111110100010101100010111000011000101010010101010001011011000001011110000110110011111011110001111011001111111010010100101101110101111010000001100011111011111110100101011000111001001011011110101111100001110011101111010101110011010000100111011010001111001001011110101100011111000001011001011101110111010010010011100111110001110101101100010001100001010101100110110000100101000011101111101100010010100101 
11011010001110110101110000010010101111001010100111100110001111100000101011011111010110010101010110011011000101101101001111011100001010111011010100110000100001010100000001110110110111000110001111101001101101000110110001010111011101010001000101010010001110011100001111111100011100110000010010111111100110100001111101010000100101100111000000001001110110110101111110100001111110011101111101111101101001001110111100001000110101000111111100110110111111100111001010010001010100001100111111101110101100101110011011111111 
10001100000100011111010111111100111101110010011111101110011111001100011111011001101111000000110101011010000101001010101000001110100011001011110010111010110000101101001100101010101011110101010111001001010000010101100110011110000100010111001111010000111001000101100111010101110011111000101110100110110110001001100010110111100110101100111001001101111100100011111011001111100010110011010001001110010011010001010110101011110100011101100100111010110000001011010110011010001000010111110111110110101101110011111101100101 
00100001000001000111110110100001001010101001001010110000000101011111000011100001000111011111010111111100000011000111100010110010111110010010010000011110010011100111111001100001001000011010110010010110110000110011011101011110000001101101110010100001111001111001101110111000110101101111111110010100010010011010111100001100011010100011110000010100100101101110100110110111110111010010101010011100111001000110111000011101000100010011000110000000001010001111101001001101110010101000011100110101111011100111011000101011 
00010010010010010100000101000100001001100110100001001011000111000100000100010101111101000010011010100111100011010111100000011011101110110000001001110001011011010100000110111001010010011111010000010100101010011111010110111001001100100000011111100011110101100011111000011010100100010111100100001111010001100110000100010010100000010011010000000101001110011010000000100100000100000111001011110110101001001101000011000011011011010001000101000011011000111100010100011000001110000110000101010100000001101110000100011101 
00111101000001101100011010011100101011011000111110011011101010101111001001100101101010000010000101001010011000101110100100011110110010000000101000010000100111101101000101011110000000110000000011110000011001010000011010000000001010110101111000000011101000101100111010001000000100101000010010001111110101101101011100101000011000101000100001010010111000001000000010111110101111010110010010110100000110011100111011110010100001000100000000101110001100011100110001010111100111101110100010000001010011100100110000010001 
00100101110100001101000000010100110000101011111010101011101101000101100001100101001010000111011000100100000000110010011010010100001101011000010011000011001110001110011000101000000110110101001001000111001110001111100010100111101111001001110111000110100101010001010010100100111111110000000000100001100100010110101101011101111000101111000001110011100001000000001001000010010010000110010000111010000000100000000001010100000000110001100011100001111011000101100101100001001000000011111010000101001000110110001011001101 
00110110100101101100001100101001001000111110101100101001010011100111100010001010010100100100001000111110011111111011010011101100110100011001011101111111011001100001010010011110001101000100111011101111011110011011111100011011001110111001110111000011111110011111101001110101000000110100100110000011011010010001000100011001000101011111001000000110000101010111111110011011100111110011010111001110001100000110111000000010111110001000011111110100001011001100101111101111100111010111011100011100101110111101100101011011 
00100001000100101000110010111111100011010100111110111110101011101110001000100111111010001010000111011010111100100100000001011010010000100000001010001000100110111110001101101110010100111000101001110111110001010100011011010100101010010000110010100001001111101100101010010010000100101110000010001100111101101101110100110000011111101001001011010010111000000000100111100011000000111111011011110100100110010000100001110110000001010110100001100001101101010000111100000010100011010100000010000001110011100001000001010001 
