10101010100001110010001111011111111011111111100111111011101101100111101100111110011000110100100000000001011010111000110100111010010001010111001111010000110000111001101110001010100111101001110011111111011111011001100101110000100111100111011111111000101100001110110101111100111110110110010110101111001111100000110011011011111101101100001101100000101001011111111100001001110101011010011000111011011011001011010111011100100111100101001100010011010110110100111110010111010111111011011000011111101011101011100011010001 
00001100110000101000000011110001110111100101100100000011100011101011001100110001011101010010111110000010100100000101001001001101011100000100000100111000001011010101011101110101001011100100001000000001001001000101011111111100000101001010111100000001001110011000001000110010101000010100000011110101000100101111011010000001000011000100110101110101000011000010110110100001000111000010100001010110000101010110010010010000000001000110010101110000110100001101001100000010010010011010001000101011001000010110101000110001 
00011000010001011111011001000001010010100010001000100010000110100001111010001001001000110110000100100100110111000110011100000010111001000011111110000011100111001001100000110011101111001000100111011100000100100000010010001001011110110011100100011010001000110000010011000000000011001000110111000101100100001010101001011011110011011100000010001101001110010101000001110001001010001000000111101010111111010011100100100001100101000100000111001001000001101011011001001100100010001101111011110000000100010110100010110011 
00100010010000001010010100111000011000101001101000110110000001111110101000110100111000011100110111100000011110101001000001001010111001000001101000010101001100101100110011100000010111100001010100100001010110101010101100100000111010011110001011111101101110010000100000000111011000100110000001100000110011011010100010101110001110101000000101101101010110110100010000101011001011111100100001010100101010100000000001001110111011010101111001111000011001110101001000000001100000110000011100000100001100010000101100001001 
10101011111110111101111110010110101101010100110110011111111001001101000110011000111100010111011101101101101111010011001011001111000101111110001010010111100000000010100111111100101110011111101100111110011010101111100011101011101011111100001100111000001010111000000011011110011101001010010000110110111101111111110001101000101001100101110100100111011111110010000011111000011001111000111001010000111110101111101100011110110100111111011100100100111110000100111101000101110011100000011111111110101010101001011110101010 
10101001011011110101000100010101100001011111101011010111110011100111011111101001000001100100111111010101111001010010100010111001001101100101110001100111010111111110101111001010111011010111010111101111000110011011111001100111111111111110110111101101010100000010100010000111100101100111000110100001010100000011011011111001111010100011000101101001010110111101111000010100011000010011000101101101111011111110111110100001100110001011101111111011001110011100000101110001110011111100001111101011000111011101111110000110 
10100101011011010101001011010101110011111111000011011110111011100111011100110111010001101100011111010001111001111110101110111001101101100101110001100011100011111110101101001010110011100011010111101111011110011111101001000010110111110001100111001110010000000010110110100111100101000100001101000101011000110011011011100011101010110111010101001110110111011000111001010111011001100011000001101111110110100110111111101101110110001011001011011111110110011100010101111010100101001100001111101011000111000001101110000110 
00010110101010010010111111001001111011101101110000110110000011001110010110001110101000100001100001011110101000010011010110110101000011010011010110111001101010101100011100101000000110001001011100010101000101010010100101000011011010010000110011011011110011100000101001000010100100110011010000000110000010010010001011110000100011110000010001010000001110010100000111001100010001000000000001111001001110111101000101001100001100011101101101001111100111001101000010111110000000000110001100000110011101010101001011000001 
11011111111000101001111011110110110111001001110101100110011110000111001000001101011011011001110101110111111001010001101011100100000111010101000111000001001101111111110111001100001111000111001100110001011011001000000010100001001111011110101011001011011101011000110011010100001011001011101100111011110111001101100110010010111001010110010011111111111110111001111101010110111110011101001101101110100100000000001100101101010110110101011011111000100111011011011111010010011010110011101111111011001001110010110100001001 
11101100100001100001111000111011011101100011100001000000110110001100100101110100100110100001111100100010101101000000010101110001100000011111000010000001010111111100111010101001000001010010011100010010100000011100011010001101110100100000110101011000010111000101000000000000100100100101100101000100011001011001101100100110000000101101101100000001110010110011011010011011010111100111000101101100001001011010010100010100001000001111100110001101111001010000010000000001000011101011100110011001000010101000001001111111 
11011001000000000010101110110101111101110110000100010000010110100010011101111000000111010101100000110000000110111001110000110010011010000000011000001110011001011001010000101001001100111000110000110100100001001101010101110001000101111001000111111001000111111101101110000010101101000101010011001111101001101000101100001001101101110100111001100011011000110010101110000110011100000111100100000000011000011010100100010011101100000101100010000110000000010010100000000001010101110011000001100001001000101101000001011101 
11100101000000110011101000110010011011110101000010000100111101011110010111000110110010100000100010011001111101110011111010101101000000001000001001010001110010101000111110011011000111011010011110110000100110001101000001000110011110111000000001011010010110010100101010010000110100101001001000011001001010010001100110110010100110111011110001011010101101001011001101110001101100000000000111101101010011001001001000001100100001100100100000001000011100010000001010001010111000110001101100000001101010111011111010001101 
00010101001001010001000011110110000000100000111001011100010010011010010110010001011110011000110100001011101111100100100001101110110000100110000001001001000101011011111010101010001011011011011100100011000110010100000100100110001101011101110101001011010100111010001000100001010100101011101011000001110010011000010010000001111011100101001000000001000010000100101100110101001001100011111001011111011100100111100001010110010100000101111011001010101110000001111000010111101110011000001101010101001110100001100111001011 
01011001111101001111010111010011110110011001111111011101110001011010010110000110010101001110010011011011100101010011101110100100110101010100101011101111101100101001101101111011111010100111001000111101001000000100011110110001100010111110010010110011111011111111101010111010101001001010101100000010111110011001000001101111100001111011001110111111101011111111111111101100101110001011110110111111010010010101001110001100000111010111010100100000011001011101001011000110110110111101010101100011101010111010010001000011 
01101101101111101111001110000000001001111010001111101010000110011100111110001000111001000100010000110111100101110100111111011010000101010111110111010011000010010111101000100110010001011101011100001011001100100011011101001000010100111111100010111111010011011101000100100100011011100111111101010110100001001000100111100101010100110000000001111011011101101110100010001011011101111011011001011111110111111000110010111100110000011011001101000101010110101000000100111101111010101011111101000000111110110100101111001111 
01011001111010011010000000011011011111110110110111101100110000100000011010110000100101110000100101101110010110000111111111000001110010101000101100010110100010001110101100100100100111110100010101010101111101100100010100111110001111110101101010010001001100001110011001010011100000101000110101111100101010000010000001000110101001001011110111001011110000110001000011000001011111000110000001000111011100100110100000101110001000001000001001011011010110110110110011100101011011100111000011010101100111011111001101100001 
00001010111010001011001110101101100111110110100100000011000011111011001101101001011111010011011010010110000100000101001101001101011100001100101110110001110101010111011111100001111010110110001000001010101001001100101111111010100111001000110000000011101110011010001001110010001000110000000011111101000000101111001000000011001010000100010001001000010010111010110110100101010111000100111011000110000010010110010111011110000001100110010101010001110001001110001110010010010011011010001011101011000110010101000001100001 
11101100010001101101111010100000110110000111011111101010010111101110010111000101101101010101001111000001010001011001001111100101010010000100011110001101010010001100101010110001111101111000010110110100101011110010110000110010100001110000010011101111000111011111010000101101000010011001111101100110111110100101011110100001010000000011101101100101011101011011001011101110011101001011100111100101010011100001000001100101010010101010101011011010010001111100100000100011111010000001011010101100111101010010101010001101 
10100010111100000101101101001001011111000101011011011111110011100100111111110111010011100000101111101001011111000110000101111001011111101111011011111000110010101111100110101011110011110111000011010111111110010110111011111000100010101101101101010100010100110000110111011101000010100110000010001110110111000000001101001111001010011000000101001110000111110001110011111001110001110110001100000010111111100100101101101001110100111010100110100110100110100110010101011111011001100110100000101011011001001000110111110011 
10110110000000111011001100011010111111100000010011010100010101000110110111000110010000100000100000010011111101110010111000111101010001111000001011100001100010111000011111011010000100001110010100100001100101001010101101000011011111110000100001111010010111100100101011000010010101101000000010011111001110010111000110111000000110111011010001000010001101000101111101101100000101101000000111110001011111011100000011001000001000100010101000000010011101111011001010100110001010000100001000110111101011100001010011000101 
10011111110000111001111011110011001111011010011101010101000101100011100010100111111000001100111101101101101110111010111011110010010110111010010110100011101000100010010011101111111000000010110110101111111111100100111011111001010011001101111010111000100101110110001010101000010111110101011111100000110111111100101011110011011010001000101011100001001101011000010100100000110110011110101001010111100101000011010101000001111111001001011001100010001111000010100001111011011110000110011110101010001001110010100111111001 
11000100000100100101101111001001111001000110000100011010110101110011000001101010110111101001000111001101111010100111011110001000011011111000010101110001110110011011001011111001110101101000001010111100101110110101000111001000110011000000000011101101011010111011000110000000001010101000101101101110111100111001010001100100110011001111111011101001011010110011110100101101101111100010100111111010011101111001111010001000001010101110100110011100010100100100110100100111001011000001000001001110100110110011110111001011 
00010001110001010001101011110111100010100000011010111101010010110100110101000100111100001011110111101000100111000100100000111011101001011010000011001111010011111011001100110111011111010001011110000001000001001100111101011110011100101010010011011011111000110010101100110010010110001010001101000011111110111110001000100000101011110111001000101101111110100011001110001100110011100011011011011011111001100110110011010110110110110010011010000100101100011011110110111011001110110011011101111001110110001011110111011111 
10000101011010110111011111010000110110100100000110011010111000111000100100001111101000111000111101001011011111011000111000000101101010001001000100010100111101111001101011001100001111111101101100011101100001100001010100010000001001111110001100010100011001101011100011111001011101000010010001011101101000011100010100011000000000101100111110011000101110110100101100100011100001001100011110011011110110110001110010101000010010011011001011111100001011101000000100010010111010100011110001110000011001001011110101110111 
01000010100100010110001001100110100001110100100000101101101101000100000010000101000100001100011011010111101111001100111010011101011011100111111001101110101001001100110101011101111101100010100001000111101100110001111101100101100110110101100100111010001010010010111001101000010000111100011010001101111011111110001101101010011011110100111101010111011111000010011111010001101110000110111111010100010010100101010001000111000000001100101000101100010101000111100100110101000011101101000001100010110000001011011110001011 
10110100010101000100110001111100110010111010101110010101011110100110011010011110100110101000111111011110101001000010100100011101100111000010010010111001110001110001010011110111111100111010010000001011000100111110011000001001010110000101101110110110111000101000000011100000101001000111000010110011100000000111110010000010011000001011001010111101010010000101000111010000110010110101011110010001101100010100010010001100111100001001011011010010000110111001000000001011010100011011010001100100110000011110100110100101 
00110100011111011010001001011100011010000011110010001001101101001010010001100011101001111101101100111001000101101001000001111101001110010001000110111000011011111100010011001010100010000000110101011011001011010010111110111010011001000110101001000001011001010111011011101110110101001001011010100111010011010000110000000010000111111111111111100111000110000101110010010100100011110101100111010000000011000101101011110000000011010110001001000111100011100110100001001001111110100001000000001100000110110000110010101001 
11100111111001011011011111110110100101001001010101011111011000000011101000000101010001001000111101101111111001010111001001101100100111010110000111100011001011101111110110111000101100101111001000011101001001001000000011100001101111101010110011011011000110101100100000010100100011001011011111111010101011001001000110011101010001101110011111111011110111110111111101111110111110001001110111101100101110010100011110011110000010011001011010111000110111011111010001000011010011110110000111111100001010111110110100001001 
00000000011110011000001001010010111110101001010110001011000111000101010000001110111111001011100011110101110111110010111001001101010010011111011011111011000011111011001010100100101110101101101001000100000111111110010110110001100110110110010010110100010101100011100111111111010010010111011110000110101110000011111011001100011101111010010101001100110000110010110111110001110110000111110011110100001100100000011110100100110010000101011100011011110111010110111110101100001101111010010101100101011001101011110001110011 
00011000100101100011100101101001010101111010010011011011100010100100010111001000010011110001000111110011100011010100110011000011111111111101011100011110000100110110100011000101010101010101010000000101110100001110111111000100000101001010001110011110101101101110111111110100101100000110010100011011010111101101011111000101000110000111101010000010001101110111010111111011010111000101100000000111101010010111101110110001000011010101001011110010000100011010101110001110011100110010101100010011101011110111000101001111 
01100101001100010011111010111110011001100000011010101100101000011110000011000110100011101000000110010101110111110011101010111101100001001001000000010001110111001000100010011001100001000011011001100000100100001101100011110100011111001000000001010010010000010100101010010010100110110011011011010000001010010001101100110100100110111110000001011100101101001111100101010001100000000000010110100100010010001101000010001101000010110000110011011010001000001100000011101110111000110101101100100001101000111101111000011111 
11000110101010011001111011010111001111011010011111011011010010000011100110101111111001001101101001111011101011011010001000010100011010011110100100110011111010000111110011101111111101110111100111110111111111110100111110011111010010011101101010101001000101100001011101101001110001110001011111000000101111010101101100110011010111011000001010110001001010111001110001000000101101011110101000010111111101010111001111011111111111001011011011011010000111111010000010110000001010000011001111101111111001010010100101001011 
11011110000000111011000000110000111001000100000011001111100101000000110111000010000010100010000000010011111101110011001001101111000001111001001011101011000000011101011100011000000100011010101101100001101110001010111100011011111110110000101011011010000011100010111011101010011101100100100010010111000100110111000000111000000110111000110000000010011010000101101010011100001111001000000011000101011111110100101001001000111010110000101011011010011001101011011010001110000101000100110000110111101011011000000011000101 
11111001100001000111101000001111111111111010000100110001000110000101010110000111011100100100000000000010010101110000000000010001011010010001001100000111111010111000110110110010000100010011100010000111100011000100000101000010111010001010010010111001110101101111010001011010100011100011010111010110100100001001101100110001101001110010100111000001011001000111100110000100010011110001100101110001001100011100110101110000100000100110101101010110101011100101110110101010011110110000101000011000011101010101101100100111 
10110111101110110011000010001001101100100011000100100101000010011111010001100110001011110101011011000110011000110000011101000010001001000111110000100011000000011110001101111011001000111110111001011101101000110000110111111100100110010111001000101010101001010001110001010011011010001001101110000111101011001110111101111111111001100011101011001101101000001100100111000111010001011110001011101001111011101011001010110001101001011000100100101111001110011011101101001011110000001010111100011011010110010011100011011001 
01100111101010111000001010111100010111001000000110000110000001001101001101111011100011010000001000010001011000001101111110111100010000011010000010100100010100001011011010101011101000110011111110011101100100010010000011011001001001100100000101101101110001000010001001101000110110001111101010111001101010010001000101011111000010110111001111111001000010000001111100101001011011010110001011000010011010111011000001111001001001000000110111011011010100001000010111010101110101111110110110011100000011110111111110010011 
11010100100100100001101011001100111000011100110101011010110111110001000011100001100111111011000111111101100010100101011110000010010011111110010001110001110000010111100011011001110100001110001010111010101101111101100111001000101010100000001111101001111010111110001110011010001000100010001000001110110101011011110101100000100111011110111011101110111110110010111000110101000101101010110001111001011110111011110011001000001100111111001010011001010100101100011100100111011000100000011011111110110010101011010111001001 
10100011110100111111111111011001101001111100011011111011111011110110110111110111010000011011110001000011010111100001100000100000111111100111101111101011011000100111010110101001100011010011111011010011111110010111101010110111000011101101011011000100010110010010110001101001110010101111110000011011111001000010000100011101111010010010000100000110100100100001111000110011100100111011111001100001101111110101011101001111110100101011100001100000010100010011001101111001011100110110101000101011101000100010010010101011 
11101011101101011101101111001101011110100010101000001011110011100010111111011011010100001100000110000111101101001111101101110010111011111110011011000101000000011111011110100111101010010001100101110000011010010101011101010101011011111100000011001010000110011110011001000110000010110100001101111110011111100001111111000111100000001110110011011111010101000110100001001001100001111111101110100110111001110010101000100011011101011100011000011111001111011011001111101011001000111001011101010011111100101001111011100101 
11101001100101100001111000011000001101110111000001000110000100001101100010110100100100110101110100010010100001110001010000111001110000011100010111010111110101111100110110011001010011010001010100110000000100011110010011011111110110100000110101010000010110010100101000001000100100100101110101010100011001011001100110101011110001001011101011001110110111101011000010111011110111100011000101001101011001001010001100000110011000000101100000101101110001111000010100110101010011110011100110011101110110101010001010101111 
11110010011100010101011000011100110100011010011101001100011010111111101110101010010010000100000010100101110001101001001010011111010110001110010110100001111011010001110001101111101100000110010111101010101000100111101111010000011111011011111001110000011001110100111100110111011011010100101110101110101111011001100000000101001011111110101011010011011001100010000011000000110001011110011000010001000100000000010010010100110100100001010101100001001101010101100001101101010001100100011101001000000101101110000010111001 
11101001000101100100110000011100011101110101010010000100000100001100000010010100100011000100110110011000110101110001110001111001010010001100111001010001110110101100100110011001110111001010000010110000000110001110110001000110111111101000110101010001010110010100101011011000101100101000001100011100011001010001100110101010100111001011101001001000110101000011001000111011001101000000000101000101010001000010000101001010101000110111100011001010111000010000000100101111110000110011101100001001001010111010111010000111 
10111001001101010001001000001001111111101110011000111011111111100101001100111110101001010111101011011110011101011111100100110110010011010111111010000001110111101010010010110011110001101101001110100000101011100001011100010110100111100000100011111111101100111100100111101001000000110011111101101111011111110000001001110101000111111110011110101110111001000111011001101101011101011010000100110011000011000110110101111111110111111011011010000110110010111010101001100111111000000101011010101000111111001110101010111001 
11101001001101011100100111001001001010101110111010011011101011110101011111010000110111001100011010001011110101011111101111110010011011110100011011010101000011100100011111101101100010011001100011110010011010110111001111010001011110111100000011001010001001001110001101010110100111100100001001011110011110100000101111001111100101111110000111011011010111110010111100000001000111100111111010000111101001010010100100001011000001111110111100011011100110111101001010011011001000011111111101011011110111101011010011111101 
00111110111111011011000001111011111110101100010100101011000100100111001110001100110101111011101111000100111111010110111001011101010011000111111011111111011011100011011010001110101000001101001000100010011110101101011110010001101010111010010010111110110001110011101111110111101010001110010110100110101110100011111001111100001010111010010101000100110000010010010011110000100110000111011001100100011111110000010010110100010100001001111100010010110011010001111110111100101101110110000111100101010111110011100011010111 
11111101110011111010000000011111100001101011010101100110110100101010010000100010101110001010001101101100010010101110100110010110011000001101011000010111101110111011010001101011110010101101101100111100100111001111101010000010011011011001001000111111101001101010100010001000110001111101111100000111101010100001100011001101101111100010000100101111100010000111001111000110100011011110110010001001100101000101010010010101001111000101011111000010010101100101111110110001001100110000001101110011110110000010010010110001 
11100000001010111101101010011101001001010101100100111011010011100101000111000110000000001000010100101000110001110011001010101111000101010110011010001001000011111011011011100010110111111111100100110111110010100110110100010100100101100001001011101101100100101011010000101011001101111000001110000100000000101111010010101001011001001111001100001000011000000001011001010100010010110101111110010010110000010111001000011110010011000100110110011000110100111110010111001011000110000000010000101010001011110111101111011011 
00101001000110101010100101100011100110101000100011110001001101001111010001100110111100010110001100101010111110011111101010110111011010110110000100101100010001100010000010111110101001010001101100010011001010011001111001100000010101010111010101101011010010111010111001101111111011011100101000010001010101110011010011111001111011001101010010111011010000010100110000010010011101001101111010111011100001101011010000010101111110001100111010010001111100011011101100111001111111101001111100001100111011001010110110110001 
11001110011011101001010011110111001100001000001011001111010000101000101011110110001010000000011011001001000000000100011101011101010010010000001010011110010001000010000110101101000001000000101000010111010100000110100101010000100001111001001000111011110101011000101001000000010111010100010101000011100010001110011110001110000010011100010011000111111100010001100101111000000000110000001010110001110011101110000101111001110100101011000110001101110100110100110001100111110001001000110111001011000010011000101001000101 
01010110011111000011001001100111001101011001000001001111111000011011000011101010000010101001100010101000001000001100010000111100000010100000001010110110101010100000110110001000010011010111001101011010000000011100000000011010110001110001100001111001101101010001001001100101001011000011001111110010110101000110111110000010000110011011000010110010011110010011000000101001010000111100101011000000010011101010001101111100100101101001001010111011110001010100100100001100111100010000100011010010001010010010110001010101 
11010101011011101110111010110110110101011001011110011001000110010110110011101011011000000000001110100000000000000001011011010110111011000111001010000110000011110100001011100101110101001101010110000001010010100001101000001110110101011001000101101011111100100000100000110010001100010101011000110110100101000100111111011011101000101110110001010000000111001101101100110000100010010110100010111110000011111011001100111011000000101100000010011010100101001000100110110110011110100000110001010100001010100000100010010101 
00010110011010001001111010101101100110111110100110100000100001111010000011111111001111010001011001111110000110001100000101001101111100001100001110111011110000011011010110100001100001101110110000101010011010101100110111110010101011111001010010101010011000011010001000110010010000011000101111010001001001100111001011001101001010000011010011001010011011001010101010101001000111001110101011011100101010010100010111111111110001100110010001010001010111011100101010100111010011100000001010111010000110011100111111110111 
10001010110101000000010010000100011111010101010111110110101000110101100001000000011010001001000100010110100010011011100100010011111011111111110010111110100110001100100101001000010001111110000001100000001001010100110011101011111001001000100101101010110000110000000001010101000010100000010101111001001100101000100110001010110001000011001011011000100101111011110000010111100011100001111110101011000001110110011100011010010100101001110000001011100011011001011010111110010111100001110000011100110110100010011110101101 
00000100111000010111101001000000001001011100000111000110000100011101000000000100100100101100010000111110101111001101110001110010001100000111011001100111110000001000010111000101100001010100011111100110111010001101110110100111001100101111000100011010111001010000110101101110001001101100111010011010100000101001001001100011111010110101110001000100110110010011110111110011100110110000011101111110100100011001010001001101101001000100010111010001001001011011010010100101000001101110100101010001110111000011010000000011 
00110101111010110111101111110001000010000110000100000101110110110000011000011110000110000100100100000110110100111011100100011001111001001101101001111111010101100101011101001110000010111011101011001001001111010111100000000011101101001100000101011000111101001111001011000011000111110100111111010011110100010010010100101001101110000110011101010101000000010011010001100010111111111010000000011010101101110001110010100110000100100001011110110010100001100001000010011001010111011111001000000011011100100000000001001111 
10101111111110011100001110001001001001111100111010111101110111010000111111100111111111101000001100010010110100011011010111111011010100111000101100010101101111011100110101011010011100110000101101001000001101000010001101000100000100111011000100101010111011000100100111000000100101010110001011010001101010111010000000100000001000011110001011010010000101011100100000010111111101100101001010010101101001001101111100000111101011001000100000001111000111101001110011101001100000101011101110100010101011100110110011001011 
00110011100010110000111011000011101110101001111101011011010100101100011011010110011011111000100111011011001100011100010111000000101010110101111111011101110111110100011010111100100010010111110000000101001111100100011111010111111101010110100100001100001110100011111110100011100010110010100110110000110101010100011110100100000111000100111010010010010000001000110011101011111000111001000101100010110010000011100000100101001110100010110000010011111110001010111100100111101010011100110110111011101011111100101101110101 
01111001111101010101101111110011110111001101011100011011110000000110010000000001010101001110110011001101000001010111001001100111110101000101110110100111001101101111110111111010101100100111001000011111011101000000011010110101100110001110110010110011011110111101011010001110101011001110001111110010101001011011000101001101110001111010011110110111100111110011111101111110111110100101010111101100110110010111011101110010000010010101011000111000110101011111001011000110010110110111010101110011001010110010010100101011 
01011011101100010100101011111011110101001101001111001011100000010110010010110001110101001011110011101101000100000111011001100110111001101101100010100111110101101000110001010010101101010111111000011111101011100101011010110001100100001101010010111001000110011000011110011010001011011111001011110011101011011011101110001011011001111011011110110100100111111011111101111110111110101100111101101100110110010111011111101010010010000101011100011100111101001000111101000100101110111001110001100011001111110000011101100111 
10101000000100000111111100000000110010110011111010100000011001000110011111111011010100010000010000100001000111001110000111111100001001000101101010100011000101000010001111001110101110010011100100010110100000111000010001110001001110000000001110011100001100001000000000100010111010110011100110100000000010010000111100011000001111000000010110100001010100000010000110110010011011110101001101101011011110111101010010100011001001010011110100010010001011000010111101110100011010011010000010101000110001000010001011011011 
10110011010010110100110001111001101100001000101101000010110010100101011100000001110111011101000101011010110110100110111100110001011100101001101000111011110111100010111011010111111100011001001010101000101101011001101010111011111111001111010100000011011010010011001100011000110011100000100011001101110111101011101000010101100101101010001001101101100001010111100010001001111010110110110101000010001110111011010011000110010001101000110110011111001101110110001111000110110101101000011111100001011011101101000101111011 
01111000001000011101110111000001101110001001100000111101110101111011110001011000010101101110100011000111101001011010101101000111100010010101011010000101111100001011010001101111110011011100111111100001001111000100010001010101000101101101100011101010110100100001111001100011100111110100000110010110110001110001011111100110101001001100001100110110101000000011101001001011000001111111101100110111110111111011001010100111000100101010101010000011010010001010111111100011000010111100100001111011011011111001000011101011 
01110101100101101011000011001001000101111101100100011010010010010010000110001000110100101101101101110010011011101111101101011001101000100011110101100011111001000000000010000010010110010001101010011001001101100001111000111011010000111000010010010111110110011010100000011000111001001111010011100011101001011110011001101101011101000001100101100001011000110000010001010100100111001101111100011011011010011101111110101010110000000001111011110110011001111100011011011110100101110100111110110000110001010001101000000111 
00000110001001011011110010001100000010000110100101000101111000000110000111000101001100110000011100100011011111010101110010011000011100011001011100101100100010011111001101100110110001100011111100101011000011100011011010000110110100001010000010110001111100000100011011101110000110100011100111011010101000101001010011110110011111110000010100010001100110100111101010110100110011010110000001001001000101011100110011001010110011010011010001001000001010111111010111100101011000111000110001110100100101100101101111000001 
01000110100010111111110001111101111010101110011111110111010000110101111110001101111110010110101110011011100110010001001011101100000110111001110011000101110111111100011101101101101110011000110011100110001111101110010110011010110101000010111011100111110111000101100011000000011100010001011010000001100011001111011110101100000000001100100100110100111000111101001010010111011010110001011001001000011010001010011101000111011000011111110100010011111101001000010001101100111110100110001011000111100001100111011101110111 
10101000101111010111100101010100101111001010001110111110000101101001110010001000001001010011100110010111101101100101000001101010001011001110101001011110000011001100110100111001101100111010010111110101011001011111101110011111111101100100101100110101101110100010110101011001001101011100111100100001010110011011001101101011011110011100111110001111110011111010011010001101111000101111111100001110110010010111001011001100100010110011011011111111000001111110011001001001101010000101100111111110100100101111000111011011 
11001000100110011010000011001100010101000010011110000000100100011100010100100111111011000011110010101100000000110111011111101010110011110000001101000001001010111000001111010101101001010111100011010110111110010101111110001111111000100011000001110011100100111100001111100100101011111010010101010101010110111100100100101011011010001010110000110001011000101010010100001001001001010010001010101111101110000111010010111111011000000011100101001100100001100001001000001101110101101110000111010101110110010011111100100011 
10100011111000000101001111101001010111110100011101111111111011100101011101111111010011101000101111101001111101110110011111011001001111100101000001101101100011101110101111000010110111110111000011100111011110011111101001001010010010111001111101001100010000011001110110001101100111010100001100000111111010100000001111000111101010011010011101011110110111110000110111100101010001000011010101010110110111100110111001101101010110101010000111001110101110010100110101111010100001101100101010101010000011000000101111100111 
01101011001101001111001100011110011110110111101100011101010101110011110111010011010101001100110110010011010001001100101101111000101001111000111101100001010110011111111100110111110011010001111101110000110010011001011001010001111011111110000011000010110110111110001101010101101000110100001111011010011111100001101111000111101000011110111000011010011101100110110000101000000000111111101011101001011100101101101000110001100100011110010001011101000011110011011111000011011110111001011110110010111000110101111111100111 
11101111000110001011100101011001000100000001100000000111100000101000000100111110111000010100011100100000001110011101001101000010011101110001101001000101001001100111110001001000011101100101010111101100100010001010111101101100111110011100001011101101101100010000000001000111000000101010000100110000111001101011000010101100000100001101010111101101010110110010110001000101001001111000101101010100100011100010000110101100111010111001110001111000010001011001101000101001101000111011100010001000101110011000100100110001 
10011010101001000110111100000101001010010111010100010000011101111000100000010110000100111000101001000001010010011110101101110111011011000010101110100110000101001010001011110000001110011101100100010000100110110100110100001101101100001110001101000101000100111001100010010000000000110001001110000011111000101101000000001000101000100000111011101010011000100100100101010010000000000001001101101001111111111001101010111001001010011000010100110100101011001011110100100010111010101111000000111010110100100101101111101001 
00011000101101000011000101101111011111000010010010111010011011110100010101001001000111111001001111110011100000110100110011111011111111111011010000010110000110110011000011000011100101010101000000000011010110001000110111101100011001100000011110011101111100101111111100011110100110011010011110010011100101001011011110110001010110100111001010000010001100110100111111110100011111000101101000111110101011111111101110011001110010111001000001110010100111011000111010001111010110111001101101010011001111111101001100110111 
11111011011101000001011001001101100101011001001011011111000101011110010001001010111001000100111110111011000101100100101110111011010011010001001110010101011110001100100010011111000000110000010101101011011010000100100011011001101110011111100001101010001100001000001000111000101010001000111100001011111001000111111110001000111011010110011001000110011100110001100001101000110000011100001000001010101011100010000000110111001000111010100000111010101111000110110111101111101111100000110111001000001011011111110000000111 
11101110101000011101100111000001100110000000001000101111110101101011110011011011010101000100001010000111101101001111101101100011101010111111011010001101110100001111010011000111110010010011100111111101001010010100011001011101000011101100001011101110000010101100111001000101100011110100001111111110100111110001111111001111100010001110110111111011011101000110100111001001100001111111001110110111110111111011101000100011000100101100011000011111001110111010101111101011000000101000000101000111111001111001000011111101 
11001010011111000001010000100101101101010000001011011101010000011110110011101110101010000001111010001001000001101100001001111101000011010000001010000100011001000100100110101111000011100000000001111010010000010000100001011011111000111001101000101010011100011000001000100001010011000101011101100011101001001110111110001010000110011110011011100110011100010001100001101001000000011000000010100010101011100110001101110101100100111010000010011011111101010100100101101111111111110000110111001000000010010011100001010101 
00001100110000110110111001000100000001010000000011000100001100101001000100100100000100001100010001110111101101001111111011111000000101000011011101001110101011001000010100000101100011100110110101000111101010011110110100100101101110110101000100011010010001000010110000101001001000110100111011010010011010101001001001100011101011010001010101000100100110010010110011010001101111001100011111000110100110110101010001001101100001000100010110100100010110111011010001110101000010101100100101110001110101000011011000001011 
11110000010100100100010110100111100011111111110000100110000011011110111111110001111001110000010001010111010110011011110011101100010111011001101100001000100011110101111000011010101001111110001000000110011110000001101001101001101000100101100010011011111011110000100100000100001100100111101000110111011000001000010000110010100100001010110000010101010011101110100101000011010000101110000101001110001110100000101000110101000001100101000010110100010010010011100011111111000100101010111001111010000101101000010100110001 
11111110010101000010010000110111011111011110100101010001001111100010100110011001010111001111001011100001011100011001101111100110111100101010010101010110100110111010111111010101010100101001111010010111111111000000001100101011101000110100100111100010000110000010011110011011011000010111001100100001001010010111100100001101001101110111110011101101010100010000111011100100111001001011001011111110010110101100101010110011110101000010111000000011111100111101111000010100010001110001111001000010010011110010110011010001 
10000010011000111101000000110101101000101100001100101010100110100101011100001001111001010100000111011000010111100111111100010101010001101001101101110101110111000001111111010101011100001001101010001010111001011011101010111011110110101111010110001011111010110011011101000000110010100000110011001110110000101010101100010101100101011110001011011011011011011111100000101110011110010110110001100111010000111011010010001010011001101001111110000111000101110110101110100010110000101001011111100111001001010100101000011011 
10100010110110111101101101011001101111111000111011011111110000101010110111110110010010000011100011100001011111010001000100101000011111101011011011001000010010111111010110111001110001010011011011010111111110010110110011111101100011101101111001000100010100011000010111011011010010101111000000001000110001100000011101001101001010111100100101101110000101100001111000111010100101111011001111100010101111100100001101111011010100111011100000100110100110011010010100011111011011010110110000101010101000100000110010011011 
11111010110010100111100110010011111010110010000100010101111110100101011110001010110101001001010000110110010110111110110100110011011010000100001101101100011101011011110000110111111100011110110000010111100001101101001100010011000110101010001110100001100111011111110010110010000011001110010101100111100001100100100110110001101101110010110001000101010001100010101110101010001000001000100111110010011110111000110000110001000100010111111111001110001110101010101011001001011111010101001001010010111101001001100100010101 
01101011100000010110001100101101100101110011110111000101000100010110101111110110011001000110101000001111101010111101010110111000101111010000111101011101100100010101010100100011011110101010000011000000100101000100100010001001011111001110010001010100111010111101110010100111110010010110000010011111000001101011100110111101011000111010010001000111100101000111101011010010101010101010000011101100100001001010111010100000011101100100111001000011000010110101101001011101010110010111100110011000110100011110101011101101 
00110110110111000111101101111011111011000011000010110111011100000011000101111011011100010101100010110000000001010000000010000001101011110100100100010000101111100110101101011100110010001111111100000000100100001000100110111110100100001010001011001111010111110010010110010001100100011101011010100011111101011010100011000111011010100010110011110100100111101000010100110111111100111100101111001111011011100101101000100100101101010010010100110101000100010110000011010001111100000111000101001011111010001011101110111011 
11000000010101011110010110000000100001000000000101001101100000011110110100111010000111010101011000010011011000000100110011100001110010110011110101101100010000000000001001001101011101101010001110101010101011000110101001100010011000001101111001000000110110110100001000010111011110111010011100011101101001110001101001000000101011010001011011000000010100010100101001011100111010011001001000011110110111001110000100100001100000101100011101001011101110111001010011100100001100001100001100001000000100000001000000111001 
00000011100100100111010110100000100000000101010011011110011001101101011011011100011100000110001110100010111010101000010101100011111011011001010000111100011100010001010110101100000000010011011101110010010101111110110010100000001010110000000101100001001101110010000010100111010100100010100100001100000110001010000111001000111000111000111111101100110110110011101101001101000100101100001111000010100010000000100111110000011111010101010101000100100100110000001111000011100001101110100010100001001001111010000100001101 
10000001111101011110010101000110111101001010001111011111011010010101111111110001101010001111101000010110000101100010111011001111100011111101001111101110111100011110011000110111010110010110011011110001010100001111101010010100011010111111001110101000011010110011100101010101110010111100001101101001111111111100010110100010101001111001111110101010000001100000010111101100000110101100101101100001101011110100100000000100010110101000101110111101011011111000001101111010110111011111110011101010000111001111111010000111 
00111110110000010011010011111010101010010010011011010101011110100100001111010000100110001000101110101011100101110010000001000111010010011100101111100011100000100110011100111011000100100001110000110110001011010111010000001010000001000111101100110001000000001100010011110000100001001011000111111110101010111010011010100101011000111110011100010001100111100101011111100000000010010111110101011010100001000101000110001110000101101100111010110010110100011010011010001010000110001100001001100100111100000101100100010011 
10111010000100000111111101010101100111100001100001111011111011110100011010111110111011001101101010111110111111010111011110010010110111011100101001110001101110100000100101000011110110001101110100111000001011101110101100111110110111100000100101110001010000111100100000111001011100010011111011001011011101010010101111010011001001011010101110101000111000100001011101110000001100100010100110101011100010011111010001111110100101101000010001010011011010100000100000111101010001101101110111011001111011001100111111010001 
11111000111101011101111111100001111011101101011100010011100000000010010100100001110101001000111111000101001100010111011110100111011111001101011110110111001100111010110111010010101110100111101000101101111001010100011000110111101010001110110010100101011000001101000101001110111001001100101111100011100101010010001101100100010101111011011111110100110101110011111110010010110110110100111110101100100101111001011110010001100000100100001000101101110111010110101011000011011111110111100101111011010000111001010001101011 
11011001110101011110011101100001000001000101010101001101100010001100010100110000000011000111110000001110011100000001110011100000111010100010110111101001001000000000000110011101011101001010001110101110110111111010100010000000000000000101111011000001111110110011000110000011101010111001001101001010000001100111101011000000111010111001001111100010110000010000111001010110110011011001001001011111110101011110000001000001110010100000001100000011111100110011010000100000010100011100001001000100010000010011000000011011 
00010010011001011111110101100110011101001010011111011111011010110101110111100001101011011110101001010100000101101010110011000011000000101011001110101100100101011111011000110011011110110110111011000110011101111111001000010101110110110101001110111000111001110000000100011100010110100100001111100001111111011100010110001000101001101000101100001010000011110000000111000110000110111100101101101010001101000110100100010100101110111000001110010100001001101100001000111011110110011110111000101011011110010111111111100111 
11100111011110100000100010001111001000110011011100111111100110110101100001100110001111111111011011011100001000010011010110111000110011000010111110110011000100101000000110111011011000100011111001010101101000110000110101101100100110111010001001001010011110010100110001110111010011000001001110001111111011101010111101111101111000111010111011100101101011000100100001010110100010110111010101001001100110001011100110110000000010111100000101101111010111011111001101101001010100001010110001110011100110110110000011001001 
00000110101010101011001001100111011101111001100101010011010001001001100110100011000010001011100010001101001001001101000000111001010000100000110000010110100011100100100011010000000011100101101001011011000110001001010000101010001001111101110000111100011100010111011111100101000010000110011111110010110100001111001001000010000100011010000111010110101110010000000000110101011010110000110011010000000000001110011101101001100101101110001000101001010011010111000100101101001100100000100001111011011100010010110000010101 
11010110101101011100010010000101101100011011101011011101011101100110111000111100011000000010111010001011010000001100001000111101101010010100001010110100000010010101100011011111001001100001000001000110110010000110000001010001101001110001110000101111111000110001101000100001101001010101111101010010111001001111000000001001100000010000011011100100011101110000110100000001001101010000000000100010000111010110001111100100111101111000000110111001110101010100100001111011111100000010111011001000001010010011100011000101 
10101010000100100001011011011110111001111101010101010011001111111110111110011100111000110111101101101001011010011101101000011000010001010111001111011000110010011000101100001011000111101001001111111011010111110011101101110000100110110111101100010101111000000110100010111110110010101010111110101000000011100000000111010011111101101110011100110011111001111110011100001001010101011001011000111010010011010111010110010000100011101101001100000010011011111000101110011111010001110011011100001110101011101111100111000001 
01011011010010001001010100101010011111011010010010101001110010110100111011011010110000010000100101100110010110001001110000001100110010101000001100000111010011011110100100101001100010110101000011010011101111100000000100110110001101000101101110010001001110100100111001011111000011100000111100010100101000000010010001000010001001011011100111000011110010010001001111001010011011000100010000011111110100100110110000100000000010001000001001011111011111111000111010100000111011101001110000110100101011010101010111101001 
00010001100011100011110101101100010100110111110000001011100010101101110101100010110101110001010110110011000011000100010011000010101101011101011110011110111000010110110010100001010111110101000000000101111100001110111101100011111101001010010010011010100001011100011011010000101001000110011100011011010111111000011010100101100110000111111000001010001101010101000111111011110111100111101010010101001100010100101111011000110110011101001000010110100100010011001000100010011110101101101100111011011011111101010101000111 
11000100000000001010111100110110011011110101000010100010111110001110110110000000110000111101100100011110100101000101011111011001000000001100101001110011010001001101111110000110000011111010011111110000101010001001110011000110011001111001000101001000011111111100101000010001110110000000000110011011000110011001110111110010100010111111110101011110100101011000101101110110110100100000100111001100000111001101001010011100101100100101010010001100111001011011010010101110101100110001101100000010111010111101001000001101 
00010001101010010001000110010001011111110100110111111101110010000000110010110101110101110001100101111010110100010110101110000101110010100000010000001110110010111110101110100110010011111010011100010111001101000010010101101100001110110111101010000001001101101101011000011001001000100000100001100010101010100010101011110010111101001011010110111101111000110100000111010100101000000110011011000111011100100100100000100100000100111001111110111010000111111111010001100110011010111101000011010101101011101101101111101101 
01011010100011010100101110111001111111001101001001111010101000000110010000111001110110001011111001000111100110110111010000110110111001101111101010100111110101101010101001110110001101101111111000101110001011111111011010110001100000010100010011110101000101011100011010011010001111011111001011000011100001010000101111011011111101001011011111110110000111111000011101111110011110101000111101110101010110010110011111101010110000011110000100000100101000001011111101000101001010111100110001110101101111110001010100000111 
