10001110110001111000101010111010110101110111011000110110101111011111111100101111011011111010011111000111101110101010111011111010101001100110101111101111100100111011111111111011111011101110110000011100101101110100101100011100001100011101110001001111000111101011001000111111110010111100110101010011111010010110001001111100000100110111100011111100100011111101111111011101100101111001110111111111001001100011100100110110010011001101001101101110001011101000101011011100010101101010110101010111111100001011111001111101 
00100001101110010111010101000101001010001000100111001101010000110001000011011101100100000101100100111000110001001111000100110101000100001001000000010011011010000100010000000100000000010001001111100011010010001011110011100010110010001010001110010000111000011101010100101000000101010010001011001110000101101001110010000011101010101000011100000001011000100010000000110010001000000100001100000000100110001100001011000001101100110010010010010001110010010111001000110011101000000101001011000000000011010101001110000010 
01100001001110000111010101000101001010001000100111001001010000100000000011010000100110000101100000111000010001011101000100000100010110011001010000010000011011000100000000000100000000000100100011001000000111101111001100010100100110011110000011010001001000111101001001001011001000110001000100000101001001011110100101100110100100001001110001111100000010010010001000010011111110101000110011001001001111001001100000011111100010100011010111100100010110001011001101101010000001111110111110000000100000110000111000000001 
00101000000011111001011110110110100101000101001110101101101101000000010010000101100110110100001101111101010001101000110000011000110011010011000010111001011010010001001100001100000000000100100011001001100111101111001000010100100110011110010011010011011000111101001001001011001000110011000100000101001001011110100101000110100100001001110001111101000011010000001000010011111110101000111011001001001111011001100000011111100010100011110101101100010110001011101101101010000101111110111110000100100000110000111000000001 
00100001001110010111010101000101001010001000100111001101011000110001000011011101100100000101100100111000110001001111000100010101000100001001000000010011011010000101010000000100000100010001101111100011010010011010100011100010110010100010001110010000111000010100110111000000001101100010010100110011111011010110001000111100000101010111100011111010101111011100111111011101100101110001110110111110001001101011100100110110010010011100011010011011101001110100010010010101111010000001000001111111011111001111100111111111 
11010110011011110110010101000101001000001001100111001000010000110000000011011000100100000101100000011010010001101111001100100101010110011001000000011000011011000100010000000010000100010001001111100011110010001010010011100011110010100010001110110000111000010100110111100010001101000010001011001100000100001001110110001011111010101000011100000001011100100011101000100000011010011110001000000001110110000100010011000011100011110110100010101000000110011110010001000010100110100011010110101010000010010100101010100101 
01011010100010011100101110011111010110100001101110100111011110110010011100001010101100011010100001100101000000010111010101101000000110010000011110000010000001100111101000111111111000000111100111000000001111110011111101111011001001010110100101001111101001111011011010101110010111010111000100010110110010111111111011111010010001000101100100110101101001011111001001111000011001111011010011100100001100100000111011011111110100100110110110110000110110111101011100011110111100100001111111110010001111110000111000000101 
00011000111100011001110000100110000111010110010110001000000010001001101001101100001010010101001110010000011001010101101000000111001101011000110001000011100000110001110101011001111011101110110100011100101101110110001100011101001101001101110001101011000111101011001000111101110010011101110100100011111011010110111001110100100101010111100011111110100111011100111111011101100100010001110111111110001001100011100001010110010001001101011101001110001011101000001010011100010001111010110101010111111100000011110001111101 
01001010001000001010011011111110011100011001111100010101100000001110010001001100010001101011111001100101001000111100011000101110000011100000000011111110011000000100101110010011000001011010000000011001001100011001111101001110011000001101110101111000000000101001100111000100010110110100011011000000100011110011101001101110110001110111110111000001110011001000010010011111011001010001101001010110110000011110110000100111110101101110110100100001100100101000000011011000100001101011110101100001011101111110011001000011 
10001110100001100000101011111011011110110111011000100110101111001111101100100111011111111010011111001111101010110000110011011010111001100110111101001111101100111011101111111011111011101110110000011100101100111100101100011100001101011101110001001111000101101001000001111111110010011101110110111011111011010110011001101100001111010111101011111110100111011110111111010101100111110001010111011110001001100011100100110110010110001101001101101110011011100000101011011100110111111010110100010101111100001011110001111101 
10101110110001111000101010111010110101110111011000110000101111001111111100100111011011111010001111000111101110110000110011011010101001100110101111101111110100111111101111111011111011101110110000011100101101110100101100001100001101011101110001001111000111101011001000111111110010111101110100110011111011010110001001101100001101010111101011111110100111011100111111011101100111110001110111111110001001100011100100110110010111001101001101101110001011101000101011011100010111111010110100010111111100001011110001111101 
01110000001110000111010101000101001010001000101111001001010000110000000011011000100100000101100000111000010001101111001100100101010110011001000000010000011011100100010000000100000100010111000111100011010010001011010001100011110010100011001100000111000011011101111100110100101010011101010010001010001000101101101101100000011101000001000000000111011000100011000000100010011000000110001000000001110110011100011011001111101000110010110010010001111100010111010100100011111000000101001011101000000011110100001110000011 
00101001101100001001101010111110111111110110011000110111101111001111111100100111011011111010011111100101101110010100010011011010100001100110111111000101100100111011101111111101111011101110110000011100001101110101101000011110001101011111110011001111000111101011001001011101110010111101110100110011111011110110001001110100000101010111100011111110100011011100010111011111100101100001110111111110001001111011101100111100001110001001011101010111111001100001000110111101011001011100101001010101111101101011010101011010 
11100111000011100110001111011001111000101001101001110111111101110110010110010010110101101010110001101011100110101010010110111000110010100111001110111100111110001110001010100111001001100001101101000111000101011011110101001000111110000111101101011100000101000001010000101001110010100101011111101000010100001111110011101011000110011110011110000001111000110010110100000000001100100110100101011100100000111110111010101000100110010100111110000001101110111010000010010101011111101101100100101011000110110010011101011101 
00101001100100001011101010111010110111110110011000110111101111001111111110100111011011111010011111100101101110010000110011011010111001100110111111101011101100101011101111111011111011111110110000011100101101111100101100011100100101110101110000001111000101101001000001111111010011011101110111110011111011010110011001101100001111110111101011111110100110011110111111011101100111110001110011011110001001100011100100110110010110001101001101101110001111100000101011011100110111111010110100010101111100001011110001111101 
11011110100001100001101010101010110101110111011000110010111111001110101101101110011011111010001011000111101110110000111001001010101001100101111111111100100000111011101111111010111011101110110000111100111100110100101100011100001101011101110001001111000011101011001000101111111010110101110100110011111011010110001001111100000101010011100011111110100111011100111110011101100101110001110111111110001001100011100100110110010011001101001101101100001011101000111011001100010101101010110101010111111100001011110001111101 
01010010000010100011011101100101111110110100011011110010001010110010101111010101101100011101101001010000110110001001110101001010111001110110111110101100101001011011011111111010101011101011110100011001101101110100001100011101001101011101110101101111000101100010101000010111111010101101110100010011111010010110001101111100000101000111100011111110100111011101111111001101010111111011110011111110011001100011110000100111010011001111001101101110001111101000111111011100010111111000110100111111111100001011110001111101 
11000110011011100110111011010110111001011010110001000010010010111111101101111010011001001011110010000010101110010111001111100111101101101100111101000110100101101110110011110011111111111011011100110110011000010000110011101011011001100001111100101110100111000010110110110100110111001100111011111010110110100001011010111001011011110110001110000010111101101101110111101100000001010111001100110110110000100110011111100000011101011100001010011011101001110100010010010101111010000001000001111111011111001111000111111110 
11011110110001101000101010111010110101110111011000110010100111001110111100100010011011111010011011000111001110110000111011001010111011110110111111101100100101111011101111111011111011101110110000011100101101110100001100011101001101011101110001101111000111101011001000111111110010011101110100110011111011010110001001111100000101010111100011111110100111011100111111011101100101010001110111111110001001100011100101010110010001001101001101101110001011101000101010011100010101111010010101010111111100001011110001111101 
01001011011000100101000110000000110110100000100111001101001001110001010011011001000000000111110100111101010001001111001100110101000100011001000100010011011010000100010001100100000100010001001011000011010010001011110011100010110010100010001110010100011000110100110110110000001001100010001011001100000100101001100110000111011000101000011100000001111000100011000000101010011001101110101000100101110110011100011110101001101110110010110010010000111010111001010000101001001111001000100001100011100001010100101010100101 
11000111111000000110100001001001011010111101000100001001111100000100000001001001011110000011110111101100001011010010100010010110010000111011110011110010010111101100001001101100111000011011101011001100000010010110001100101100100000011011011110001011001000111010001001011110111100010100010110010110011000111010110010100011010011101101001001011100000001100110001100110010101110010100100000110001100010000011100101110110111010011011101010010011101001010111110010111011011100010000001101011111000010011110100101011101 
10100101011101100011010100000100100001001000100111011001010000110000010011011000100000000101100000100000010101001111001000100111010111011001000010110000010011100110010000000100000100010001001111100011010011000011010011000011110010100010001111110000111010010110111110000001001001100010001001100000000100101001000110010011110000101000010100000011011000100000000000101010011000001110101000100001110110011100011011001001101001110010110010000001100100011111010100100110001000000101001011100010000011110100001110000010 
11110000000101100111010110110100011111101011111111001000001111110111001011011111011011011100000100011110001001001101101101111101001001000101001001011111011001010011111111010011101001101011010101011110111101100011001001101110011101011011111000110011111001001011001100111110110010111101110100110011111011001110101001101100001101010111101011111110100111011100111111101101100111110001110110111110000001100011100100110110011111010101000101101110001011101000111111011100010111111010110100111111111100001011110001111101 
11011110110001101000101010011011110101110111011000110010100111101110101100100111011011111010011011000111101110110000110010001010111001110111111111101100100101111011101111111011111011101110110000010100101101111100001100011101001101011101110001001111100111101010001000110111110110010001110110110011111111010110001001111100000100110111000010011110100111011100111111010100100101100001100111111110001001101111101100000001001111011010011010011110110010111000010000101001011110001000100011100111100011010100100011100101 
00100001000110001111000101000101001010001000100111001101011001110001000011011000100100000101000100111000010001001111011100110101100110001000000000010011011010000100100010000100000100010001001111100011010010011011110010100010110010100010001110110000111000010101110111001000001001000110001001001100000000000001110110000011111011011001011101100001011000100011000000101010011010011110011000000001110110011000011011001001101100110010110010010000010100000111010000100011101010010101001010101000000011110100001110000010 
01001001010110010111010101010101001010001010100111001101000000110001010010010001100100000101100100111000010001001111001110110101001110001000000000010011011110000100010000000100000100010001001111100011010000001011110111100010110010100010001110110010111000010101110111001000000001000100001001001100000000101001110110000001110011010001011101100001011000101011000000101011011010011010011000000001111110011000010011000011101110110110110010101000000100011110010000001010100110110001101110001100011110001000101100011011 
00011000111000100110111010011100000010111011000001111101000101000000011110011101011110100000011110010110100101100110010001010111000011100111101001111101111110011001010111000001000111101010000000101111110110011100010010000000110110101001011010110000010110100000100101010001000000101000111011100000001101000000010101010101101110101010011111001010010110100000011100000011100110010100101100001011100011011111000110100000001011011101001001011011001000000000110001101111001011011110000110101101110011001111001111111001 
10010001100111110110010111101011000100100011011111001011001111000000010111001000011000011110110100000111111000010001110111010110000110011101011111110101111010000010101101111100010111111110101000100001000011101010110000001001011011101100011110001100000110100111111010000110111001000101011111111011111000101011001011011110101110000001110010001011011110000000111110011010010001000011100110101010010111001100100100000001010101010111010001110000010100110111011010100101110101000111110100111100100101101111010000001001 
11011010110001101000001011101010110010001000100100001101010000110101000010000001100110000101010101111000011001001011001000110110100110101000000000010011011110100100100000000101010100010100001111100110010010001011110011100010110010100010001110010000111000011101010111101000000101010010001011001100000101101001110010000011111010101000011100000001011000100010000000110010001000000100001100000001100110011100001011001001101100110010110010010001110000010111000000100011101000000101001011000000000011110100001110000010 
10010110111001011000000001010010000110011010110010010010110101000011101001000101111000110001001010110010100010000001000100111111101111010111110010100011001010011110010010110101011000111001000001111000011101000010000101100000100101010100100100001110110010011100101011100111001011001101101100010001111110110101000111110111000100100010011110111000010111101011011110000101001100111001001110000001001010011000101101111100100111101001111011010010100110001011101111111000011011010011010101111011010010100001110011111101 
11011110010111001001110001011100000001011010001000010000110010010011010001100100001100000001011110100111100110001000011101000111111010001111101000001010000001000001001111100010101111101001010011010000100100001111101010100111010010100011011011001011101110010100101101010001111110111010000110111000100101100010111111110101101001101110000011010110010101100000001010001101010000011111010110011110001101110000101011101001111111101011111101000110110010101010010111011111101101011101001100001001101111001000101100100101 
11001110110001100000101100000101000000000001111010010000100111001110111101011111110101111110001000001110011101000001110111000100100101101011000001111011101001011000010001100101001001001111000111110111111001001001000000100000101001100011001100000111010011011101111100110100101010001101000010001010001000101101101101010000010101000001001000000110000001011011100011101100100100100011100110001000011010011011011100000001001111011010011010011010111010111000010000101001001110011000100011100111100011010100100010110101 
01100111001001000010011011011101101011010100110010111001000101010001111100000001010111000011001100100110001011101001110110000101000000100111101001110101101110001001010111001010000111101010010000100101110100001000011010000100110110101001011011110010010110000000100101011001100010101000111011101001001101000000010100000111101110011010011110101010010110100000110100000011100110011100001100001011100011011111000110100000001011011101001001011011001000001000110001100101101011011110000010101101110011001110011101101001 
00111001100100011001000100100001000110100101001110111101101101000000000010100101100110110100001101111101010001101000110000011000010010010011010010111001011010010001001100001100000010000100100011000001100110101111000100010110110000100000001100110000111000010101110111001000001001000110101001001100000000101001110110000001111011010001011101100001011000101011000000101111011000011110011000000001111110011000010001001011101110110110110010101000000100011110010001000010100110100001101110001100011110001001101100011011 
10011110110001101000101010111010110101110111011000110110100111001110111100100110011011111010011111000111101110110000110011001010111001110110101111101111100100111011101111111011111011101110110000011100101101110100101100011100001101011101110001001111000111101011001000111111110110111101110100110011111111010110001001111100000100010111100010111110100111011100111111010101100101110001100111111110001001100100010011001011101110110110110010101000000101011110010000000010100110100001101110000000011110001001101100011011 
00100101001110010111010101010101001010011000110111001111000000110001000010010001100100000101100100111001010101001111001110110101000110001000000000010011011110000100000010000101000100010001001111100010010010000011110111100010110010100000001110110000101000110101110111001000001001000110001001001100000000100101110110000101111011010001011101100001011000101011000000001011110010011110011000000001111110011000010011101011101110110110110010100000000100011110010000100010100110100001101110001100011110001001101100011011 
00111000000111111001011110110110100101000010111011100110000011110011111110110010100001111010011111000111101110110000110011011010101001110110101111101111100100111011101111111011111011101110110000011100101101110100101100011110001101011101110001001111000111101011001000111111110010111101110100110011111011010110001001111100000101010111100011111010101111011100111111011101100101110001110110111110001001100011100100110110010011001101001101101110000011101000101011011100010111101000110101010111111100001011110001111101 
11000110110001101000101011101011110101010111001000010010111111001110101101111110011010111010011011000111101110110000110001001010111001110111011111100100100101111011101111111010111011110110110000011111101101110100001100011101001100010111110001001111000111101010001000110111010110111001110110111011111111000110001001111110000100101010100010011110100111010100111111010101100001100001100011111110000001100011101100110100010001001101001101010111111011101000101111011100000101101001001010001100011110001001101100011011 
10001010111100111011111111010011111011001111111000010100111110101110000110101010110110100001101110111011001011001100011001110110111011010100110111010111101010011010111001100000110011111001010101000101010101110101001000001101111001011101110010101011101010010001101001000000111010001100101010110010100110110111010010000100011010001000011011000010000110001010000100000110110001011110110011111101110001010000010110010010101111011111000100011111100100001101011100010000111110000100111000100000101001000101100111000101 
01001000110000111111111111111100010101000000011100111111101100001110100100011101010111100011110000000000011011110110101011000001111110101011101110010100110000001110111111000001100111010001110101010001010101001011010000001111111101111011110111000000100000110000001010000011101100111101001111001101111001100111010010000010001110100001011000101110010100001100111010110101001111001011101110001110101110001101111001010110011001110000001001111011110000000001101101111101011000111100111100001100110000111110111110110001 
01011110001001000010011011010100101011010000110010111001000101010001010100000001010111000011001100101110001100100001110110000101000000100111101001111101111110011000010101011000000110101010010000101111110000001110000010001100110000101001011110110000010110001000100001110001100010101000111011101001001100100000010100000101101110111010010111001010110100100000111100000011100100010100001100001111101011010111000110100000001011011101001001011011001000000000110001100101101011011110000010111101110000001110010101101001 
10100001001110010111000101010101001010001000100111001101000100110001000010010001100100001101100100111000010001001111001110110101000110001000000000010011011110000100010000000101000100010001001110100010010010001011110111100010110010100000001110110000111010010101110110011000001001000110001001001100000000101001110110000001111011010001011101100001011000101011000000101011011010010110011000000001111110010000010011001011101110110110111000101000000100011110010000000010100110011110000010001101110000001110010101101001 
10010100101010001111000001011100010011111110000011011010001011100001010010010001100100000101100100111000010001101111000110110101000110001000000000010011011110000101010000000101000100010001001111100010010010001011110111100011110010100000001110110000111000010101110111001000001001000110001001001100000000101001110110000001111011000001011101100001011000101011100000001011011010011110011000001001111110011000010011001011101110110110110010101000000100011110010000000010100110100001101110001100011010001001101110011011 
01001010010010111010000101100010000000101001110110010011101011100100001000010001010010110000110101000101011000100001100100110000111011101010100000010010011101100001100000010001100110000011000100011011000010001001000111100101111000011001000010100100110001011111001010001111101101101010010001111111111001010110011001110111110001100101100001101101101001110000001100011100011111010001010110001101011011001000111011110001000010000001001011101000111010111110101111010111011010000011010111011000000001001110100101110011 
11001010110100101010101110100011010011001100010011000010111011010110001110110000011100101001000000010101110101011000000011001111000111111001100101000100101110000110110100111110110111010001001100011001010101100000011001011111111110100000001110110110000110001111010010100000111100111101111101001101100101110101110101011101110101101110100110110111101011010001110011100111110010100101000101101111010000010100101010101111100000100011010110011000000000001100000111000111011110110000000111110101101111100000100100011001 
10010100101010000111100001011110010011111110000011011011101101000000000010000101100110110100001101111001010001101000110000011000010010010011010010111001011010010001001100001100000000000100100011001001100110101111001100010100100110011110000011010001011000111101001001001011001000110011000100000101001001011110100101000110100100001001110001111101000110010010001000010011111110101000110011001001001111011001100000011111100010100011110101100100010110001011111100101010000101101110111110000000100000110000111000000001 
01101000000010010110010010110001100100101001010011001011001101101111011000110011111000011111110000100100001100110011011110000100010110111101110111011000101000100010101001010001101100110001011001010110110101111110111011001101010110011110101101001010011110110100010000101111011101100100011100000100000000110100111101111011011011110010101111110111001011010101001011001110110110011011011010100100100001000001011111010110010100101100111000100011001100011101010100001011101110100001011001110110110100101010000010000101 
11111100110111100010000011101101101100010001101110110100010000011111010111101011011011010001100100010111110001001101110110000011101000111100100100001111010010100110111010111100010010100001101101001011011011100100010101001101100010011010100000001010100001101100100011100001000111000001000001001100011011110110100111111111001100111010001010110000101100001110101010001010101101000001001100011101100010010111100001110010100010100010100001010100100010101100011111101111110110011101000011101000010101011101110100001101 
01011110001001000010011011011100101011010000110010111001000101010001000100000011010111000011001100101010001100101001110110000101000000100111101001111101111110011000010111011000000111101010000000101111110000001110000010001100110100101001011010110000010110001000100101100011100010101000111011101001000100000000010100000101100110111010010011001010110110100000101100000011100100010100001100001011101011010011000110100000001011011101001001011011001000000001110001100001101011011110000010101101110000001110010101101001 
11010111111100000110100001001001011010111001000100111001111100001100000101001101011110000101100000111100010001001111001100100101010110001001010100010100011001000100011000000110000100010001001111110011010010001011010011100001110000100010011110110000111000010100110111000000001101000010001011001100000100101001110110000011111010101000011100000101010000100011000000100010011010001110001001000001110110010100011011001001101101100011110101100100010110001011101101101010000101111110111110000000100000110000011000000001 
11001110110011100000100010101010110101110111011000111010111111001110101100101010010011111010011011000111101110110000110001001010111001110011111111101100101001111011101111111010111011101110100000011111101101110100001000011111011000100001111100101110111111010010100110110100010111001100111011111010110110000001011010111011011001100110001110000010111101101101110111101100000000010111001100110110110010100110011111100111101110110110110010101000000100011110010000000010100110100001100110001100011110001001101100011011 
10011001101010101011010111111110111101111110001100111111011000110011000110100000001010001001110110100001110010111110001100011011011010100100111110000100010110000111111110011010110110010010111000001000000110110110011111111011000001010100100111001111111001010111111010101110111111010111000100010111110010111111101011011110011000011100001000110011000101110010100000111001100010111111010011110010110010010111110100111110110000010011110110001001011111101101100101110000011110100010101101010001011100000010000110001001 
10101101111101011100100010011010000001101011100100001101110101001100010000101010010011100010010110101111000001110110001010110101000110001001000001010011010110000100010000000101000100011001001111100010010011001011110011100010110010101000010110110000011000010101010111001001101001010110001001000100000000011001110110000001010001001100101101101111001001011001011111010001101010100011000000010101000111100101000100001101110001010001000111011101010011001001110001000000110111000111010000011101111000011001011100100011 
00011111100000011001101010001100100000101110110010011001000100001101000100110011101001000010011100001110010010110001111000100110100001011110011111111110010011000011001010010100000010001011100101100100000101110010011100000010100110111101101011011001000101011001010001110110001000111001110100100010010110111001100011110001101101011101011101110101001110110111010001101100101001101100001111101101000101011011001100110001100011101110101001101111001110000011101110010111101111011011010010101101010100011111001010111001 
10110001100110111101100100100111010100101011001101000110111010101110101011101110101000111100110011010001110101011110001001111010111111011000011110000010000001100111101000111111111000000101101111010000001111110011111101111011001001010110100101001111101001111111011010101110010101010111000100010110110010111111101011111010010001000101100000110101101001011111001011111000011001101011110011110100011100100000111011011111110100100010110110100100110110111111001110011010111100100001111101110010001111110000111000000111 
10111010001111110010101010111010110101110111001000110110101111001110111100110111011011111010011111001111101110110000110011011010101001100110001111101111100100111011101111111011111011101110110000011100101101110100101100011100001101011101110000001111000011101010001000111111110010111100100100110011110011010100011001111100000101010111100011111110100111001100111111011101100101110001100111111010001001100011100100110110010011101101001101101110001011101000101011011100010101101010110001110111111100001011110001111001 
00110001001110011111011101010101001010001000100111001101000000110001010010010101100100000101100100111000010001001111001110110101000110001100000000010011011110000100010000000101000100010001011111100000010010001011110111100000100110011110000011010001011000111101001001001011001000110011000100000101001001011110100101000110100100001001110001111101000010010010001000010011111111101000110011001001001101011001100000011111100010100011110111100100010110001011101101101010000101111110111110000000100000110000111000000001 
00101001100100001001101010111010110111110110011000110110101111001111111100110111011011111010011010000111100100110100110111001011011001010111111111101100100001011001011111111010101011101011110000011001101101110100001100011100001101011101110001101111000111100010101000010111111010101101110100110011111010010110001101111100010101010111100011111110100111011101111111001101110111111011110011111110011001110011110100110110010011001101101101101110001101101000111111001100010111111010110100111111111100001010110001111101 
00100001011110011110010101010101001000001001100111001101000000110001000010010001100100000101110100111000010000001011000110110101010110011010000000000011111111000100010000000101000100101110110000011101101101110100001000011101001101011111110101001111000111100011000010110101110110111001110110110111111111010110000001101110000100101110100010111111100111010100111111000100100111100001100111110110000001100111101101110100010001001001011101010111111010100001101111111100011001011010010001110001100001110110010011100101 
00100101001010010111110100010101001101110110011010110010101111000010111101111110011001111010101010000101100110110000110101001001011001110111111000111010011011000100010000000010000100010001001111101011010010001010010111000001110010100001001100110000111000010100110110100010001101000010001011001100000100001001110110001011111010101000011100000001011101100111101000100000011010011110001000000001110110000100010011000011110001110110101011101000000110011110111001000010100111100011010110101010000010010100101010100101 
10111001100100011001000100101011000110100100011100111101100101000001010010100101100110110100101101111101111001101000110000011000010010010011000010111011011010010001100000001110011000101111001010101111001010100100101011110000000010000100001000111111011111001111111100111100010010010010110000110010000100010000101101111101110001011110100101010001101011110011000101001010110000110100010001111001010101110010100110111110110000100101100101100001000101000111101111100110010001011111011110011001011100101011011101011011 
00011101111111100010110111100011011000110000000011000000001011011001100110000111010010010011010011010101011001110110101011110001001100101010111001110000101101111101100110000011110101101010010010000111000011111110000111101110101011011110111011010111110111100010011000101101011101111011010111110111100110001010110110110110011011011001011101101001011000101011000000111010011110011111011000000001101010011100010011101011101100110010010010110001000110010111010100100011111010011101001011100110101010111011010110110111 
01011110001011000010011010011100101011010000110010101001000101010001010100000001010111000111011100101110001100110001110110000101000000000111101001111101111110011000010111011100000000000100100011001001100011100111001110010100100110011110000011010001011000011101001001000011001000100011000100000101001001011110101100100110110100101001110001111101000010110010001000010011111100111000100011001001001111011001100000011111100011100011110100100000010110011001010100001001101010100001011001110110110110101010000010000001 
00101000111000100011010100111000000011110000001100011010011100011010001000001110111001001111110101100000000101001101010101001010100101001101001011001100001001001010010010101110001101111110111100111100001000100010010010101011001011101111010100110011111101000101010110011001010011100011101001100100011011000010101011011110011000011100001000110011000101110010101000111001100010011111010011110010100010010011110100111110010000010011110110011001111111101101100101110100001110100010101101010001111100000110000110001001 
00110000011110011111010011111010111111111110010101101111011000110011000010100000101010000001110111110001100110111110001000111110010010010100111110000100010110100011101110011110110110110000110000001001000101110110111111011111010110011100110011111000101100100010110011001011010101110010111101110100110111010010010010101111111010111110110111111001111110100100011100010011011011011100011001110111100101100100100011111110110000100101100011111010100000011110010001000010100110100011111100011001010101000100111101000001 
00101001100100001001101010111010110111110110011000110111101111001111111100100111011010111011011111100101101110110000110011011011101001100110111111100111100100111011101111111101111011101110110000011100001100110101101100011100001101011110000011010011011000111001001001001011001000110011000100000101001001011110100100000110110100001001110001111101000010010010001000010011111100001000110011001001001111011001000000011111100010100011110101100100000110001011101101101010000101011110111110000000100000110000111000100001 
01110001001110000111110101000101001010001000100111001101000000110001000011011101100100100101100100111000110001001111000100110101000100001001000000010011011010000100010000000100000100010001001011100011110010001011110001100010110010100010001110010000111010010100110111000000001101100010001011001100000100101001110110000011111010101000011100000001011000100011000000100010011010101110001000000001110110011100011110101001101110111010110010010001110100010111110101100011101010000101101010101000000011110100001110000011 
10011000110110111101100100100010010100101111001101000110111010101110000011111110101000111100110011101111100110101010010111111000110010100111001110111000011111001110001010000110000110010101001011100011010010001001110011110010110010110010001110010100101000010100110100000010001111100010001011011100000100101001000110001011011010101000011100000001011000100011000000100010011011101110001000000001110110010100011110101001101110110000100110110001110100010111010100100011001110000101001011101000100011101100001110000011 
11010110001011110100010101000101001000001001100111001000010000110000000001011000100110000101100000011010010001101111001100100101000110011001000000010100010011010100010100010100000100000001001111100011010000000011010011100011011010001010001111001111100101101000000001110111110010011101110110110011111011010110011001101100001111010111101011110111100111011110111111011101100111110001110111011110001001100110100110110110010110001101001101101110011011100000101011011100110111111000110100010101111100001011110001111101 
10101110100001110000101010111011011110110001011000100110101111001111111100100111011111101010011111001111101000110000110011011010111001100110111111101111101100111011100111111011111011101110111000011100101100111100101100011100001101011101110001000111000101100001000001111111110010011101110110110001111011010110011001101100001111010111101011111110100110011110111111011101100111010001110111011110001001100011100100110110010010001101001101101110101011100000101011011100110111111010110100010101111100001011110001111101 
10110101101111000101111010011101111111010110001001101100010100011011110111101110101101001111001010111010100111011110011011011101000100010101011111100101100010011110111111101110011001111100111011100000111101100110111000011010000111100110111101011111000110100000110101110000010010010101111110000000000110101001110110001001001110011010011110010010010110001111110011100011100000101100101001110010100100110111000100001110111101111110110100010111000101000001010101000011101010000101101110100000000011110100011110000011 
00001111111010011000111001001011100000010100000000110111110000001000110100100000100100100011111011100001110110110010010010000010110110011010110110100000100100101100000000101100010110010100101011100001000010011100110110000011100000100100000111001100000110110100110011000001001101000010001011001100000100011001010110010011110010101000010110000100011000100011000000010010010000001110001001100001111110011100011011001001100000100011111000010001110101010111000000100011101000000101001011000000000011110000001110000010 
00100101001110010111010100010101001101110111011011110010111111001010101101111110011011111010101010000111100110110100110101001001011001010111111111101100100001011011011111111010101011101011110000011001101101110100001100011101001101011101110001001111000111100010101000010111111010101101110100110011111011010110001101111100000101010111100011111110100111011101111111001101110111110011110111111110001001100011110100110110010011001101001101101110001011101000101011010100010101101011111101010111111100001111110001111101 
01000110011011100110111011011110111000011010110001000010010010111111111101011010011001001011110010000010101110010111001111100111101101101100001101000110100101101110110011110011111101111011011100111110011111010000111011101001001111011111110011000111000111100010001000110111100110111001000110110011111011010110001001101110111011001000010101010001011000000011000000101010011010111110011000000001110110011001000011001111000111110110100011101010000000011110010101000010100110100011101101011001010100000100111001001001 
00001101011010110000001110011000010000000111111000010110000010100011110011100001110101101011000010111101100011111110010001010000010101001100000010111111001110111001100010100000011011100011011001100011001110011110110101010011100110001101100011010010001110000111111010011101011011011111101000000100011100110101010001000011010101001001100101001111111000111101011100010110011100110011100000001101011000000101010011001111001010000101111011101001110100111100011110000010000101110010101110001110011001110100111000100001 
10110101100111011010111001111111001001011111011000110010100110001110101100100110111111110000001011000110101110110000110011001010111011100110111111101100100101111011101110111011111011101110110100011100101101110100001100011101001101011101110001101011100111101011001000001111110010011101110100110011111011010110011001111000100111010111100011111110000111011100111111010101100110010001010111011110001001100011100001010110010001001101001101101110001011101000101010111100010101111010010101010111111100001011100001111101 
01001010111000111111111111111100010100000010011100111111101100011110100100011101010111100011110000000110001101000001110111000100100101001011000001111011101001011000010001100101000001001111000011110111111001001001100000100000101001100011001100000111000011011001111100110100101010011101000010001010001000101101101101000000010101000001000000000110000001011011100011101100100101100111100110001000011010011011011100000001001111011010011010011110111010111000010000101001001110001000100011100011100011010100100010100101 
11111000101100111110101000101111111111100101000001001010000000101010011111000011101011001101010100010111010101011110001101111010111100001000110110000010000001100111101001111111111000000101110111010000001101100111101101111011001001010111100101001111101011010111011010101110110111010111001100000111110010111111101011111010010001000101101000010101001001011111000011111100011011101011110011110100010100001000111001011111110100000010110110100101110111111111000000100011111010010110110101110011100001110110010011100101 
10110110101001101000101010101010110101110111001000110010111111001110101101111110011010111010011011000111101110110000110001001010111001110111111110101100100101111011101111111010111011100110110000011111101101110100001100011101001101010111100001001111000111101010001000110111010110011001110110011011111111000110001001111110000100101010100010011110100111010100111111010101100001100001100111011110000001100011101001110100010101001001001101010111111111101000101111011100000101101010111100011001010101000100101001001001 
00100001001110010111010101000101001010001000100111001101011000110001010011011001100100000101100100111000010001001111001100110101000110001000000000010011011010000100010000000100000100010001001111100011010010001011110011100010110010100010001110110000111000010101110111001000001001000110001001001100000000101001110110000011111011001000011101100001011000100011000000101011011010011110011000000001110110011000010011001011101111110110100010101000000100011110010001000010100110100011110100011001010101000100111001001001 
10100001010100111101100101100111010100101111001101010110111010101110101011111110101000111000100011010001111011001110001001111010111111111000010110000010000001100111101000100011111111111011011101110110011100011000110001001011011001100001111100101110100101100010110110111100110111011100111011111000010110100001010011011001001011011110001110000010110101001101110111011101100111110001110111111110001001100011100100110110010011001101001101001110001011101000101011001100010101101010110100000111111100001011110001111101 
01101011010101111000011110100001101100000001111100100100010010111111111101111010011001001011110010000110101110010111001111100111101101101100101101000110100101101111110011110011111111011011011100110110011001010000110011101011011000100001111100101110100011001010111110110101110111001101111011111010110110100001011010111001011011110110101110000010101001101101110111101100000001010111001100110110110010011011011100000001001111010010010010011110111010111001010000101001001111001000100001100011000011000100100010100111 
01110001001110000111010101000101001010001000000011101010011111110001101110110011101110010100010010011011110111000011100111010001111100011111111100010001100111111011110001101100111110100101101111100110110011000110000010110001100111110010001010000111111111010110011000111011101001001011100100111111011100011100010110010001001110001000001000111110001100110111101101100000100110101110010110101001001111000001001111011001001010010001001011011110011011010111111100100111011110010100001010011110100010000001100110111101 
00101000000011111000011110110110100101000110111011000110000001110011111010110010100001111110111111100011001110110000110011011010101001110110101011111011100110111010100101111001111001101110110000001100101101110100101100011110001111011111100001001111000111101011001000111111110010111101110100110011111011010110001001111100000101010111100011111010101111011100111011011101100001110001110110111111001001101011100100110110010001001101011101101110001011001000101011011100110111101000111101010011111100001011110001111101 
10100001110110111101100100101011010101101111001101000110111010101110101011111110101000111100110011010001110011111110001000110010111111011000010110000010000001100111101010100111111001010101101111010000001111110001111101110011001111010010100001001111101001100110011110001110011101010111000100010110110011011111001111111110010011000101101000110101001011010111010011111100011011101011110011110000010100101000111001011111110100100010110110100110110101111111001110011010010100100001111101110011100001110110011011100101 
11100111000011100110101111011001111000101001101001111111111101110110010110010001110101101010110001101111100110101010010111111000101010100111001110111100011111001110001010101110000010011001001011100011010001001001110011100010110010100010001110010100011000010100110111000010001101100010001011011100000100101001000110001010111010101000011100000101011000100011000010100000011011101111001000000001110110010011110100110110010011001101001101101110011111101000111111011100010111111010110100111111111100001011110001111101 
10110110101001111000101011101010000110100101001110101101101101000000010010000101100110110100001101111101010001101000110000011000010010010011000010111001001010010011001100001100000000000100100011001001100111101111001100010100100110011110000011010001011100111101001001001011001000110011001100000101001001011110100101000010100100001001110001111101000010010010001000010011111110101000110011001001101111011001100000011111100010100011110101100100010110001011111101101010000101111010111110000000100000110000111000000001 
10110110111001101000101010101010110101110101010000010010101110001110101101001110011011111010011011000111101110110000110011001010110001110111101111101100100001111011001111111011111011101110110000011100001111110100001011100010110010100010001110010100110000010100110111000000001101100010001011001100100100101001110110000011111010101000011100000001011000100011000000000010011010101110001000000001110110011100011010101001101110110010100010010001110100010111010100100011101010000101101010101000000011110100001110000011 
01101011010101111000111110100001101100000001111100100101110100011111000111110110100100010111100011011110111101011001011110101101111010000100011001110101101010101001011101010100101010110101001111011010010110101010011111010110111000111111110010101001100000100011101111111111100000001000101011100111010000000100101100001101011001011000010000010101000110111100100100011110110010000110011010110101111010010110011101011110010011000110011110010011100100010011000110011111110101001100111100001010000001001101010111100001 
00111001100100011001000100101001000110100101011110111101100101000001010010100101100110110100101101101101111001101000110000011000010010010011000010111011011010010001001100001100000000000100100011001001100111101111001100010100100110011110000011010001011000011101001001000011001000110011000100000101001001011110101100000110100100101001110001111101000010010010001000010011111110101000110011001001001111011001100000011111100011100011110100100100010110001011101101101010000101111110111110000000100000110000111000000111 
01101001000110100111111110101101111001100111001101101101001010111100010110111010000101001110110011000111100110110000100011001010011001110111111111101100100101111011011101111011111011100110110000011000101101100100101101010101001101011001110001001111000111101010001000110111100110111001110110110010011111101100101001111100000100100110101010011110100111011100111111010101100101100011100111111110001001100111000100110110010011001101001101101111101011111000101111011100010101101010100101010111111100001011110001111101 
10100001110110011101100100100011010100101111001101010110111010101110101011111110101000111100110011000001110011011110001101111010111111011000010110000010000001100111101000100111111000011101100111010000001110110001111101110011001011010110100001001011101001110110111010001110011101010111000100010111100011111011101011111010010001010101101000110001011001011111000011110100011011101011110010110010010100101000101100010000101110010011100100110011111110110100000010001101001010110000001110101001101111101010011011000011 
00001111111010011000101001001011100000010100000000110111110000001000110100100000100100100011111011100001110110110011010010000010110110111010110110100000100110101100000000101100010110010100101010110011000010011100110110010001100010100100000111001100000110111010011010110001000010000001100100111001100010110111110010011011111001000001110111011011101111010010100000001110111110111100110101110000001101010011010011010101101101100001001011100001101101101011000001101111011101011000111011111101011000111111001010100111 
01011001010111010101011110010111011100110101101001010110000001001101110101001111110101101110011100110010101001101101100010101011111111011000010110000010000001100111101000100111111000011101101111010000001111110011101101110011101011010110100001001011101001110110011010001110111101010111000000110110100011111011101011111010010001010101101000110101001101011111000011110100011011101011110011110100010100101000101001011110110100100010110110100100110011111111101010011010010100011110011001111011100001110100010011000101 
01101110011000001001101000010100111010001100100000110100110000111111101000110111100111100000001011111000000001101110001000101000111001100110101111101111100110110011111011111011111011101110110000011100101101110100101100011100001101011101110001001111000111101011001000101111110010110101110100110011111011010110011001111100000101010111100011110110100111011100111111011101100101110001110111101110001001100011100100110110010011001101001101101110001011101000101001011100010001101010111101010111011100001011110001111101 
11010110011011110110010101000111001000001001100111001001010000110000010011001000100100000101000101111100011011001011001000110100100110101000010000011010011110100110100000000101010100010100001111100110010010001011110011100011111010100010001110010000111000011101010111101110000101010010001011001100000101101001110010000001101010111001011100000001011000100010000000110010001000000100001100000001100110001100001010001001101100110010010010010001110010010111000000110011100000000101001011000000000011101011110001111101 
10100011110100111101100111100011010100101111001101010010111010111110111111111110101000111000100011010001110011001110001000111010111111111000010110000010000001100111101000100001111111111011011000110110011100011010110001101011011001100001111100101110100111100010010110111100010111011100111011111010110111101001010011011001001011010110001110000010111101001101110111001100000011000111011100110110110000110110011111100000011100011100001011011111101001100110101011110110010101011110100110001010100010010100101010100101 
10100100110001111001101010000010110101110111011000110000101111001111111100000111010011111010001111100111101110110000110001011010101010010011100010111001011010010001001100001100000000000100100011001001100111101111001100010100100110011110000011010001011000111100001001001011001000110011000100000001001011011010100101000110100100001001100000111101000010010010101000010011111110101000010011001001001111011001100000011110100010100011110101100100010110001011111101101010000101111110111110000000100000110000111000000001 
00010010010001101100011101011010101111001011100100000010111011011100111011001011001011101101100111011111001000110001010110110011100001111100010111100101010101000101011010110000101110001101000001100100001100001010100101000110111010000100110100001011001001010110110110111101011010101001000011011100011101101100110001000110000101110111100110110100100011110001110110101001111111101110000001010100110110000100010011000011110001110110100010101000000110011110110001000010100110100011110110101010000010010100101010100101 
01010010000010101011011101100101111110010100111011010010001010110011101111010101101100011101100001010000111110001001110101001011111001110110111110101101101001111011101111110010111111110110111000011101101100110100001000010101001101010111101001001111100111101010101000110110010110101001110110111011111111100110001001111110101110110011010010010000110110100110100000101110010101011100111111100010111000011010111011110110001110101110111010110010101101110111000010101111000001111011000111011111010110111010011000111011 
