01100011110000001011000010001101100000001101000000000000011001111110011010011000001011111000100000110000111000111100000101000111000110110000111000011011111111010111110110111101010010001000001011111100100000111000001111010010110110001001000101110100111000111101000101011100110111101101111101010010001001011111010000000100000110111011100100110100010101001011000001000100000000101100111000100101111011010000100100011101000000100001110110001100000111001110100000010101000101110010000110011110110100001000100000001110 
01000010110011111111100001111100010110011111011001110001110000110011100010101110010100011001111011111000110001001011011010010011100100100010010100100101001011100011000000011111111101111111111010110111000010111111111001111111110100110000000001101000111011111101011011100110101111010100011011100011101101011101101000011011011110000011111010101110001111110101010010000110111010100110111001111001001101101001111011001110100011011101011000100110001101001010111010011101101010001010111101111001101100110100110000110011 
01100011110000001011000010001101100000001101000000000000011001111110011010011000001011111000100000110000111000111100000101000111000110110000111000011011111111010111110110111101010010001000001011111100100000111000001111010010110110001001000101110100111000111101000101011100110111101101111101010010001001011111010000000100000110111011100100110100010101001011000001000100000000101100111000100101111011010000100100011101000000100001110110001100000111001110100000010101000101110010000110011110110100001000100000001110 
01000010110011111111100001111100010110011111011001110001110000110011100010101110010100011001111011111000110001001011011010010011100100100010010100100101001011100011000000011111111101111111111010110111000010111111111001111111110100110000000001101000111011111101011011100110101111010100011011100011101101011101101000011011011110000011111010101110001111110101010010000110111010100110111001111001001101101001111011001110100011011101011000100110001101001010111010011101101010001010111101111001101100110100110000110011 
11101011111000111001101101100100010110000100011100101100101110011010011101101011010101111000010111101011011100111110000010111011001001100101010010101001100000010111110101001110011111101111010101100011001001001110011010111001111111101010011110100011111110001011110100101100001101110010111111101000001100010101100100110001110010110110110111010011011110000001001011011001011110011101011101011001010011101010011001101111001011011111111110001001010011000011101101101110100000111000111100001110000010011010101101010011 
11101011111000111001101101100100010110000100011100101100101110011010011101101011010101111000010111101011011100111110000010111011001001100101010010101001100000010111110101001110011111101111010101100011001001001110011010111001111111101010011110100011111110001011110100101100001101110010111111101000001100010101100100110001110010110110110111010011011110000001001011011001011110011101011101011001010011101010011001101111001011011111111110001001010011000011101101101110100000111000111100001110000010011010101101010011 
10001110110110111010011111111010001000010011010000010100100001011000110101111001010100011101011111010000010000111100111111111111011011011111101111001110101101110011101101101011110000110111101000111011101010100011100001101110011110011101111001100001011101001011011011000111010110100000000110110010010000001111110100100000010011010110101110110100100100110101100111011111110110100101001110000011111010100110111010100100000010111110010010010001100101000100101111111011111111010011000000010101011110011011001110101010 
01110010011010100001011001010010000110010010110000001010110101111100100111110011101100011111100101001000000010110010010010000011101000000100101000101110000110001001110111101000100101010010111100000101100100011110001110101011011100010011001011001111101111010100100110011011100011011000000001001001111101010001101011110111001100011011110011101101110001000000111101011110110001010000100010001000000011011000111000001100001001110010110001010000110011001010001101000001100010011011000010001111011000111000001101101011 
01111011000101110010110000101001010101111000101101111011000000000100101110010110111011111101001100100011111100010111000111111001101100110011100101001011100101010111111110000110101000101001111111011010111010000000100100010101111011011110100001101110001011101010001000011000100110101101101111000101111110000100111001011100110111100011110100011100110001110111001111101000001011100111100101000111000111101110010011101001101010100000111111011001101011010010111010001101001110100001010000111111100011011101111000100011 
00010001101100011001000111000100001000101001101011111001100101111101001011000100010011000000110100110000111011001101000101110111100001111001011000011001111100010000010010011000100001110010100100010000111001100010011100000100010110011011011000111100111000101101111001110000100011111000100111000110100000000110101001100000111101001100111010010110110110100000110000110111101101101011000100011010010100100010101101100000101011000010110000101000011100110011001001101110000110111110000111001011101010110110101000000001 
00010001101100011001000111000100001000101001101011111001100101111101001011000100010011000000110100110000111011001101000101110111100001111001011000011001111100010000010010011000100001110010100100010000111001100010011100000100010110011011011000111100111000101101111001110000100011111000100111000110100000000110101001100000111101001100111010010110110110100000110000110111101101101011000100011010010100100010101101100000101011000010110000101000011100110011001001101110000110111110000111001011101010110110101000000001 
10101100100010001000010001111001111101001000110100011010000000001100010001000001001110010000110001010111100010000000001110110100101101000000011111001001000000101101010101011000100101010110011001000110011101111110100010011010000101010110110010100111111001100110101011111100000000100110101000000010111100010011001100100011111000011000110011101001111000101001111001110011001100010110001000110000000111110011000111110011110100010000101101000011010000000101101100011110100111011100111101111111101111010010011001100001 
01000101011010011010000011000101011001111000011001101000000111011000101000011100110110001001001110010000100111000000010001001011000000101101101111011101011010011100000000000001011001110001111011110110001101001010111001110000111111010100010000010100111010011000010000010010000011111001100100111001101000110000001110101000011111111111000001110000000000110000111111111111000101101101001011111101110101110110100110110000010011100101000010101010100000100001001100110010100001001100100100011100010100101100001010101001 
11010100110101100111111110111010010101101101010010011010001010001010111011100111100011110111011101011011111111000011001010101101110000010101010011101011001011001111001001010110100011100000101000101001111111011010001101101110110010111101111010011110000101111100011011000110110111010101010111001010010011110000000101110110111100111100010110001001001010101101011110001111000010110010011011001100010110000000110011110111110101000000111001101111110100010110001110100010000010000101101100100010001010110001111100100011 
10010110110100100001011001000111011011011110111010110011100101000110010100111110011110010100110111011001101100011011000011001110001110011001011100100101101011101100011001100100101010010000011101000100011100011111111110011110100000100010110110101101110101010100110001000001100111111100011110011111011011011001011100101001111001000101111110101110011111100100110101001001101111111110010111010111010111110101101100011011001011011011000100011011110101001010110010111011010010001100101111101001001001011001010110100001 
00000011110111101010110000001001000101000110001011101111001100111010000001011001110000000100001110100101010010010101010101010001011000001110010100110001011000000001001000111101110000011101010100110010010010101011000101001111010010011001110101110000000001100100000011010101100100001010101100000001010010011010010110110100101111111110000100100100100100111011110100010000010100110000011010110011001110100111110101010000100111011010111000010101111100010111001011000011000101010010000110000111011100001100000111111101 
01000101011010011010000011000101011001111000011001101000000111011000101000011100110110001001001110010000100111000000010001001011000000101101101111011101011010011100000000000001011001110001111011110110001101001010111001110000111111010100010000010100111010011000010000010010000011111001100100111001101000110000001110101000011111111111000001110000000000110000111111111111000101101101001011111101110101110110100110110000010011100101000010101010100000100001001100110010100001001100100100011100010100101100001010101001 
11010100110101100111111110111010010101101101010010011010001010001010111011100111100011110111011101011011111111000011001010101101110000010101010011101011001011001111001001010110100011100000101000101001111111011010001101101110110010111101111010011110000101111100011011000110110111010101010111001010010011110000000101110110111100111100010110001001001010101101011110001111000010110010011011001100010110000000110011110111110101000000111001101111110100010110001110100010000010000101101100100010001010110001111100100011 
11000010100010011100000100011100111110100100110100000000100110000101011001001011010101000001000010001110111010110010100001110100011011101001101101110100100100011000100101111101011001101001101111000100101001101100111101101111000010000010101011110111011001001111001101101000010110101110111111111100000011000110110011011101010100111100011011011001000101011101001111000010001110010001101000110010011011000101101111100000100110000110111001100001000110100010100011001100111000100100000001000100001010110000000100100001 
00010010000110010111011101100101010100111000011010100111010110000101100110001001100110110011111111011011100111101011111011001011011010111001010001101110101101100011111001010101001001001100011000000001010110000010011100100001001110010110011011001010100110110000100111000100100110001010001111000010111010011101101100111011010111100100111100100011101111011101000111001110101010101101101011011101100111100010000011111110101101011111110111110000101111000001110111101011101010000011010010101101110011100011010100101110 
00010111010010001011001110101010100110110000011001110010010001011001001100101110011011000110111110111011110111011011001001110110101011010100000110111110110110001011110011100001100101111110110111111001010100011010110011010001000010001000010000010111111100001011000011100111000010100001011100000110000111011111100101110110001100101010100101011111110000100001010011111011111000011100001101000011100111101100001001000101001111011111101100101010101000100001010001011011011100101001100101001001101010111111010110011101 
01110001001100110010110011010101110100101101010000110010000110110110100001110010101001111011000101001100100011100001110011011111000001100011000101011001101111000011010001010111010010110100111000111110000111101010100011110100110100100010000000110000110111110000111100010111101010011111111101111101100011101110111000011011011110110001010011110001100110010010101110100100110010011110101101011000010000010111011100001110100010110010100110011111111001110101010111010010011100001001001000010101001110011001000111110011 
00001100101011001001001011001000000000000100001001011011100011001010111100010100100100111110111101010001010011101101110010111110000110011101111001001010101010000000100110100101111011110011100101111100011100011000110111001110101001111111010110111001100110101000110110101100111101011110111111100001101101011110001110000000000111000100101011111001101100111011101101100000110111011000010010000001001100010110111011111000101110110000111001110000100111111110111010011001010111000011110010101101110110011000111011101011 
01111011000101110010110000101001010101111000101101111011000000000100101110010110111011111101001100100011111100010111000111111001101100110011100101001011100101010111111110000110101000101001111111011010111010000000100100010101111011011110100001101110001011101010001000011000100110101101101111000101111110000100111001011100110111100011110100011100110001110111001111101000001011100111100101000111000111101110010011101001101010100000111111011001101011010010111010001101001110100001010000111111100011011101111000100011 
00000011110111101010110000001001000101000110001011101111001100111010000001011001110000000100001110100101010010010101010101010001011000001110010100110001011000000001001000111101110000011101010100110010010010101011000101001111010010011001110101110000000001100100000011010101100100001010101100000001010010011010010110110100101111111110000100100100100100111011110100010000010100110000011010110011001110100111110101010000100111011010111000010101111100010111001011000011000101010010000110000111011100001100000111111101 
10010110110100100001011001000111011011011110111010110011100101000110010100111110011110010100110111011001101100011011000011001110001110011001011100100101101011101100011001100100101010010000011101000100011100011111111110011110100000100010110110101101110101010100110001000001100111111100011110011111011011011001011100101001111001000101111110101110011111100100110101001001101111111110010111010111010111110101101100011011001011011011000100011011110101001010110010111011010010001100101111101001001001011001010110100001 
00001100101011001001001011001000000000000100001001011011100011001010111100010100100100111110111101010001010011101101110010111110000110011101111001001010101010000000100110100101111011110011100101111100011100011000110111001110101001111111010110111001100110101000110110101100111101011110111111100001101101011110001110000000000111000100101011111001101100111011101101100000110111011000010010000001001100010110111011111000101110110000111001110000100111111110111010011001010111000011110010101101110110011000111011101011 
01110001001100110010110011010101110100101101010000110010000110110110100001110010101001111011000101001100100011100001110011011111000001100011000101011001101111000011010001010111010010110100111000111110000111101010100011110100110100100010000000110000110111110000111100010111101010011111111101111101100011101110111000011011011110110001010011110001100110010010101110100100110010011110101101011000010000010111011100001110100010110010100110011111111001110101010111010010011100001001001000010101001110011001000111110011 
00010110011000000101010110011101110001111011110001100001010110110011101001111011000110011010000110110110010111011100111111101000000000011110000111010011111011110001001101100001001101010011001111110111011111111111000000001101111010110011000010101110110101001110101110011001101011011011011100101110100001110110011001011111000010001001100110111101100101100001111111011000110011010101001000110000011000101011011110001110111101100110000111010100001101000010111101110001010111101000010110110110010011100111001011000110 
00010111010010001011001110101010100110110000011001110010010001011001001100101110011011000110111110111011110111011011001001110110101011010100000110111110110110001011110011100001100101111110110111111001010100011010110011010001000010001000010000010111111100001011000011100111000010100001011100000110000111011111100101110110001100101010100101011111110000100001010011111011111000011100001101000011100111101100001001000101001111011111101100101010101000100001010001011011011100101001100101001001101010111111010110011101 
11000010100010011100000100011100111110100100110100000000100110000101011001001011010101000001000010001110111010110010100001110100011011101001101101110100100100011000100101111101011001101001101111000100101001101100111101101111000010000010101011110111011001001111001101101000010110101110111111111100000011000110110011011101010100111100011011011001000101011101001111000010001110010001101000110010011011000101101111100000100110000110111001100001000110100010100011001100111000100100000001000100001010110000000100100001 
10001110110110111010011111111010001000010011010000010100100001011000110101111001010100011101011111010000010000111100111111111111011011011111101111001110101101110011101101101011110000110111101000111011101010100011100001101110011110011101111001100001011101001011011011000111010110100000000110110010010000001111110100100000010011010110101110110100100100110101100111011111110110100101001110000011111010100110111010100100000010111110010010010001100101000100101111111011111111010011000000010101011110011011001110101010 
10110000100111101000110100101011101010110010101011111001100111011110100001000110010111011000001010101110110111000101111100001110101011001000100000000100101010101011001010010011010010110000101111101111100100001101000001000000010000000111000001001110010101010011111101111000000101111100010011100000111011111011110101001001100010101001001010000000010011111010000011110001011111101001001100100010001000101100011001010111000100010100010100010010111001110111010101001010000100101000011100110101011000001110011011111101 
11011001000010000001111000100111010001100100110010001101011101111001000010100011111110001111100110011001000111110001001111111111111000110001001011010111101011110001001000000100001001011011110001100101101100100001011100001110001000011101100110110101001101100101101110011100001110001111101010101101010011110101111111100011111001111010111100001111010111011001100000011110111011101101110001111110010010111001110010000010011011000110011101100110000100111101000111000011001000011011000010101100000110100111001011101101 
10111111010101111000000100000010000110001000101100101110101010110111110101010110110111110010110010000101011011101101111010011011010000001001011111101010100110011110110110100100000110001100001101111100100111100101011000010111001101000101001100000101001010110000110111100010110010110011101010001110001111000000011000001101001101110001110010101101010100100111110101010110011011101110001111001101100001111101011010100110000010110111010111000110011011101100011011001011101000001111000001010011100111001100010100110101 
00000000000001010011001110101110111001100011111001101100010100111101010110000111110010000111100101011111010110010000011010111101100000110100001111110011111011000010110010100110001011001101011000101001010000001110011001001011001111010101111001100001010111101011100011010000100000100111000001100001011101011110000000001111110011111111000110100001000100101101001101111000101101010110101000101010100011001011101110001101110100000110010001000000000000000010010000011010101111001101111100101111110010100111110110000011 
00101000001000001001011111101111101000011010001011000110110100100100011010101001100101111100001010110100101111101011110001001100010110111000101010011110000011011001000011111010101110111110100101010011001010000100001101001101011100100000100011000000111001101011110100000010001010110110000110101101010101101010111011000010111111101111010101100101010110110000000001011000000010111110010000100001001100011001011010100001101000100110010010011110101100010101000010100010100101111010100101100010001101101101010011110011 
01000100011000001110100111000010011100011111010110100000101100110111010110010011001000000101011001110000100110100101001100111110010110111100001000110100000010010110010010011101110110001110011101110010011011100011011010101010001101110110111101110111110010000010110100010001001111011010000001110100001001010111011101110110110010001100000101000011111000100010011100110001011000010100100100100111100100011111010000110100101000101000011101011010101000000100010000000111010010100110110111110011010100101111111101110111 
01110100110011110111001011000011100010001110100111111111100000100111010000101011011000000111010100001010100000111110001110100011100011011011111010110101111110010100111100000110100111001100101101110101110001111100111010100000100011010010010001001010110100011111010100100101101010101001000001110010001010100000010001111010100010101100000011000110101000100110001010101100000110110011111111101101010001010000101101111010111000110010100010100011010000000011001010011110110000111111111010101010001111100110000110110001 
00111001011000110100101110011101010110111011011011101100100100000010111011111100110101110100111111011101001101011101100010100010000010000011100000010111110000111000000010101010101011100100001000001101001111111010100000100001111001101100000011011101001010110011111010000010101001011010110011011101100000110111100101001111010111011110001110001110000100000001000000101000111000111110010010100010110111011101000111010110110101100110010001011010011001011000000010011100100010101011111101100011010001111111110000001111 
01001111100000101000011101101000010110000001011111011011110001101010011001011010001010000101101111010100100000011101111110000011111011011000010110100101110111110100110101001011101010000111001001001001111101100000110011010110110001000011010011000111001100100000010110000100001000011010111100101111110001110111000000011010110001000011000101100100110110110111000010100001011110000111101110000110010001110111010010101111011010000110101101100111001000100111110111101100111010101111100001001001011101101101100100011101 
10111111111101101101010110100111001001100001001101111000110011001010111111111101011010011001000000000110010100111111110011111001001111110011111010111001001110010100000001101110010101000101100001101101111100101111100010100100110110110000010001101010000011111010011001110010000110011000000101110010111100011011000100101111111111000000100100101110101100110011010101000011010101001000110000001001001111010011100001011111101000100100000000110110110010010101010100100111101010011100111001111111000000111111101010010111 
00100000001110010111110101001101000001011010000110000101101000010110110110010010000111111010110010100011111000110000011001010100010111111001001111100111011000110110011010001000110110110010010011100110000011011111011000101001000011010010010110001010011010111110100101100100110111001010010000101011111111110111011001111001010110000110101011100111101001111110011000100011000011011000110001110000001100010111001010011001000100111001010011001100100101110000000010100111011101110100000110101010110010001010010111101101 
10011000100110000000101100001010001001110100001010111010011011001011010101101001011111100001111011111101100010011010011011000000011110110010111110011001101000101101111001110001001111110100000001100100101011100111010110011000111001110011001100011010111100100010001110000000111110011001111110110000110101110011001110101001000001100111111101101101100100010001001101011010101000010101011000010111000001110110001000010100100111100101001010100011000101011000111110011000001110100001110010011101110001101110010100001101 
11100001111010110011110111100010101011111000110001011011111011011110100001100001110011001001000101001011011000011100111010111011101010101101110010010010110001110010100110000110000000100010101100010001001110001011101011111111010111101001001011110001110010001110101110000101111110110111000010010001101001101001001110101001101111010100111000100100011000101001011101101001100111001100100011110100101100000100110010110011000110001001110000000111000010000000000010101000101001010100100111000101011101100100100011001011 
01010100000101111000000101001010011100011001010100011110010101011100100101011010000011000101000001100101000111110100011001011110110101111101001010100001110001000110011001010011010111001010010111111100000000000010110000010000001111111001110010011001011101000110100011110100100111001010100101111000001011000101110110111101011010111001001101111011100011100001110100111000011011111101001001010011011110000110001000100111001111000111001010010110111101001010011010010001111010001100100110000001000110101001100011101111 
00101000001011011110110101001010110101011011100101010011100010101111010100011101001110010110101011011101100001001000110010000011001100000100111110110100010100000100100001000011101110111010101110101110001111010010010001111111000100111010100000011101111101011100001100000110110010110000101100000001100110010111001001010101110011100100000101000011011101011100001010010111111100101010011100000010010100000011001010010000010010010101011100111100011001100001111111100111011010001000111000000010011111100011001111110011 
10100111000110111110011001001111000100000000101010110010111011011010000001110111000010010111110010000100110011110110011000000011111001100010111001110110000010010000010010111011100101011000111000111101100010001111110111011100011000001001110000101111001110100111001000010010101111100011010100000011011110100100100000101010111011101011110111100110100011011001110011000000010000011110101101010110001011101001110011101110110011010100010001010110011001111010001101100111101010010010010010010011101111011011111000110011 
10010001000001101110111010110011001101101001011011111100101000001010011000001010011010000000000000110000010111100101011111111000100010111101000100001010111001000100101110101001010100001100111101000100001011001001010001110010100100011110000000100001100111110000010011011000001100110000100111010011001110101100000111111110100100101111010010011101001100100100011101110010011000010010011110100001111100001101110011101110110011010001011000110110010101011110011000011000110001111100101011010110110001001000001001111011 
11110111100100000001000010001011100100001001100100110011111001110011111011100101110111010011101001000000100011111100111000001000011110101001011110011011100011000010001110001001001110010010011011000010101011011110110110111110001000100101000011001101101000100100110011110010011110011101011111111011001111110001001101101000100000100011100110100110100111011110111010010000010101011000011001010010001101011111011001100111101111011110111001100000011100100110011001110001001100011001100101100111001110111101010111111111 
01001001010111110011000000010010011111011101000110101010000010101110100011111100101111101111001110100101000100010000111011101001101100110001100111100010000011100000001101111111100001100110110010100110100000101010100001101000101111011001011101001101010100011010100001100011101100110100011001001110000110101010001000000100100101000100100001101001100110110001100010011000110110001001101000001111001001110100100001011010110011001100000111100100111010111111100110001011001011110001001001111111100110110010110001000011 
00011001111101100110000010101011110101110011001100000011110110100001000100110110100110100111000001100011110110100011110010010001111101110101001001000101100010100000111001101110000010001010100010001100100001000000100110000111111000111110010111101101010000001110000011011101011011001001110000011110011001100101100101110101101101010000110110110010000101011001001100101011101011111000011000001000010001100010110010011000010100110101001010101010110100111111011100110100100110100001010111110001000001000001110011000101 
11010000000010010100100100011000100011101100100101101001111001101101001010110101011010110010011001001010111010111001000111001011100111101010111000111000010111110110111001101010101001011110010011010010101000110100000101101011000100111101100010100111100101010011110001111101011110011001101010000011111001011000011110110100111100110011111110101010110110011111100110100100110111111110101000101011111000011100111101000000010110001001010001110111010000110111001100111000001101010100000110100100110011100111101101000101 
11000011110001110000100110000111111111011111110111011110100100101010100111011110101100101110000010110001001100000010010000110011100011000001111010110111111010100110111111111000011001010001001011100011100011001100010000000010000110111011100000110010110010011010111111010010000010101101010101010011001101001011001100110000000110001101100011011110100111011011001000111010001111010011001001101100000001100000000111100010101011011111011001110010111000010110011100010101100110001101110100001100011001111111111110101101 
11110110101010111011011001101010000110100110000010011110001110110111001000111100101100011101001010101000010001110110000100000101100010011001001100111111000001011001101011000000110011011111100100101010111110101011000000110001101101001000000001011010110110001010101100001011011100111110000111011101001000011110110000100100101100110011100010000000001111001101101000110110000100001100101111011011111101000001000111101101001001111100110000000100011100011010000100001101101110100110010011000001100100001011010101001111 
11001011110111000110000101100001101001010000000111101010001000011100111110101100110100100000101110111110001011100111000110110100110010000001011011010100010011001001101000100011010001001101010101000011000100101111101010100100100010000110000011111001110000011101010011000001011101001000000100111001011011100110100110100011110100101100110001001101110101011001110011110011111011001010011000111100011110101000110101101011001010110011111000101000111001101001110011101100110110111110000101010101110110111101111101011111 
00110000010111110101000110000100011011010111011110000011011000000101100000010011111001001011011011111111111010111100111011000011000000110000001001111000011000111011110000010000111011110010000101001000101101011111001011110001010001000101101101000001100001100010011011000101010010101101010111110110110111001011011110001100101010000011110101001111011110010001100010100000000011000010011000111101011011101011000001101011011001110101001101111111011111000001100001110000000111110010001011111000111000111111111100101101 
00100110100111000110100110001110010100011111001110111101101100000000111000110100111011111110100001101001010011110011110000101000010001100111000011101000110101100001110011111010011000001110110111111100010100011011000010100011100100011110011111111011000000000111101110100100001100011111111010101010110110101100011001011000001000000100100001111100010100110011100000111100101001100010010001101110101000110011011000001111010011010000010010010000101111000111010001001010100100011100011101110010111110011011111011001101 
10110000100111101000110100101011101010110010101011111001100111011110100001000110010111011000001010101110110111000101111100001110101011001000100000000100101010101011001010010011010010110000101111101111100100001101000001000000010000000111000001001110010101010011111101111000000101111100010011100000111011111011110101001001100010101001001010000000010011111010000011110001011111101001001100100010001000101100011001010111000100010100010100010010111001110111010101001010000100101000011100110101011000001110011011111101 
01010100000101111000000101001010011100011001010100011110010101011100100101011010000011000101000001100101000111110100011001011110110101111101001010100001110001000110011001010011010111001010010111111100000000000010110000010000001111111001110010011001011101000110100011110100100111001010100101111000001011000101110110111101011010111001001101111011100011100001110100111000011011111101001001010011011110000110001000100111001111000111001010010110111101001010011010010001111010001100100110000001000110101001100011101111 
11011001000010000001111000100111010001100100110010001101011101111001000010100011111110001111100110011001000111110001001111111111111000110001001011010111101011110001001000000100001001011011110001100101101100100001011100001110001000011101100110110101001101100101101110011100001110001111101010101101010011110101111111100011111001111010111100001111010111011001100000011110111011101101110001111110010010111001110010000010011011000110011101100110000100111101000111000011001000011011000010101100000110100111001011101101 
00000000000001010011001110101110111001100011111001101100010100111101010110000111110010000111100101011111010110010000011010111101100000110100001111110011111011000010110010100110001011001101011000101001010000001110011001001011001111010101111001100001010111101011100011010000100000100111000001100001011101011110000000001111110011111111000110100001000100101101001101111000101101010110101000101010100011001011101110001101110100000110010001000000000000000010010000011010101111001101111100101111110010100111110110000011 
00110000010111110101000110000100011011010111011110000011011000000101100000010011111001001011011011111111111010111100111011000011000000110000001001111000011000111011110000010000111011110010000101001000101101011111001011110001010001000101101101000001100001100010011011000101010010101101010111110110110111001011011110001100101010000011110101001111011110010001100010100000000011000010011000111101011011101011000001101011011001110101001101111111011111000001100001110000000111110010001011111000111000111111111100101101 
00111001011000110100101110011101010110111011011011101100100100000010111011111100110101110100111111011101001101011101100010100010000010000011100000010111110000111000000010101010101011100100001000001101001111111010100000100001111001101100000011011101001010110011111010000010101001011010110011011101100000110111100101001111010111011110001110001110000100000001000000101000111000111110010010100010110111011101000111010110110101100110010001011010011001011000000010011100100010101011111101100011010001111111110000001111 
11110111100100000001000010001011100100001001100100110011111001110011111011100101110111010011101001000000100011111100111000001000011110101001011110011011100011000010001110001001001110010010011011000010101011011110110110111110001000100101000011001101101000100100110011110010011110011101011111111011001111110001001101101000100000100011100110100110100111011110111010010000010101011000011001010010001101011111011001100111101111011110111001100000011100100110011001110001001100011001100101100111001110111101010111111111 
11010000000010010100100100011000100011101100100101101001111001101101001010110101011010110010011001001010111010111001000111001011100111101010111000111000010111110110111001101010101001011110010011010010101000110100000101101011000100111101100010100111100101010011110001111101011110011001101010000011111001011000011110110100111100110011111110101010110110011111100110100100110111111110101000101011111000011100111101000000010110001001010001110111010000110111001100111000001101010100000110100100110011100111101101000101 
01110100110011110111001011000011100010001110100111111111100000100111010000101011011000000111010100001010100000111110001110100011100011011011111010110101111110010100111100000110100111001100101101110101110001111100111010100000100011010010010001001010110100011111010100100101101010101001000001110010001010100000010001111010100010101100000011000110101000100110001010101100000110110011111111101101010001010000101101111010111000110010100010100011010000000011001010011110110000111111111010101010001111100110000110110001 
00100000001110010111110101001101000001011010000110000101101000010110110110010010000111111010110010100011111000110000011001010100010111111001001111100111011000110110011010001000110110110010010011100110000011011111011000101001000011010010010110001010011010111110100101100100110111001010010000101011111111110111011001111001010110000110101011100111101001111110011000100011000011011000110001110000001100010111001010011001000100111001010011001100100101110000000010100111011101110100000110101010110010001010010111101101 
11110110101010111011011001101010000110100110000010011110001110110111001000111100101100011101001010101000010001110110000100000101100010011001001100111111000001011001101011000000110011011111100100101010111110101011000000110001101101001000000001011010110110001010101100001011011100111110000111011101001000011110110000100100101100110011100010000000001111001101101000110110000100001100101111011011111101000001000111101101001001111100110000000100011100011010000100001101101110100110010011000001100100001011010101001111 
00011001111101100110000010101011110101110011001100000011110110100001000100110110100110100111000001100011110110100011110010010001111101110101001001000101100010100000111001101110000010001010100010001100100001000000100110000111111000111110010111101101010000001110000011011101011011001001110000011110011001100101100101110101101101010000110110110010000101011001001100101011101011111000011000001000010001100010110010011000010100110101001010101010110100111111011100110100100110100001010111110001000001000001110011000101 
00101000001000001001011111101111101000011010001011000110110100100100011010101001100101111100001010110100101111101011110001001100010110111000101010011110000011011001000011111010101110111110100101010011001010000100001101001101011100100000100011000000111001101011110100000010001010110110000110101101010101101010111011000010111111101111010101100101010110110000000001011000000010111110010000100001001100011001011010100001101000100110010010011110101100010101000010100010100101111010100101100010001101101101010011110011 
11100001111010110011110111100010101011111000110001011011111011011110100001100001110011001001000101001011011000011100111010111011101010101101110010010010110001110010100110000110000000100010101100010001001110001011101011111111010111101001001011110001110010001110101110000101111110110111000010010001101001101001001110101001101111010100111000100100011000101001011101101001100111001100100011110100101100000100110010110011000110001001110000000111000010000000000010101000101001010100100111000101011101100100100011001011 
00010010000110010111011101100101010100111000011010100111010110000101100110001001100110110011111111011011100111101011111011001011011010111001010001101110101101100011111001010101001001001100011000000001010110000010011100100001001110010110011011001010100110110000100111000100100110001010001111000010111010011101101100111011010111100100111100100011101111011101000111001110101010101101101011011101100111100010000011111110101101011111110111110000101111000001110111101011101010000011010010101101110011100011010100101110 
10011000100110000000101100001010001001110100001010111010011011001011010101101001011111100001111011111101100010011010011011000000011110110010111110011001101000101101111001110001001111110100000001100100101011100111010110011000111001110011001100011010111100100010001110000000111110011001111110110000110101110011001110101001000001100111111101101101100100010001001101011010101000010101011000010111000001110110001000010100100111100101001010100011000101011000111110011000001110100001110010011101110001101110010100001101 
01001111100000101000011101101000010110000001011111011011110001101010011001011010001010000101101111010100100000011101111110000011111011011000010110100101110111110100110101001011101010000111001001001001111101100000110011010110110001000011010011000111001100100000010110000100001000011010111100101111110001110111000000011010110001000011000101100100110110110111000010100001011110000111101110000110010001110111010010101111011010000110101101100111001000100111110111101100111010101111100001001001011101101101100100011101 
11000011110001110000100110000111111111011111110111011110100100101010100111011110101100101110000010110001001100000010010000110011100011000001111010110111111010100110111111111000011001010001001011100011100011001100010000000010000110111011100000110010110010011010111111010010000010101101010101010011001101001011001100110000000110001101100011011110100111011011001000111010001111010011001001101100000001100000000111100010101011011111011001110010111000010110011100010101100110001101110100001100011001111111111110101101 
10111111010101111000000100000010000110001000101100101110101010110111110101010110110111110010110010000101011011101101111010011011010000001001011111101010100110011110110110100100000110001100001101111100100111100101011000010111001101000101001100000101001010110000110111100010110010110011101010001110001111000000011000001101001101110001110010101101010100100111110101010110011011101110001111001101100001111101011010100110000010110111010111000110011011101100011011001011101000001111000001010011100111001100010100110101 
01001001010111110011000000010010011111011101000110101010000010101110100011111100101111101111001110100101000100010000111011101001101100110001100111100010000011100000001101111111100001100110110010100110100000101010100001101000101111011001011101001101010100011010100001100011101100110100011001001110000110101010001000000100100101000100100001101001100110110001100010011000110110001001101000001111001001110100100001011010110011001100000111100100111010111111100110001011001011110001001001111111100110110010110001000011 
00100110100111000110100110001110010100011111001110111101101100000000111000110100111011111110100001101001010011110011110000101000010001100111000011101000110101100001110011111010011000001110110111111100010100011011000010100011100100011110011111111011000000000111101110100100001100011111111010101010110110101100011001011000001000000100100001111100010100110011100000111100101001100010010001101110101000110011011000001111010011010000010010010000101111000111010001001010100100011100011101110010111110011011111011001101 
10100111000110111110011001001111000100000000101010110010111011011010000001110111000010010111110010000100110011110110011000000011111001100010111001110110000010010000010010111011100101011000111000111101100010001111110111011100011000001001110000101111001110100111001000010010101111100011010100000011011110100100100000101010111011101011110111100110100011011001110011000000010000011110101101010110001011101001110011101110110011010100010001010110011001111010001101100111101010010010010010010011101111011011111000110011 
11001011110111000110000101100001101001010000000111101010001000011100111110101100110100100000101110111110001011100111000110110100110010000001011011010100010011001001101000100011010001001101010101000011000100101111101010100100100010000110000011111001110000011101010011000001011101001000000100111001011011100110100110100011110100101100110001001101110101011001110011110011111011001010011000111100011110101000110101101011001010110011111000101000111001101001110011101100110110111110000101010101110110111101111101011111 
00010110011000000101010110011101110001111011110001100001010110110011101001111011000110011010000110110110010111011100111111101000000000011110000111010011111011110001001101100001001101010011001111110111011111111111000000001101111010110011000010101110110101001110101110011001101011011011011100101110100001110110011001011111000010001001100110111101100101100001111111011000110011010101001000110000011000101011011110001110111101100110000111010100001101000010111101110001010111101000010110110110010011100111001011000110 
01000100011000001110100111000010011100011111010110100000101100110111010110010011001000000101011001110000100110100101001100111110010110111100001000110100000010010110010010011101110110001110011101110010011011100011011010101010001101110110111101110111110010000010110100010001001111011010000001110100001001010111011101110110110010001100000101000011111000100010011100110001011000010100100100100111100100011111010000110100101000101000011101011010101000000100010000000111010010100110110111110011010100101111111101110111 
00101000001011011110110101001010110101011011100101010011100010101111010100011101001110010110101011011101100001001000110010000011001100000100111110110100010100000100100001000011101110111010101110101110001111010010010001111111000100111010100000011101111101011100001100000110110010110000101100000001100110010111001001010101110011100100000101000011011101011100001010010111111100101010011100000010010100000011001010010000010010010101011100111100011001100001111111100111011010001000111000000010011111100011001111110011 
10111111111101101101010110100111001001100001001101111000110011001010111111111101011010011001000000000110010100111111110011111001001111110011111010111001001110010100000001101110010101000101100001101101111100101111100010100100110110110000010001101010000011111010011001110010000110011000000101110010111100011011000100101111111111000000100100101110101100110011010101000011010101001000110000001001001111010011100001011111101000100100000000110110110010010101010100100111101010011100111001111111000000111111101010010111 
10010001000001101110111010110011001101101001011011111100101000001010011000001010011010000000000000110000010111100101011111111000100010111101000100001010111001000100101110101001010100001100111101000100001011001001010001110010100100011110000000100001100111110000010011011000001100110000100111010011001110101100000111111110100100101111010010011101001100100100011101110010011000010010011110100001111100001101110011101110110011010001011000110110010101011110011000011000110001111100101011010110110001001000001001111011 
01100011110000001011000010001101100000001101000000000000011001111110011010011000001011111000100000110000111000111100000101000111000110110000111000011011111111010111110110111101010010001000001011111100100000111000001111010010110110001001000101110100111000111101000101011100110111101101111101010010001001011111010000000100000110111011100100110100010101001011000001000100000000101100111000100101111011010000100100011101000000100001110110001100000111001110100000010101000101110010000110011110110100001000100000001110 
01000010110011111111100001111100010110011111011001110001110000110011100010101110010100011001111011111000110001001011011010010011100100100010010100100101001011100011000000011111111101111111111010110111000010111111111001111111110100110000000001101000111011111101011011100110101111010100011011100011101101011101101000011011011110000011111010101110001111110101010010000110111010100110111001111001001101101001111011001110100011011101011000100110001101001010111010011101101010001010111101111001101100110100110000110011 
11101011111000111001101101100100010110000100011100101100101110011010011101101011010101111000010111101011011100111110000010111011001001100101010010101001100000010111110101001110011111101111010101100011001001001110011010111001111111101010011110100011111110001011110100101100001101110010111111101000001100010101100100110001110010110110110111010011011110000001001011011001011110011101011101011001010011101010011001101111001011011111111110001001010011000011101101101110100000111000111100001110000010011010101101010011 
00010001101100011001000111000100001000101001101011111001100101111101001011000100010011000000110100110000111011001101000101110111100001111001011000011001111100010000010010011000100001110010100100010000111001100010011100000100010110011011011000111100111000101101111001110000100011111000100111000110100000000110101001100000111101001100111010010110110110100000110000110111101101101011000100011010010100100010101101100000101011000010110000101000011100110011001001101110000110111110000111001011101010110110101000000001 
10101100100010001000010001111001111101001000110100011010000000001100010001000001001110010000110001010111100010000000001110110100101101000000011111001001000000101101010101011000100101010110011001000110011101111110100010011010000101010110110010100111111001100110101011111100000000100110101000000010111100010011001100100011111000011000110011101001111000101001111001110011001100010110001000110000000111110011000111110011110100010000101101000011010000000101101100011110100111011100111101111111101111010010011001100001 
01000101011010011010000011000101011001111000011001101000000111011000101000011100110110001001001110010000100111000000010001001011000000101101101111011101011010011100000000000001011001110001111011110110001101001010111001110000111111010100010000010100111010011000010000010010000011111001100100111001101000110000001110101000011111111111000001110000000000110000111111111111000101101101001011111101110101110110100110110000010011100101000010101010100000100001001100110010100001001100100100011100010100101100001010101001 
11010100110101100111111110111010010101101101010010011010001010001010111011100111100011110111011101011011111111000011001010101101110000010101010011101011001011001111001001010110100011100000101000101001111111011010001101101110110010111101111010011110000101111100011011000110110111010101010111001010010011110000000101110110111100111100010110001001001010101101011110001111000010110010011011001100010110000000110011110111110101000000111001101111110100010110001110100010000010000101101100100010001010110001111100100011 
01111011000101110010110000101001010101111000101101111011000000000100101110010110111011111101001100100011111100010111000111111001101100110011100101001011100101010111111110000110101000101001111111011010111010000000100100010101111011011110100001101110001011101010001000011000100110101101101111000101111110000100111001011100110111100011110100011100110001110111001111101000001011100111100101000111000111101110010011101001101010100000111111011001101011010010111010001101001110100001010000111111100011011101111000100011 
00000011110111101010110000001001000101000110001011101111001100111010000001011001110000000100001110100101010010010101010101010001011000001110010100110001011000000001001000111101110000011101010100110010010010101011000101001111010010011001110101110000000001100100000011010101100100001010101100000001010010011010010110110100101111111110000100100100100100111011110100010000010100110000011010110011001110100111110101010000100111011010111000010101111100010111001011000011000101010010000110000111011100001100000111111101 
10010110110100100001011001000111011011011110111010110011100101000110010100111110011110010100110111011001101100011011000011001110001110011001011100100101101011101100011001100100101010010000011101000100011100011111111110011110100000100010110110101101110101010100110001000001100111111100011110011111011011011001011100101001111001000101111110101110011111100100110101001001101111111110010111010111010111110101101100011011001011011011000100011011110101001010110010111011010010001100101111101001001001011001010110100001 
00100010101100001111011000111101110000111011101011000000111111001101100111101101100111110000011000101010101101101010111001010010000111010110001111100110000100101110110111011110001111100011000011111100011000101010000000001110001111010100001111100011110010001110000100111011001100100000111110001111100010101110001011110111111011000011110101000101100111000101111100011100101100100000101011000101011001100010110011000111100110111001111000111010001001000100101000110110011010101011100111110111010000011001000100010101 
00001100101011001001001011001000000000000100001001011011100011001010111100010100100100111110111101010001010011101101110010111110000110011101111001001010101010000000100110100101111011110011100101111100011100011000110111001110101001111111010110111001100110101000110110101100111101011110111111100001101101011110001110000000000111000100101011111001101100111011101101100000110111011000010010000001001100010110111011111000101110110000111001110000100111111110111010011001010111000011110010101101110110011000111011101011 
00010111010010001011001110101010100110110000011001110010010001011001001100101110011011000110111110111011110111011011001001110110101011010100000110111110110110001011110011100001100101111110110111111001010100011010110011010001000010001000010000010111111100001011000011100111000010100001011100000110000111011111100101110110001100101010100101011111110000100001010011111011111000011100001101000011100111101100001001000101001111011111101100101010101000100001010001011011011100101001100101001001101010111111010110011101 
11000010100010011100000100011100111110100100110100000000100110000101011001001011010101000001000010001110111010110010100001110100011011101001101101110100100100011000100101111101011001101001101111000100101001101100111101101111000010000010101011110111011001001111001101101000010110101110111111111100000011000110110011011101010100111100011011011001000101011101001111000010001110010001101000110010011011000101101111100000100110000110111001100001000110100010100011001100111000100100000001000100001010110000000100100001 
10001110110110111010011111111010001000010011010000010100100001011000110101111001010100011101011111010000010000111100111111111111011011011111101111001110101101110011101101101011110000110111101000111011101010100011100001101110011110011101111001100001011101001011011011000111010110100000000110110010010000001111110100100000010011010110101110110100100100110101100111011111110110100101001110000011111010100110111010100100000010111110010010010001100101000100101111111011111111010011000000010101011110011011001110101010 
11000011110001110000100110000111111111011111110111011110100100101010100111011110101100101110000010110001001100000010010000110011100011000001111010110111111010100110111111111000011001010001001011100011100011001100010000000010000110111011100000110010110010011010111111010010000010101101010101010011001101001011001100110000000110001101100011011110100111011011001000111010001111010011001001101100000001100000000111100010101011011111011001110010111000010110011100010101100110001101110100001100011001111111111110101101 
00010110011000000101010110011101110001111011110001100001010110110011101001111011000110011010000110110110010111011100111111101000000000011110000111010011111011110001001101100001001101010011001111110111011111111111000000001101111010110011000010101110110101001110101110011001101011011011011100101110100001110110011001011111000010001001100110111101100101100001111111011000110011010101001000110000011000101011011110001110111101100110000111010100001101000010111101110001010111101000010110110110010011100111001011000110 
10111111010101111000000100000010000110001000101100101110101010110111110101010110110111110010110010000101011011101101111010011011010000001001011111101010100110011110110110100100000110001100001101111100100111100101011000010111001101000101001100000101001010110000110111100010110010110011101010001110001111000000011000001101001101110001110010101101010100100111110101010110011011101110001111001101100001111101011010100110000010110111010111000110011011101100011011001011101000001111000001010011100111001100010100110101 
10011000100110000000101100001010001001110100001010111010011011001011010101101001011111100001111011111101100010011010011011000000011110110010111110011001101000101101111001110001001111110100000001100100101011100111010110011000111001110011001100011010111100100010001110000000111110011001111110110000110101110011001110101001000001100111111101101101100100010001001101011010101000010101011000010111000001110110001000010100100111100101001010100011000101011000111110011000001110100001110010011101110001101110010100001101 
01000100011000001110100111000010011100011111010110100000101100110111010110010011001000000101011001110000100110100101001100111110010110111100001000110100000010010110010010011101110110001110011101110010011011100011011010101010001101110110111101110111110010000010110100010001001111011010000001110100001001010111011101110110110010001100000101000011111000100010011100110001011000010100100100100111100100011111010000110100101000101000011101011010101000000100010000000111010010100110110111110011010100101111111101110111 
10111111111101101101010110100111001001100001001101111000110011001010111111111101011010011001000000000110010100111111110011111001001111110011111010111001001110010100000001101110010101000101100001101101111100101111100010100100110110110000010001101010000011111010011001110010000110011000000101110010111100011011000100101111111111000000100100101110101100110011010101000011010101001000110000001001001111010011100001011111101000100100000000110110110010010101010100100111101010011100111001111111000000111111101010010111 
10100111000110111110011001001111000100000000101010110010111011011010000001110111000010010111110010000100110011110110011000000011111001100010111001110110000010010000010010111011100101011000111000111101100010001111110111011100011000001001110000101111001110100111001000010010101111100011010100000011011110100100100000101010111011101011110111100110100011011001110011000000010000011110101101010110001011101001110011101110110011010100010001010110011001111010001101100111101010010010010010010011101111011011111000110011 
00100000001110010111110101001101000001011010000110000101101000010110110110010010000111111010110010100011111000110000011001010100010111111001001111100111011000110110011010001000110110110010010011100110000011011111011000101001000011010010010110001010011010111110100101100100110111001010010000101011111111110111011001111001010110000110101011100111101001111110011000100011000011011000110001110000001100010111001010011001000100111001010011001100100101110000000010100111011101110100000110101010110010001010010111101101 
00110000010111110101000110000100011011010111011110000011011000000101100000010011111001001011011011111111111010111100111011000011000000110000001001111000011000111011110000010000111011110010000101001000101101011111001011110001010001000101101101000001100001100010011011000101010010101101010111110110110111001011011110001100101010000011110101001111011110010001100010100000000011000010011000111101011011101011000001101011011001110101001101111111011111000001100001110000000111110010001011111000111000111111111100101101 
00111001011000110100101110011101010110111011011011101100100100000010111011111100110101110100111111011101001101011101100010100010000010000011100000010111110000111000000010101010101011100100001000001101001111111010100000100001111001101100000011011101001010110011111010000010101001011010110011011101100000110111100101001111010111011110001110001110000100000001000000101000111000111110010010100010110111011101000111010110110101100110010001011010011001011000000010011100100010101011111101100011010001111111110000001111 
10010001000001101110111010110011001101101001011011111100101000001010011000001010011010000000000000110000010111100101011111111000100010111101000100001010111001000100101110101001010100001100111101000100001011001001010001110010100100011110000000100001100111110000010011011000001100110000100111010011001110101100000111111110100100101111010010011101001100100100011101110010011000010010011110100001111100001101110011101110110011010001011000110110010101011110011000011000110001111100101011010110110001001000001001111011 
00000000000001010011001110101110111001100011111001101100010100111101010110000111110010000111100101011111010110010000011010111101100000110100001111110011111011000010110010100110001011001101011000101001010000001110011001001011001111010101111001100001010111101011100011010000100000100111000001100001011101011110000000001111110011111111000110100001000100101101001101111000101101010110101000101010100011001011101110001101110100000110010001000000000000000010010000011010101111001101111100101111110010100111110110000011 
11010000000010010100100100011000100011101100100101101001111001101101001010110101011010110010011001001010111010111001000111001011100111101010111000111000010111110110111001101010101001011110010011010010101000110100000101101011000100111101100010100111100101010011110001111101011110011001101010000011111001011000011110110100111100110011111110101010110110011111100110100100110111111110101000101011111000011100111101000000010110001001010001110111010000110111001100111000001101010100000110100100110011100111101101000101 
00101000001011011110110101001010110101011011100101010011100010101111010100011101001110010110101011011101100001001000110010000011001100000100111110110100010100000100100001000011101110111010101110101110001111010010010001111111000100111010100000011101111101011100001100000110110010110000101100000001100110010111001001010101110011100100000101000011011101011100001010010111111100101010011100000010010100000011001010010000010010010101011100111100011001100001111111100111011010001000111000000010011111100011001111110011 
10110000100111101000110100101011101010110010101011111001100111011110100001000110010111011000001010101110110111000101111100001110101011001000100000000100101010101011001010010011010010110000101111101111100100001101000001000000010000000111000001001110010101010011111101111000000101111100010011100000111011111011110101001001100010101001001010000000010011111010000011110001011111101001001100100010001000101100011001010111000100010100010100010010111001110111010101001010000100101000011100110101011000001110011011111101 
01010100000101111000000101001010011100011001010100011110010101011100100101011010000011000101000001100101000111110100011001011110110101111101001010100001110001000110011001010011010111001010010111111100000000000010110000010000001111111001110010011001011101000110100011110100100111001010100101111000001011000101110110111101011010111001001101111011100011100001110100111000011011111101001001010011011110000110001000100111001111000111001010010110111101001010011010010001111010001100100110000001000110101001100011101111 
10011111110101011100011010011100110110110111010100100001000111110011110011010111010011110000011001010000101000111011111101111101001010001001001011001010000110001100110110111001110110011000000011000000110011010010000010010101010011000100110111111010001100000001101010000010100000011101010000011011101001011100010101001100111101001001100100110010100001010100001001111100011101101101000001000010001110000111100111010000011100101000001001100011110111001111100100111000001110011011000110011000101100011101100001001101 
00100110100111000110100110001110010100011111001110111101101100000000111000110100111011111110100001101001010011110011110000101000010001100111000011101000110101100001110011111010011000001110110111111100010100011011000010100011100100011110011111111011000000000111101110100100001100011111111010101010110110101100011001011000001000000100100001111100010100110011100000111100101001100010010001101110101000110011011000001111010011010000010010010000101111000111010001001010100100011100011101110010111110011011111011001101 
01110100110011110111001011000011100010001110100111111111100000100111010000101011011000000111010100001010100000111110001110100011100011011011111010110101111110010100111100000110100111001100101101110101110001111100111010100000100011010010010001001010110100011111010100100101101010101001000001110010001010100000010001111010100010101100000011000110101000100110001010101100000110110011111111101101010001010000101101111010111000110010100010100011010000000011001010011110110000111111111010101010001111100110000110110001 
11011001000010000001111000100111010001100100110010001101011101111001000010100011111110001111100110011001000111110001001111111111111000110001001011010111101011110001001000000100001001011011110001100101101100100001011100001110001000011101100110110101001101100101101110011100001110001111101010101101010011110101111111100011111001111010111100001111010111011001100000011110111011101101110001111110010010111001110010000010011011000110011101100110000100111101000111000011001000011011000010101100000110100111001011101101 
00010010000110010111011101100101010100111000011010100111010110000101100110001001100110110011111111011011100111101011111011001011011010111001010001101110101101100011111001010101001001001100011000000001010110000010011100100001001110010110011011001010100110110000100111000100100110001010001111000010111010011101101100111011010111100100111100100011101111011101000111001110101010101101101011011101100111100010000011111110101101011111110111110000101111000001110111101011101010000011010010101101110011100011010100101110 
11001011110111000110000101100001101001010000000111101010001000011100111110101100110100100000101110111110001011100111000110110100110010000001011011010100010011001001101000100011010001001101010101000011000100101111101010100100100010000110000011111001110000011101010011000001011101001000000100111001011011100110100110100011110100101100110001001101110101011001110011110011111011001010011000111100011110101000110101101011001010110011111000101000111001101001110011101100110110111110000101010101110110111101111101011111 
01001111100000101000011101101000010110000001011111011011110001101010011001011010001010000101101111010100100000011101111110000011111011011000010110100101110111110100110101001011101010000111001001001001111101100000110011010110110001000011010011000111001100100000010110000100001000011010111100101111110001110111000000011010110001000011000101100100110110110111000010100001011110000111101110000110010001110111010010101111011010000110101101100111001000100111110111101100111010101111100001001001011101101101100100011101 
01001001010111110011000000010010011111011101000110101010000010101110100011111100101111101111001110100101000100010000111011101001101100110001100111100010000011100000001101111111100001100110110010100110100000101010100001101000101111011001011101001101010100011010100001100011101100110100011001001110000110101010001000000100100101000100100001101001100110110001100010011000110110001001101000001111001001110100100001011010110011001100000111100100111010111111100110001011001011110001001001111111100110110010110001000011 
11100001111010110011110111100010101011111000110001011011111011011110100001100001110011001001000101001011011000011100111010111011101010101101110010010010110001110010100110000110000000100010101100010001001110001011101011111111010111101001001011110001110010001110101110000101111110110111000010010001101001101001001110101001101111010100111000100100011000101001011101101001100111001100100011110100101100000100110010110011000110001001110000000111000010000000000010101000101001010100100111000101011101100100100011001011 
11110110101010111011011001101010000110100110000010011110001110110111001000111100101100011101001010101000010001110110000100000101100010011001001100111111000001011001101011000000110011011111100100101010111110101011000000110001101101001000000001011010110110001010101100001011011100111110000111011101001000011110110000100100101100110011100010000000001111001101101000110110000100001100101111011011111101000001000111101101001001111100110000000100011100011010000100001101101110100110010011000001100100001011010101001111 
00011001111101100110000010101011110101110011001100000011110110100001000100110110100110100111000001100011110110100011110010010001111101110101001001000101100010100000111001101110000010001010100010001100100001000000100110000111111000111110010111101101010000001110000011011101011011001001110000011110011001100101100101110101101101010000110110110010000101011001001100101011101011111000011000001000010001100010110010011000010100110101001010101010110100111111011100110100100110100001010111110001000001000001110011000101 
11110111100100000001000010001011100100001001100100110011111001110011111011100101110111010011101001000000100011111100111000001000011110101001011110011011100011000010001110001001001110010010011011000010101011011110110110111110001000100101000011001101101000100100110011110010011110011101011111111011001111110001001101101000100000100011100110100110100111011110111010010000010101011000011001010010001101011111011001100111101111011110111001100000011100100110011001110001001100011001100101100111001110111101010111111111 
01100011110000001011000010001101100000001101000000000000011001111110011010011000001011111000100000110000111000111100000101000111000110110000111000011011111111010111110110111101010010001000001011111100100000111000001111010010110110001001000101110100111000111101000101011100110111101101111101010010001001011111010000000100000110111011100100110100010101001011000001000100000000101100111000100101111011010000100100011101000000100001110110001100000111001110100000010101000101110010000110011110110100001000100000001110 
01000010110011111111100001111100010110011111011001110001110000110011100010101110010100011001111011111000110001001011011010010011100100100010010100100101001011100011000000011111111101111111111010110111000010111111111001111111110100110000000001101000111011111101011011100110101111010100011011100011101101011101101000011011011110000011111010101110001111110101010010000110111010100110111001111001001101101001111011001110100011011101011000100110001101001010111010011101101010001010111101111001101100110100110000110011 
11101011111000111001101101100100010110000100011100101100101110011010011101101011010101111000010111101011011100111110000010111011001001100101010010101001100000010111110101001110011111101111010101100011001001001110011010111001111111101010011110100011111110001011110100101100001101110010111111101000001100010101100100110001110010110110110111010011011110000001001011011001011110011101011101011001010011101010011001101111001011011111111110001001010011000011101101101110100000111000111100001110000010011010101101010011 
00010001101100011001000111000100001000101001101011111001100101111101001011000100010011000000110100110000111011001101000101110111100001111001011000011001111100010000010010011000100001110010100100010000111001100010011100000100010110011011011000111100111000101101111001110000100011111000100111000110100000000110101001100000111101001100111010010110110110100000110000110111101101101011000100011010010100100010101101100000101011000010110000101000011100110011001001101110000110111110000111001011101010110110101000000001 
10101100100010001000010001111001111101001000110100011010000000001100010001000001001110010000110001010111100010000000001110110100101101000000011111001001000000101101010101011000100101010110011001000110011101111110100010011010000101010110110010100111111001100110101011111100000000100110101000000010111100010011001100100011111000011000110011101001111000101001111001110011001100010110001000110000000111110011000111110011110100010000101101000011010000000101101100011110100111011100111101111111101111010010011001100001 
01000101011010011010000011000101011001111000011001101000000111011000101000011100110110001001001110010000100111000000010001001011000000101101101111011101011010011100000000000001011001110001111011110110001101001010111001110000111111010100010000010100111010011000010000010010000011111001100100111001101000110000001110101000011111111111000001110000000000110000111111111111000101101101001011111101110101110110100110110000010011100101000010101010100000100001001100110010100001001100100100011100010100101100001010101001 
11010100110101100111111110111010010101101101010010011010001010001010111011100111100011110111011101011011111111000011001010101101110000010101010011101011001011001111001001010110100011100000101000101001111111011010001101101110110010111101111010011110000101111100011011000110110111010101010111001010010011110000000101110110111100111100010110001001001010101101011110001111000010110010011011001100010110000000110011110111110101000000111001101111110100010110001110100010000010000101101100100010001010110001111100100011 
01111011000101110010110000101001010101111000101101111011000000000100101110010110111011111101001100100011111100010111000111111001101100110011100101001011100101010111111110000110101000101001111111011010111010000000100100010101111011011110100001101110001011101010001000011000100110101101101111000101111110000100111001011100110111100011110100011100110001110111001111101000001011100111100101000111000111101110010011101001101010100000111111011001101011010010111010001101001110100001010000111111100011011101111000100011 
10010110110100100001011001000111011011011110111010110011100101000110010100111110011110010100110111011001101100011011000011001110001110011001011100100101101011101100011001100100101010010000011101000100011100011111111110011110100000100010110110101101110101010100110001000001100111111100011110011111011011011001011100101001111001000101111110101110011111100100110101001001101111111110010111010111010111110101101100011011001011011011000100011011110101001010110010111011010010001100101111101001001001011001010110100001 
00000011110111101010110000001001000101000110001011101111001100111010000001011001110000000100001110100101010010010101010101010001011000001110010100110001011000000001001000111101110000011101010100110010010010101011000101001111010010011001110101110000000001100100000011010101100100001010101100000001010010011010010110110100101111111110000100100100100100111011110100010000010100110000011010110011001110100111110101010000100111011010111000010101111100010111001011000011000101010010000110000111011100001100000111111101 
01110001001100110010110011010101110100101101010000110010000110110110100001110010101001111011000101001100100011100001110011011111000001100011000101011001101111000011010001010111010010110100111000111110000111101010100011110100110100100010000000110000110111110000111100010111101010011111111101111101100011101110111000011011011110110001010011110001100110010010101110100100110010011110101101011000010000010111011100001110100010110010100110011111111001110101010111010010011100001001001000010101001110011001000111110011 
00001100101011001001001011001000000000000100001001011011100011001010111100010100100100111110111101010001010011101101110010111110000110011101111001001010101010000000100110100101111011110011100101111100011100011000110111001110101001111111010110111001100110101000110110101100111101011110111111100001101101011110001110000000000111000100101011111001101100111011101101100000110111011000010010000001001100010110111011111000101110110000111001110000100111111110111010011001010111000011110010101101110110011000111011101011 
11000010100010011100000100011100111110100100110100000000100110000101011001001011010101000001000010001110111010110010100001110100011011101001101101110100100100011000100101111101011001101001101111000100101001101100111101101111000010000010101011110111011001001111001101101000010110101110111111111100000011000110110011011101010100111100011011011001000101011101001111000010001110010001101000110010011011000101101111100000100110000110111001100001000110100010100011001100111000100100000001000100001010110000000100100001 
10001110110110111010011111111010001000010011010000010100100001011000110101111001010100011101011111010000010000111100111111111111011011011111101111001110101101110011101101101011110000110111101000111011101010100011100001101110011110011101111001100001011101001011011011000111010110100000000110110010010000001111110100100000010011010110101110110100100100110101100111011111110110100101001110000011111010100110111010100100000010111110010010010001100101000100101111111011111111010011000000010101011110011011001110101010 
00010111010010001011001110101010100110110000011001110010010001011001001100101110011011000110111110111011110111011011001001110110101011010100000110111110110110001011110011100001100101111110110111111001010100011010110011010001000010001000010000010111111100001011000011100111000010100001011100000110000111011111100101110110001100101010100101011111110000100001010011111011111000011100001101000011100111101100001001000101001111011111101100101010101000100001010001011011011100101001100101001001101010111111010110011101 
00101000001011011110110101001010110101011011100101010011100010101111010100011101001110010110101011011101100001001000110010000011001100000100111110110100010100000100100001000011101110111010101110101110001111010010010001111111000100111010100000011101111101011100001100000110110010110000101100000001100110010111001001010101110011100100000101000011011101011100001010010111111100101010011100000010010100000011001010010000010010010101011100111100011001100001111111100111011010001000111000000010011111100011001111110011 
01001001010111110011000000010010011111011101000110101010000010101110100011111100101111101111001110100101000100010000111011101001101100110001100111100010000011100000001101111111100001100110110010100110100000101010100001101000101111011001011101001101010100011010100001100011101100110100011001001110000110101010001000000100100101000100100001101001100110110001100010011000110110001001101000001111001001110100100001011010110011001100000111100100111010111111100110001011001011110001001001111111100110110010110001000011 
01110100110011110111001011000011100010001110100111111111100000100111010000101011011000000111010100001010100000111110001110100011100011011011111010110101111110010100111100000110100111001100101101110101110001111100111010100000100011010010010001001010110100011111010100100101101010101001000001110010001010100000010001111010100010101100000011000110101000100110001010101100000110110011111111101101010001010000101101111010111000110010100010100011010000000011001010011110110000111111111010101010001111100110000110110001 
11110111100100000001000010001011100100001001100100110011111001110011111011100101110111010011101001000000100011111100111000001000011110101001011110011011100011000010001110001001001110010010011011000010101011011110110110111110001000100101000011001101101000100100110011110010011110011101011111111011001111110001001101101000100000100011100110100110100111011110111010010000010101011000011001010010001101011111011001100111101111011110111001100000011100100110011001110001001100011001100101100111001110111101010111111111 
10010001000001101110111010110011001101101001011011111100101000001010011000001010011010000000000000110000010111100101011111111000100010111101000100001010111001000100101110101001010100001100111101000100001011001001010001110010100100011110000000100001100111110000010011011000001100110000100111010011001110101100000111111110100100101111010010011101001100100100011101110010011000010010011110100001111100001101110011101110110011010001011000110110010101011110011000011000110001111100101011010110110001001000001001111011 
10100111000110111110011001001111000100000000101010110010111011011010000001110111000010010111110010000100110011110110011000000011111001100010111001110110000010010000010010111011100101011000111000111101100010001111110111011100011000001001110000101111001110100111001000010010101111100011010100000011011110100100100000101010111011101011110111100110100011011001110011000000010000011110101101010110001011101001110011101110110011010100010001010110011001111010001101100111101010010010010010010011101111011011111000110011 
