10110010010000010111010101110000000100000000101110111110100100010010100111011010010100000110011110001011010100110111101001011011001111011010010000111110011000000011010000100101010000000100101101001010111101010000100000000001101010110000110010011101011000111001001101000101100011000111011111001011101000100000111001000100110111000011100110100101100011100100000010100110011100011110111111001110111111010100101111111001100010100010010010100000011011011001011011010000001000100010000000100100010110000101000010001101 
00100001111110010110011011011111101010001111101010111001000111010111100001110011100011001101000111101001001000000001101101101010111101011110101000111000001100101010110101100011000001101110111011110011100100001010111110101101100101101100011110000010011000111000101101011010000011110110001001111011110111011001100010011010010111110010001111011101111110110100011001100110100110101101000111000001100111001110111111111100001010110010111100010101011011101101011011011110111110110110010111111111011010111000011011101011 
10110010010000010111010101110000000100000000101110111110100100010010100111011010010100000110011110001011010100110111101001011011001111011010010000111110011000000011010000100101010000000100101101001010111101010000100000000001101010110000110010011101011000111001001101000101100011000111011111001011101000100000111001000100110111000011100110100101100011100100000010100110011100011110111111001110111111010100101111111001100010100010010010100000011011011001011011010000001000100010000000100100010110000101000010001101 
00100001111110010110011011011111101010001111101010111001000111010111100001110011100011001101000111101001001000000001101101101010111101011110101000111000001100101010110101100011000001101110111011110011100100001010111110101101100101101100011110000010011000111000101101011010000011110110001001111011110111011001100010011010010111110010001111011101111110110100011001100110100110101101000111000001100111001110111111111100001010110010111100010101011011101101011011011110111110110110010111111111011010111000011011101011 
11110110100010011101001111000101101111011001101110111001000111001110001000010111001010100101011000000000110110101010101111100000010010101000100100100001100110111000010001011101110001010011110111001000000111111111110000111111110011010011011111101110011011100110001110101001111100101010001110110110000111111001111001111101010011010000101101111010110100111000110011100110111010100000110011110110111101001000110101011100110111010100000000000011111011111100111110111001101111010110011101110111111110000101111111100010 
01100111001100100100110111011000101100010111110001101110101110111110011010010111100000110100000111001111010110011110111111110110111001111000111001101000011100111111011001111011001110101011101111011011111101110010001000011001001000101100010001111010000000101111101111110010010100000101110111111001010100011011001001001101100011110011010101011111011001000000111111100110101010100011110100101101011010110000011000000110101100000000010100101110001111001001101010000000101100110010111000101110011110111110001011001110 
00111000110101101011101101011101110101111011011010111100100000110111100000110110100111110000111011010000111011110101100100010011101000011111110111111011111011001100100101110111001110001100110000001000100011011001011010010111011011110101111100110010011011101001011011101110110100111100010100101111011010001111011011111011110011111101101000000110110111111011011101100110000100000011010111100100111101011000101001001011000110001000111110010001000011000001011100100000101101011111111000000000111100101010111100001111 
11110110100010011101001111000101101111011001101110111001000111001110001000010111001010100101011000000000110110101010101111100000010010101000100100100001100110111000010001011101110001010011110111001000000111111111110000111111110011010011011111101110011011100110001110101001111100101010001110110110000111111001111001111101010011010000101101111010110100111000110011100110111010100000110011110110111101001000110101011100110111010100000000000011111011111100111110111001101111010110011101110111111110000101111111100010 
00111000110101101011101101011101110101111011011010111100100000110111100000110110100111110000111011010000111011110101100100010011101000011111110111111011111011001100100101110111001110001100110000001000100011011001011010010111011011110101111100110010011011101001011011101110110100111100010100101111011010001111011011111011110011111101101000000110110111111011011101100110000100000011010111100100111101011000101001001011000110001000111110010001000011000001011100100000101101011111111000000000111100101010111100001111 
11000001000111010010111111110100110111000001010100100100111101001000010000000101111111111011111000000001010000100111010001000100000110101101110111110000110110111011100100110110100001111110001110101111110010110110011110111111011011100011110111001000111010001000010010011001001110010010111111001010011000010101101111110001001001010111001010001011000011100110001100010110000011010100011111001101000001001000101000000110110100000000110000110010100001000010001010000101011110100100010111000001001110101000010001010101 
11011110100100110101000111011001011111101111111010110010001010011110010001111100001000010110100000100000100110100100011111001010001100111000101000011001101000000000110000001010001010100000001110111101111011001110101000011011100000101001001011111100101011101011100010001010110000101110010010000001000110010110101000101000011110111011010111001000010110101111111011100000101000010100001001111010100101100110111101000110110011100100001001111000000001100011010010000000001110001101110100010000111011100011000111101011 
11010010001010000000001001100100100101001111010101100000010100100010111000100111011110101010101100000000011101000001010100111110101000010110010100011000110011000111000110100101100110111010011101010011100101100001011001100001000011000000011110111000100000010100010001101100001110100010011000100000000011001001001110011111110110110110001001110100110110001110001111001000010100000000000101100100100111101100011001111100011110111111101110100010011010000001101010111110110101001011010100101000010011001001110001101110 
00000010110101011011101000010110100100011001010010000010101010000001101010000000000011111111011010010110100111111000011110111001110101000000111110101000101111000010101110001001010010011000010101100110011010010110010001011000000010110100001111101011101011011110001001000100011010010010001110100011000000110010010100100001111100101011000001100000001001111010100011010100000011111111000111001100100001001110011110000010011000101011000100111010001001101101110100011110101100000011100111000010100100011101001011111110 
11101110000111010011101011010101110111011110100000000101000100111011011101000001100001100010101101001000001110011110011110010111011010000101010110111101011001111100011011100111011111110111001000100011001011011101101001110001010111110111001010101001000111000000101011111101111111001010111001101110100000011100000010101101011101000110001111001101000101100101110001011001001111000110110101111111001010111010001000110011111011101011110000100110110011101011000111110111010001000011111110011100111010001010001101000111 
11000001000111010010111111110100110111000001010100100100111101001000010000000101111111111011111000000001010000100111010001000100000110101101110111110000110110111011100100110110100001111110001110101111110010110110011110111111011011100011110111001000111010001000010010011001001110010010111111001010011000010101101111110001001001010111001010001011000011100110001100010110000011010100011111001101000001001000101000000110110100000000110000110010100001000010001010000101011110100100010111000001001110101000010001010101 
01100111001100100100110111011000101100010111110001101110101110111110011010010111100000110100000111001111010110011110111111110110111001111000111001101000011100111111011001111011001110101011101111011011111101110010001000011001001000101100010001111010000000101111101111110010010100000101110111111001010100011011001001001101100011110011010101011111011001000000111111100110101010100011110100101101011010110000011000000110101100000000010100101110001111001001101010000000101100110010111000101110011110111110001011001110 
11011110100100110101000111011001011111101111111010110010001010011110010001111100001000010110100000100000100110100100011111001010001100111000101000011001101000000000110000001010001010100000001110111101111011001110101000011011100000101001001011111100101011101011100010001010110000101110010010000001000110010110101000101000011110111011010111001000010110101111111011100000101000010100001001111010100101100110111101000110110011100100001001111000000001100011010010000000001110001101110100010000111011100011000111101011 
11011001110000101010000101011111100101011000100110011111101110000111100101101011111110011010111011111010101110110001110110010101000010101101011011001001111101110011000000101001010011100011111111000011110100101111100000000111001110110101101010011000010010011010010011000010111001111111010100000000010000100011111001100111011001111110010010101000000110001001110010010100111011001111001010110010001001100110100101001110110000000000111111111100101111101100011110101001001100110111010111100011110000111101011111101101 
11011001110000101010000101011111100101011000100110011111101110000111100101101011111110011010111011111010101110110001110110010101000010101101011011001001111101110011000000101001010011100011111111000011110100101111100000000111001110110101101010011000010010011010010011000010111001111111010100000000010000100011111001100111011001111110010010101000000110001001110010010100111011001111001010110010001001100110100101001110110000000000111111111100101111101100011110101001001100110111010111100011110000111101011111101101 
11101110000111010011101011010101110111011110100000000101000100111011011101000001100001100010101101001000001110011110011110010111011010000101010110111101011001111100011011100111011111110111001000100011001011011101101001110001010111110111001010101001000111000000101011111101111111001010111001101110100000011100000010101101011101000110001111001101000101100101110001011001001111000110110101111111001010111010001000110011111011101011110000100110110011101011000111110111010001000011111110011100111010001010001101000111 
11111110110111011001111000110100011100111101100011110001011010001000001101100101000100111101110110001110111100001100100000010010101100000011000111000011011100101010111101100001001011001010100100101001100001001110100110010111111001011111000001100001001001110101110111011111001001111001001001110101001111000001110110010101110000101110011101001000000110010101001111000000010010110010100101001001000100000101011010001000010011011001000001001110101010111001011010100110111000111111011101101110111001100011101100001011 
00111110110001001111000000001011110010110000000101000001100001001101000000001110111110010011011001100110101111001110100011011001011001100010010001100110000100100000001011011101000010000011101000011101101001001101000000000101011100101100100100110000100111001010000110001100100010011110100010111000110010110100110100000111001011111101000101110100001011001010011011111011111100110101010100101001011100001111110000110010010001100100111100011000001010000000011001110100110110110111110111011010110001111101111101000001 
00001010011110011010000101001101100001100001001101111100110111111011000111010101001100111110101110101111111101100100110111101000000010010111001010110110101111110111101101000100100011010001100101100111001100001101100110111101111010001010100111111111000001001111001111010111100011000011000001111001011110101010101000101010101011110110111100001111110100110001110100001011111100001111111000100101111110110010111010011101101100011100101100111101011011000100111001111100000111001010101101011011010110001000000111000001 
11111000000111111011111001000001011010000000111001000001000011100100011100101100010100101110100101001001010111000110111001001011111111011011100100110110010101100110111001011000000111111111100111010100111101010000010100101010010111101011001110000000101101100001001010001011101010001110111100101011100010010101001010101111110010100110010000001001010100101001011000000111000111111101111000010011011010100011001011000001001111100101100001010001110000010010010110100111101011011101101100001001001111110011100110101111 
01010010110100100000110011110100101111111110001101011010011010010010101011100011011111100110011100001000000110101011101001000111101111101111101100110101000111001001100110110111000101101000000000000101000000010110011011110110001010101010110001111011001110010100011011001100010000100010110000001011010100110011001010001000000111011000110000010100111011110001010010000001110110011001110100011011110001100000100000011100001001110011001011010101101010010000100000100101011000101011000100000001110111000100100010111101 
00111110110001001111000000001011110010110000000101000001100001001101000000001110111110010011011001100110101111001110100011011001011001100010010001100110000100100000001011011101000010000011101000011101101001001101000000000101011100101100100100110000100111001010000110001100100010011110100010111000110010110100110100000111001011111101000101110100001011001010011011111011111100110101010100101001011100001111110000110010010001100100111100011000001010000000011001110100110110110111110111011010110001111101111101000001 
10101000000000110110000000011101111011010000101110010011110011001001111001101111010100011011101110001010001101100010010001100000000000000001100110001101100010001100000110010110111111110100010010001011010101010111110001111100100110101011110101011001101001011010000101000010010110111000110010100011011100010111110010101000010011011000001010000000101000010010011001110000110010010000001100100010100110010010110111010001000010001110010010100010110000100110111110010001011101000110010101000111011011100000111000110111 
00001010011110011010000101001101100001100001001101111100110111111011000111010101001100111110101110101111111101100100110111101000000010010111001010110110101111110111101101000100100011010001100101100111001100001101100110111101111010001010100111111111000001001111001111010111100011000011000001111001011110101010101000101010101011110110111100001111110100110001110100001011111100001111111000100101111110110010111010011101101100011100101100111101011011000100111001111100000111001010101101011011010110001000000111000001 
11111000000111111011111001000001011010000000111001000001000011100100011100101100010100101110100101001001010111000110111001001011111111011011100100110110010101100110111001011000000111111111100111010100111101010000010100101010010111101011001110000000101101100001001010001011101010001110111100101011100010010101001010101111110010100110010000001001010100101001011000000111000111111101111000010011011010100011001011000001001111100101100001010001110000010010010110100111101011011101101100001001001111110011100110101111 
00000010110101011011101000010110100100011001010010000010101010000001101010000000000011111111011010010110100111111000011110111001110101000000111110101000101111000010101110001001010010011000010101100110011010010110010001011000000010110100001111101011101011011110001001000100011010010010001110100011000000110010010100100001111100101011000001100000001001111010100011010100000011111111000111001100100001001110011110000010011000101011000100111010001001101101110100011110101100000011100111000010100100011101001011111110 
01010010110100100000110011110100101111111110001101011010011010010010101011100011011111100110011100001000000110101011101001000111101111101111101100110101000111001001100110110111000101101000000000000101000000010110011011110110001010101010110001111011001110010100011011001100010000100010110000001011010100110011001010001000000111011000110000010100111011110001010010000001110110011001110100011011110001100000100000011100001001110011001011010101101010010000100000100101011000101011000100000001110111000100100010111101 
01000011101001111000000001001110100101000101001000000100011100000111001011100111111001011101111000011011010011001100111001011110000101000000110011000001100110101100110101000001010001100100101001110000010101110100011100110100010101010011000111010010000001101010011110001100001111010101010110001110010000011010110010111101000000000110101000111110101010000011110000011111001001001000010001111110011110100011111101111001100001101100111000001111011011011000011010000000001101001001010010001001101011000110101101011001 
11111110110111011001111000110100011100111101100011110001011010001000001101100101000100111101110110001110111100001100100000010010101100000011000111000011011100101010111101100001001011001010100100101001100001001110100110010111111001011111000001100001001001110101110111011111001001111001001001110101001111000001110110010101110000101110011101001000000110010101001111000000010010110010100101001001000100000101011010001000010011011001000001001110101010111001011010100110111000111111011101101110111001100011101100001011 
11010010001010000000001001100100100101001111010101100000010100100010111000100111011110101010101100000000011101000001010100111110101000010110010100011000110011000111000110100101100110111010011101010011100101100001011001100001000011000000011110111000100000010100010001101100001110100010011000100000000011001001001110011111110110110110001001110100110110001110001111001000010100000000000101100100100111101100011001111100011110111111101110100010011010000001101010111110110101001011010100101000010011001001110001101110 
10101000000000110110000000011101111011010000101110010011110011001001111001101111010100011011101110001010001101100010010001100000000000000001100110001101100010001100000110010110111111110100010010001011010101010111110001111100100110101011110101011001101001011010000101000010010110111000110010100011011100010111110010101000010011011000001010000000101000010010011001110000110010010000001100100010100110010010110111010001000010001110010010100010110000100110111110010001011101000110010101000111011011100000111000110111 
01000011101001111000000001001110100101000101001000000100011100000111001011100111111001011101111000011011010011001100111001011110000101000000110011000001100110101100110101000001010001100100101001110000010101110100011100110100010101010011000111010010000001101010011110001100001111010101010110001110010000011010110010111101000000000110101000111110101010000011110000011111001001001000010001111110011110100011111101111001100001101100111000001111011011011000011010000000001101001001010010001001101011000110101101011001 
01000100110110101010101001110001110100010011100000000111000011101010111011111010110011111101100101111000111111011100011001111011000001011011000001100001001001110010000110110010111000000100011001011010100000111110001110110100101011110010001000110010111011111000111010110010011011100111111111000110110110101100011000011100010011100101100111100000010100111100011110000100111000100011111010101111010011010000111010010101110000000100101010101010111010001111010001011001010111000010100011100111111101011110010101011001 
10111010101011000010011100110011001111011101001110001010010100100010101000011010110011000101010011001100110001110111101110010000111001001110111100011000111100010000110001111101110101101001011100001011101111001010101100101011010111110000011011101000101010100101011100001110101111001010111100010111000011000111111100000101000111100111110110010100011111001001100011010101001111110010110101111110000111001110101100010011111001001010001000110100000110100110101011110010110011110010010101000001100110101110001000111111 
11011111101101010101100100000010011101011100010010101111001111100010000011110000011001000110100000001100101010010100101110100011101110111011111001110111111100001011101111001100101101110111000010101000101000011111110100011011011010101111110110101100101111001011001110010111001000110010100110010011111111000011000100110100000001001101110011001111110110011110111110001100111000010010001011110101000111011111111101000010100010111110001101001110000110100010010001110000001110111101001011100000101000111110000011110011 
11110010110100110110100011100000010111001111101001010111011000110000011011001111111011100100100111111110001110101011011001101001001111011010101010000101011011010100001000010001110011001110001111000000011101001000000010100100010101011111001011110010011111000101111111000010000000111001111111011011001100100001011101000101010110010100010000101010011010101010010101011000111101010101110011111111010110011000011110111000101010101011111011010100010010111111000011110110011011111000100000010011001101000100101101110111 
00110100110100110011001110110001001111010111010100111011011100000000110110011101100101000011111111100111111111001000101010011100011111111011101011110110010110101000001111110110111101010001110001101100001111000001011001001000011000101001101110110111110000011101011011010101011000000011101100000110011110000010000110100001100111101100000001100100000010111100111010000000000011100100100010100011100001101000111011011001001111111111010001011101100111000110100100000110100010011110111011010110010101110110000110110011 
11101101110011011111000010010110000101001100100110111101001001011101110110110101100110010010001101100111010111110011100000010010001000110101011010101111011011010100100010101001010000001000100001101010101100010011110001101000011101001001000111110110100100011110000000010101100000000011000001001010110001011011000000111101111011101111001001001100001001001111001100011010100110111110100110001100111011010100011001110000100110101110111111001001011011000100110100101011110100100111100110010101001000001101100000001011 
11000010010101011100010101110110011100111010000010101010101001111010001110101001000111011110010001001010101010100001101001101011110111100110101011011110111010000000101101011010100000111010111100001010000101011001110000010001011011010101110101101101010000100000010110111110010111001101111010100001000110110011000000000010001100010010111001101001000111011011010010101101010101111101110100011011100000000001101101110001010000110110010001111000111001111010000110001010110100001100010001101100110101111001010010001111 
10011000001100111011000011101110010110011110000010100001100000011101100101000000110100011001101110111100000000110100100100111010000111110100110111100001100111011010000011110010100111110110101011111111010111100111011101011100100000001110101101001000100010110001001110100110111110010001110010111100110100000110010000111000000011111010110001101110111001010111001111001010100111000011001000100111100001000000011010011011100010001010101110111100111110011001110001000101111100011110000011011001111000111101111110010111 
01010011110101101000011000000111111011000100000001010011010000110100101000000010110101011000000000010010011010101110100111100100100111110011011000110100100101111010010011010111000011010101001100110010000001010000000111011010010011011011011010010010000101000000101101001011010111100010111101110110100111110010011011001100011001111000101010000101101010001101110000100001111001110100100101100111101100001011111100011010011001101100001110011000101000001001100110101010111101111001001101110000011011111001001100101111 
10001011100001100101110011000111101111101001110011000111110100011111101100110111101001000110110010000111101010110111000010100001011110011000100001111010110000000111001011001100000100010100010110000110001000110101001010100010101001110110110100110111110000101001011000011111101101111011001111100010001100111110010011011010001110011001000011000101100001000001100111100100111101001101001100111110100001110110100011000110101111101000010000110101010110010100100100000001000000000010010100000111001111101011010100000101 
01110010110011011100110000011111101000110000111111011101001110010111100101011101101001001010010101101001110011100101011000100010001100010001110110111011100101001011000011001110010000001110110010000001000101100001000010000011011001101011000000110000111111100110101111111000010101111001001011111100011110011011101101001111100100101101011010011101011011010000100010000111110000001000011100010101000010000110000000111011110011010011010011010010111100000000010100001110000000001111001001100011011010000011000101111001 
11010101100110101100001111010001110101110010001011001101100111101110011110101100111010010001100011110110011011100110100010010101000010110111110010010011010000101101110110101011011111011101011011101010110111100010001111110010110010000101100110011101000101111001000101111001000000011010000100100101001101101000011100110011100100000010101001101110011101001100010101110000001001011011001000011110010011111111110101110010000000001100110101000111100001011000011100010110010001111100011011001001010100011111000100010001 
01100100101101010001001111110111110000000101011100100000100001001010010010000110001101100000011000100110010111111100001111100101010111101100000101110101001101001011110011011100000001111111000100011011001101010100101100111001101000111001011111101110110101101000001011011111111111000100000111100101111000010011110101001110011000001100001110011100001110111011001110101000110010010010010111000101110110111011100101010101001001000101101101100001100110110000000011010001011110000110100001011011111000000011000000110111 
00000111010000110010001111001111101110010011111001100110011110010110110000110100110100010010101100100101001110001101000101111000100000101110111011100000100110101110100001001101010110101000001111110001001111100111010001011100100010011101101110011000100010110101101100110000101000011101111011001000100100010011111100011101011100001011011011100011110010100100110110011011110011001111010111110001100010010000000111110011110011000110101011000101010011000010010101110101100100100101001000000010100101111000110010010011 
00010101100000111101110101101111100011110111001011111001011010111100101001000101010101111101110101101000101111111001110001011011110010010001110011001100111000010000010110101010011101010000000011101111010111111101101001110100000001111010100011011100100000110111010011111010100010101011110100010001100101001101100001011000011011101010110000101110100001011110010011001010001100101101000010110101010110000110001101110111001001111110001010111011001100010111001011100101110100100110110100001110111001011001101110100111 
10101110000000000011110011011110101110101011101000000000010110011111100101001101011000001011110001101111100100000011111001001000111101101111000011101100011011100001110000110101011101101001001010001000101011110100010010011000101000011110111010111110010011000100011101110000111101110101111010011000001111011101110010010100010000100110010001110011001100010010000011001001010110111100111001100001010010000111010010011010000100011010001100110110111100111100010011001110111101010000111010101000110001011010101110100001 
00100011100101011110001010101010111100000100011110101111101001100100111111011000000010100101010010011110010110101010101110010110001100001000001010000010101100100110001000101101000111100100100101111011010111001011011101001110000010100110100100111001101110111111110001000111101111110101101101111000001110100111011000101100000000011101001000000101010101010101111100000000100011011111101010101101011000010111010100011001101101001101011111000001100100110010110111110001010110010001110100111101010101100000111111010101 
00011111011011001000001100000101101111010000100110100110100101100001011100111100101000000010000110111011001101010011100000010010111110110000010000000010010111100010011000110101100011111101010001101110111010111011100100000011011000101101000111011110110011111100001111011011001101100100001000101100111001000101001001101100000100000110100011101101001011100010111100101010010110011111101110110011111110001010101010000110010001101001001011001111111000011101100000011010000111010100110110101101010011011001100000110001 
10000011000011011010111101111100010110101100001110001101001010000010010101001001010010100001110010111000111001110101110011111010000011011101000111110011101100101100111010101010111011011101101101111010100001111100001101001011110011010001110011100111111010010000010100011110001000111010101111101010010110000101101000000000001011010100001101001101101011111011000100001000011100110011110000101101100010100011110010110100011010000001001110011110011110010011001100110010110110101100101100101101100000101111111000011011 
01010101111000100111001011100110100100000001010110010111110011000101100100000110001001000111011110101011001100010110111101110110010101010110110000111111111001000100111001101101011101110001101000110111110101100011010011011100111001111110011110001110010101111101001000011111001011010111101110011110001000010000011001010011100110111111111101000110100100111111011101011000001000110111010000001111101001101101011101000001110001100010011001001110010010111111111010110001111100111000111010011011000011000101111111000111 
00010011000011101010001100001011111010100100100100001101011010100010110011100100111011111101100101001101010111001001001011110011111000010011001111100111001001100100011110101001010011010010100001011000000010000001011001110100110111101000111010011110110111110101101010011001011111000000111000010100101111000110111000101001000100010001101100001011110101000110011111000110110110010111110101010111001101100110110101101111111011011111110000111110110101101011001110001100001011011110000010010001110000010000101100110111 
10111101001010110110000101111110101010011100011111001100000000111100011111111000111111001100001010101010011010101101111000101000100100010100110110111000101001110101111101010100001011000110000001101000111110100010011110011000011110101000101100000011111111100111101110111100111011111110011101110111100101001010111100001010110100110101000100110100110001010101110111001000010111011010011101001000100000000000001000001000111001100101001001001011001110111000010011000110110011101101001101101111010100111000011101110111 
11000111000011111010011011110010110001000111010000001110101101001111011110101011011111011011101111110000010100110001001010010000000111101110010111001101001111010100101100110010101101111111110100000011000000101011010010111110001010010110010011011011110011001011111000110001100111110101010011101011010011101001111010111001000011110010101101111100010100110011001001010010111101010001000010011110001011011011000100010000011110100011011011111101000110010101101010101001100000100101101010111001111111000101010001100001 
11101111111110001111011010100011101010001000111101110111100011100101110011100101000000000001010000001100100011110111001010010001011110101100001111010101110110001110001100011001111100001010010011111001000100001101100110010011111001011110101011100110001111110001011100100011011100001010001110000000001011010000110001000111000000000010100111111000111111000100000111000001000100100111010100110000101010001101110101111100101001100101111101001001010011000110010111000100110011100000111010111010001100001010011001000011 
00011000011011110001010011110000101000110001010100011001000111100001001111111001111000011010010100011011111111000001100100101000111011000101110011001100001100011100110000101011101011010100001010011000100111010110010110111010001001111010011000011100111111111100010000000011010111100011000010111001001101101001101000111010111010010110110110111101000111010111111010011110010010101001111000101000111101011101011110010010111101101000110101101101011011110100101001110011101110011000101011110100100000100011000111001011 
01011000001110100010011110101001011110101100111011011001101110111111110101011100110010011010001000100001000110000110100110110110100001010001100111101111001001011011110100111010000000011101000111111101100000111011100111010010001100111011110101111110100000010000110001110010001100101101000101000001101001110111101101000001111001100011100001010110110110101110111000000011111000110001111100110000011011100011001110011011001101111111000101110100111001001001001101101110111100010110000011111111101101100111101011100101 
10001011100001100101110011000111101111101001110011000111110100011111101100110111101001000110110010000111101010110111000010100001011110011000100001111010110000000111001011001100000100010100010110000110001000110101001010100010101001110110110100110111110000101001011000011111101101111011001111100010001100111110010011011010001110011001000011000101100001000001100111100100111101001101001100111110100001110110100011000110101111101000010000110101010110010100100100000001000000000010010100000111001111101011010100000101 
10101110000000000011110011011110101110101011101000000000010110011111100101001101011000001011110001101111100100000011111001001000111101101111000011101100011011100001110000110101011101101001001010001000101011110100010010011000101000011110111010111110010011000100011101110000111101110101111010011000001111011101110010010100010000100110010001110011001100010010000011001001010110111100111001100001010010000111010010011010000100011010001100110110111100111100010011001110111101010000111010101000110001011010101110100001 
11101101110011011111000010010110000101001100100110111101001001011101110110110101100110010010001101100111010111110011100000010010001000110101011010101111011011010100100010101001010000001000100001101010101100010011110001101000011101001001000111110110100100011110000000010101100000000011000001001010110001011011000000111101111011101111001001001100001001001111001100011010100110111110100110001100111011010100011001110000100110101110111111001001011011000100110100101011110100100111100110010101001000001101100000001011 
01100100101101010001001111110111110000000101011100100000100001001010010010000110001101100000011000100110010111111100001111100101010111101100000101110101001101001011110011011100000001111111000100011011001101010100101100111001101000111001011111101110110101101000001011011111111111000100000111100101111000010011110101001110011000001100001110011100001110111011001110101000110010010010010111000101110110111011100101010101001001000101101101100001100110110000000011010001011110000110100001011011111000000011000000110111 
00010101100000111101110101101111100011110111001011111001011010111100101001000101010101111101110101101000101111111001110001011011110010010001110011001100111000010000010110101010011101010000000011101111010111111101101001110100000001111010100011011100100000110111010011111010100010101011110100010001100101001101100001011000011011101010110000101110100001011110010011001010001100101101000010110101010110000110001101110111001001111110001010111011001100010111001011100101110100100110110100001110111001011001101110100111 
00011111011011001000001100000101101111010000100110100110100101100001011100111100101000000010000110111011001101010011100000010010111110110000010000000010010111100010011000110101100011111101010001101110111010111011100100000011011000101101000111011110110011111100001111011011001101100100001000101100111001000101001001101100000100000110100011101101001011100010111100101010010110011111101110110011111110001010101010000110010001101001001011001111111000011101100000011010000111010100110110101101010011011001100000110001 
01011000001110100010011110101001011110101100111011011001101110111111110101011100110010011010001000100001000110000110100110110110100001010001100111101111001001011011110100111010000000011101000111111101100000111011100111010010001100111011110101111110100000010000110001110010001100101101000101000001101001110111101101000001111001100011100001010110110110101110111000000011111000110001111100110000011011100011001110011011001101111111000101110100111001001001001101101110111100010110000011111111101101100111101011100101 
10000011000011011010111101111100010110101100001110001101001010000010010101001001010010100001110010111000111001110101110011111010000011011101000111110011101100101100111010101010111011011101101101111010100001111100001101001011110011010001110011100111111010010000010100011110001000111010101111101010010110000101101000000000001011010100001101001101101011111011000100001000011100110011110000101101100010100011110010110100011010000001001110011110011110010011001100110010110110101100101100101101100000101111111000011011 
10111010101011000010011100110011001111011101001110001010010100100010101000011010110011000101010011001100110001110111101110010000111001001110111100011000111100010000110001111101110101101001011100001011101111001010101100101011010111110000011011101000101010100101011100001110101111001010111100010111000011000111111100000101000111100111110110010100011111001001100011010101001111110010110101111110000111001110101100010011111001001010001000110100000110100110101011110010110011110010010101000001100110101110001000111111 
00100011100101011110001010101010111100000100011110101111101001100100111111011000000010100101010010011110010110101010101110010110001100001000001010000010101100100110001000101101000111100100100101111011010111001011011101001110000010100110100100111001101110111111110001000111101111110101101101111000001110100111011000101100000000011101001000000101010101010101111100000000100011011111101010101101011000010111010100011001101101001101011111000001100100110010110111110001010110010001110100111101010101100000111111010101 
00000111010000110010001111001111101110010011111001100110011110010110110000110100110100010010101100100101001110001101000101111000100000101110111011100000100110101110100001001101010110101000001111110001001111100111010001011100100010011101101110011000100010110101101100110000101000011101111011001000100100010011111100011101011100001011011011100011110010100100110110011011110011001111010111110001100010010000000111110011110011000110101011000101010011000010010101110101100100100101001000000010100101111000110010010011 
11101111111110001111011010100011101010001000111101110111100011100101110011100101000000000001010000001100100011110111001010010001011110101100001111010101110110001110001100011001111100001010010011111001000100001101100110010011111001011110101011100110001111110001011100100011011100001010001110000000001011010000110001000111000000000010100111111000111111000100000111000001000100100111010100110000101010001101110101111100101001100101111101001001010011000110010111000100110011100000111010111010001100001010011001000011 
11110010110100110110100011100000010111001111101001010111011000110000011011001111111011100100100111111110001110101011011001101001001111011010101010000101011011010100001000010001110011001110001111000000011101001000000010100100010101011111001011110010011111000101111111000010000000111001111111011011001100100001011101000101010110010100010000101010011010101010010101011000111101010101110011111111010110011000011110111000101010101011111011010100010010111111000011110110011011111000100000010011001101000100101101110111 
11011111101101010101100100000010011101011100010010101111001111100010000011110000011001000110100000001100101010010100101110100011101110111011111001110111111100001011101111001100101101110111000010101000101000011111110100011011011010101111110110101100101111001011001110010111001000110010100110010011111111000011000100110100000001001101110011001111110110011110111110001100111000010010001011110101000111011111111101000010100010111110001101001110000110100010010001110000001110111101001011100000101000111110000011110011 
10011000001100111011000011101110010110011110000010100001100000011101100101000000110100011001101110111100000000110100100100111010000111110100110111100001100111011010000011110010100111110110101011111111010111100111011101011100100000001110101101001000100010110001001110100110111110010001110010111100110100000110010000111000000011111010110001101110111001010111001111001010100111000011001000100111100001000000011010011011100010001010101110111100111110011001110001000101111100011110000011011001111000111101111110010111 
00011000011011110001010011110000101000110001010100011001000111100001001111111001111000011010010100011011111111000001100100101000111011000101110011001100001100011100110000101011101011010100001010011000100111010110010110111010001001111010011000011100111111111100010000000011010111100011000010111001001101101001101000111010111010010110110110111101000111010111111010011110010010101001111000101000111101011101011110010010111101101000110101101101011011110100101001110011101110011000101011110100100000100011000111001011 
11010101100110101100001111010001110101110010001011001101100111101110011110101100111010010001100011110110011011100110100010010101000010110111110010010011010000101101110110101011011111011101011011101010110111100010001111110010110010000101100110011101000101111001000101111001000000011010000100100101001101101000011100110011100100000010101001101110011101001100010101110000001001011011001000011110010011111111110101110010000000001100110101000111100001011000011100010110010001111100011011001001010100011111000100010001 
10111101001010110110000101111110101010011100011111001100000000111100011111111000111111001100001010101010011010101101111000101000100100010100110110111000101001110101111101010100001011000110000001101000111110100010011110011000011110101000101100000011111111100111101110111100111011111110011101110111100101001010111100001010110100110101000100110100110001010101110111001000010111011010011101001000100000000000001000001000111001100101001001001011001110111000010011000110110011101101001101101111010100111000011101110111 
01110010110011011100110000011111101000110000111111011101001110010111100101011101101001001010010101101001110011100101011000100010001100010001110110111011100101001011000011001110010000001110110010000001000101100001000010000011011001101011000000110000111111100110101111111000010101111001001011111100011110011011101101001111100100101101011010011101011011010000100010000111110000001000011100010101000010000110000000111011110011010011010011010010111100000000010100001110000000001111001001100011011010000011000101111001 
00110100110100110011001110110001001111010111010100111011011100000000110110011101100101000011111111100111111111001000101010011100011111111011101011110110010110101000001111110110111101010001110001101100001111000001011001001000011000101001101110110111110000011101011011010101011000000011101100000110011110000010000110100001100111101100000001100100000010111100111010000000000011100100100010100011100001101000111011011001001111111111010001011101100111000110100100000110100010011110111011010110010101110110000110110011 
11000010010101011100010101110110011100111010000010101010101001111010001110101001000111011110010001001010101010100001101001101011110111100110101011011110111010000000101101011010100000111010111100001010000101011001110000010001011011010101110101101101010000100000010110111110010111001101111010100001000110110011000000000010001100010010111001101001000111011011010010101101010101111101110100011011100000000001101101110001010000110110010001111000111001111010000110001010110100001100010001101100110101111001010010001111 
01000100110110101010101001110001110100010011100000000111000011101010111011111010110011111101100101111000111111011100011001111011000001011011000001100001001001110010000110110010111000000100011001011010100000111110001110110100101011110010001000110010111011111000111010110010011011100111111111000110110110101100011000011100010011100101100111100000010100111100011110000100111000100011111010101111010011010000111010010101110000000100101010101010111010001111010001011001010111000010100011100111111101011110010101011001 
01010101111000100111001011100110100100000001010110010111110011000101100100000110001001000111011110101011001100010110111101110110010101010110110000111111111001000100111001101101011101110001101000110111110101100011010011011100111001111110011110001110010101111101001000011111001011010111101110011110001000010000011001010011100110111111111101000110100100111111011101011000001000110111010000001111101001101101011101000001110001100010011001001110010010111111111010110001111100111000111010011011000011000101111111000111 
00010011000011101010001100001011111010100100100100001101011010100010110011100100111011111101100101001101010111001001001011110011111000010011001111100111001001100100011110101001010011010010100001011000000010000001011001110100110111101000111010011110110111110101101010011001011111000000111000010100101111000110111000101001000100010001101100001011110101000110011111000110110110010111110101010111001101100110110101101111111011011111110000111110110101101011001110001100001011011110000010010001110000010000101100110111 
11000111000011111010011011110010110001000111010000001110101101001111011110101011011111011011101111110000010100110001001010010000000111101110010111001101001111010100101100110010101101111111110100000011000000101011010010111110001010010110010011011011110011001011111000110001100111110101010011101011010011101001111010111001000011110010101101111100010100110011001001010010111101010001000010011110001011011011000100010000011110100011011011111101000110010101101010101001100000100101101010111001111111000101010001100001 
01010011110101101000011000000111111011000100000001010011010000110100101000000010110101011000000000010010011010101110100111100100100111110011011000110100100101111010010011010111000011010101001100110010000001010000000111011010010011011011011010010010000101000000101101001011010111100010111101110110100111110010011011001100011001111000101010000101101010001101110000100001111001110100100101100111101100001011111100011010011001101100001110011000101000001001100110101010111101111001001101110000011011111001001100101111 
10110010010000010111010101110000000100000000101110111110100100010010100111011010010100000110011110001011010100110111101001011011001111011010010000111110011000000011010000100101010000000100101101001010111101010000100000000001101010110000110010011101011000111001001101000101100011000111011111001011101000100000111001000100110111000011100110100101100011100100000010100110011100011110111111001110111111010100101111111001100010100010010010100000011011011001011011010000001000100010000000100100010110000101000010001101 
00100001111110010110011011011111101010001111101010111001000111010111100001110011100011001101000111101001001000000001101101101010111101011110101000111000001100101010110101100011000001101110111011110011100100001010111110101101100101101100011110000010011000111000101101011010000011110110001001111011110111011001100010011010010111110010001111011101111110110100011001100110100110101101000111000001100111001110111111111100001010110010111100010101011011101101011011011110111110110110010111111111011010111000011011101011 
11110110100010011101001111000101101111011001101110111001000111001110001000010111001010100101011000000000110110101010101111100000010010101000100100100001100110111000010001011101110001010011110111001000000111111111110000111111110011010011011111101110011011100110001110101001111100101010001110110110000111111001111001111101010011010000101101111010110100111000110011100110111010100000110011110110111101001000110101011100110111010100000000000011111011111100111110111001101111010110011101110111111110000101111111100010 
00111000110101101011101101011101110101111011011010111100100000110111100000110110100111110000111011010000111011110101100100010011101000011111110111111011111011001100100101110111001110001100110000001000100011011001011010010111011011110101111100110010011011101001011011101110110100111100010100101111011010001111011011111011110011111101101000000110110111111011011101100110000100000011010111100100111101011000101001001011000110001000111110010001000011000001011100100000101101011111111000000000111100101010111100001111 
11011110100100110101000111011001011111101111111010110010001010011110010001111100001000010110100000100000100110100100011111001010001100111000101000011001101000000000110000001010001010100000001110111101111011001110101000011011100000101001001011111100101011101011100010001010110000101110010010000001000110010110101000101000011110111011010111001000010110101111111011100000101000010100001001111010100101100110111101000110110011100100001001111000000001100011010010000000001110001101110100010000111011100011000111101011 
01100111001100100100110111011000101100010111110001101110101110111110011010010111100000110100000111001111010110011110111111110110111001111000111001101000011100111111011001111011001110101011101111011011111101110010001000011001001000101100010001111010000000101111101111110010010100000101110111111001010100011011001001001101100011110011010101011111011001000000111111100110101010100011110100101101011010110000011000000110101100000000010100101110001111001001101010000000101100110010111000101110011110111110001011001110 
11000001000111010010111111110100110111000001010100100100111101001000010000000101111111111011111000000001010000100111010001000100000110101101110111110000110110111011100100110110100001111110001110101111110010110110011110111111011011100011110111001000111010001000010010011001001110010010111111001010011000010101101111110001001001010111001010001011000011100110001100010110000011010100011111001101000001001000101000000110110100000000110000110010100001000010001010000101011110100100010111000001001110101000010001010101 
11101110000111010011101011010101110111011110100000000101000100111011011101000001100001100010101101001000001110011110011110010111011010000101010110111101011001111100011011100111011111110111001000100011001011011101101001110001010111110111001010101001000111000000101011111101111111001010111001101110100000011100000010101101011101000110001111001101000101100101110001011001001111000110110101111111001010111010001000110011111011101011110000100110110011101011000111110111010001000011111110011100111010001010001101000111 
11011001110000101010000101011111100101011000100110011111101110000111100101101011111110011010111011111010101110110001110110010101000010101101011011001001111101110011000000101001010011100011111111000011110100101111100000000111001110110101101010011000010010011010010011000010111001111111010100000000010000100011111001100111011001111110010010101000000110001001110010010100111011001111001010110010001001100110100101001110110000000000111111111100101111101100011110101001001100110111010111100011110000111101011111101101 
11111110110111011001111000110100011100111101100011110001011010001000001101100101000100111101110110001110111100001100100000010010101100000011000111000011011100101010111101100001001011001010100100101001100001001110100110010111111001011111000001100001001001110101110111011111001001111001001001110101001111000001110110010101110000101110011101001000000110010101001111000000010010110010100101001001000100000101011010001000010011011001000001001110101010111001011010100110111000111111011101101110111001100011101100001011 
00111110110001001111000000001011110010110000000101000001100001001101000000001110111110010011011001100110101111001110100011011001011001100010010001100110000100100000001011011101000010000011101000011101101001001101000000000101011100101100100100110000100111001010000110001100100010011110100010111000110010110100110100000111001011111101000101110100001011001010011011111011111100110101010100101001011100001111110000110010010001100100111100011000001010000000011001110100110110110111110111011010110001111101111101000001 
00000010110101011011101000010110100100011001010010000010101010000001101010000000000011111111011010010110100111111000011110111001110101000000111110101000101111000010101110001001010010011000010101100110011010010110010001011000000010110100001111101011101011011110001001000100011010010010001110100011000000110010010100100001111100101011000001100000001001111010100011010100000011111111000111001100100001001110011110000010011000101011000100111010001001101101110100011110101100000011100111000010100100011101001011111110 
00001010011110011010000101001101100001100001001101111100110111111011000111010101001100111110101110101111111101100100110111101000000010010111001010110110101111110111101101000100100011010001100101100111001100001101100110111101111010001010100111111111000001001111001111010111100011000011000001111001011110101010101000101010101011110110111100001111110100110001110100001011111100001111111000100101111110110010111010011101101100011100101100111101011011000100111001111100000111001010101101011011010110001000000111000001 
11010010001010000000001001100100100101001111010101100000010100100010111000100111011110101010101100000000011101000001010100111110101000010110010100011000110011000111000110100101100110111010011101010011100101100001011001100001000011000000011110111000100000010100010001101100001110100010011000100000000011001001001110011111110110110110001001110100110110001110001111001000010100000000000101100100100111101100011001111100011110111111101110100010011010000001101010111110110101001011010100101000010011001001110001101110 
11111000000111111011111001000001011010000000111001000001000011100100011100101100010100101110100101001001010111000110111001001011111111011011100100110110010101100110111001011000000111111111100111010100111101010000010100101010010111101011001110000000101101100001001010001011101010001110111100101011100010010101001010101111110010100110010000001001010100101001011000000111000111111101111000010011011010100011001011000001001111100101100001010001110000010010010110100111101011011101101100001001001111110011100110101111 
01010010110100100000110011110100101111111110001101011010011010010010101011100011011111100110011100001000000110101011101001000111101111101111101100110101000111001001100110110111000101101000000000000101000000010110011011110110001010101010110001111011001110010100011011001100010000100010110000001011010100110011001010001000000111011000110000010100111011110001010010000001110110011001110100011011110001100000100000011100001001110011001011010101101010010000100000100101011000101011000100000001110111000100100010111101 
10101000000000110110000000011101111011010000101110010011110011001001111001101111010100011011101110001010001101100010010001100000000000000001100110001101100010001100000110010110111111110100010010001011010101010111110001111100100110101011110101011001101001011010000101000010010110111000110010100011011100010111110010101000010011011000001010000000101000010010011001110000110010010000001100100010100110010010110111010001000010001110010010100010110000100110111110010001011101000110010101000111011011100000111000110111 
01000011101001111000000001001110100101000101001000000100011100000111001011100111111001011101111000011011010011001100111001011110000101000000110011000001100110101100110101000001010001100100101001110000010101110100011100110100010101010011000111010010000001101010011110001100001111010101010110001110010000011010110010111101000000000110101000111110101010000011110000011111001001001000010001111110011110100011111101111001100001101100111000001111011011011000011010000000001101001001010010001001101011000110101101011001 
10001011100001100101110011000111101111101001110011000111110100011111101100110111101001000110110010000111101010110111000010100001011110011000100001111010110000000111001011001100000100010100010110000110001000110101001010100010101001110110110100110111110000101001011000011111101101111011001111100010001100111110010011011010001110011001000011000101100001000001100111100100111101001101001100111110100001110110100011000110101111101000010000110101010110010100100100000001000000000010010100000111001111101011010100000101 
11110010110100110110100011100000010111001111101001010111011000110000011011001111111011100100100111111110001110101011011001101001001111011010101010000101011011010100001000010001110011001110001111000000011101001000000010100100010101011111001011110010011111000101111111000010000000111001111111011011001100100001011101000101010110010100010000101010011010101010010101011000111101010101110011111111010110011000011110111000101010101011111011010100010010111111000011110110011011111000100000010011001101000100101101110111 
00011111011011001000001100000101101111010000100110100110100101100001011100111100101000000010000110111011001101010011100000010010111110110000010000000010010111100010011000110101100011111101010001101110111010111011100100000011011000101101000111011110110011111100001111011011001101100100001000101100111001000101001001101100000100000110100011101101001011100010111100101010010110011111101110110011111110001010101010000110010001101001001011001111111000011101100000011010000111010100110110101101010011011001100000110001 
01011000001110100010011110101001011110101100111011011001101110111111110101011100110010011010001000100001000110000110100110110110100001010001100111101111001001011011110100111010000000011101000111111101100000111011100111010010001100111011110101111110100000010000110001110010001100101101000101000001101001110111101101000001111001100011100001010110110110101110111000000011111000110001111100110000011011100011001110011011001101111111000101110100111001001001001101101110111100010110000011111111101101100111101011100101 
10101110000000000011110011011110101110101011101000000000010110011111100101001101011000001011110001101111100100000011111001001000111101101111000011101100011011100001110000110101011101101001001010001000101011110100010010011000101000011110111010111110010011000100011101110000111101110101111010011000001111011101110010010100010000100110010001110011001100010010000011001001010110111100111001100001010010000111010010011010000100011010001100110110111100111100010011001110111101010000111010101000110001011010101110100001 
00100011100101011110001010101010111100000100011110101111101001100100111111011000000010100101010010011110010110101010101110010110001100001000001010000010101100100110001000101101000111100100100101111011010111001011011101001110000010100110100100111001101110111111110001000111101111110101101101111000001110100111011000101100000000011101001000000101010101010101111100000000100011011111101010101101011000010111010100011001101101001101011111000001100100110010110111110001010110010001110100111101010101100000111111010101 
01100100101101010001001111110111110000000101011100100000100001001010010010000110001101100000011000100110010111111100001111100101010111101100000101110101001101001011110011011100000001111111000100011011001101010100101100111001101000111001011111101110110101101000001011011111111111000100000111100101111000010011110101001110011000001100001110011100001110111011001110101000110010010010010111000101110110111011100101010101001001000101101101100001100110110000000011010001011110000110100001011011111000000011000000110111 
00110100110100110011001110110001001111010111010100111011011100000000110110011101100101000011111111100111111111001000101010011100011111111011101011110110010110101000001111110110111101010001110001101100001111000001011001001000011000101001101110110111110000011101011011010101011000000011101100000110011110000010000110100001100111101100000001100100000010111100111010000000000011100100100010100011100001101000111011011001001111111111010001011101100111000110100100000110100010011110111011010110010101110110000110110011 
00010011000011101010001100001011111010100100100100001101011010100010110011100100111011111101100101001101010111001001001011110011111000010011001111100111001001100100011110101001010011010010100001011000000010000001011001110100110111101000111010011110110111110101101010011001011111000000111000010100101111000110111000101001000100010001101100001011110101000110011111000110110110010111110101010111001101100110110101101111111011011111110000111110110101101011001110001100001011011110000010010001110000010000101100110111 
01110010110011011100110000011111101000110000111111011101001110010111100101011101101001001010010101101001110011100101011000100010001100010001110110111011100101001011000011001110010000001110110010000001000101100001000010000011011001101011000000110000111111100110101111111000010101111001001011111100011110011011101101001111100100101101011010011101011011010000100010000111110000001000011100010101000010000110000000111011110011010011010011010010111100000000010100001110000000001111001001100011011010000011000101111001 
11101101110011011111000010010110000101001100100110111101001001011101110110110101100110010010001101100111010111110011100000010010001000110101011010101111011011010100100010101001010000001000100001101010101100010011110001101000011101001001000111110110100100011110000000010101100000000011000001001010110001011011000000111101111011101111001001001100001001001111001100011010100110111110100110001100111011010100011001110000100110101110111111001001011011000100110100101011110100100111100110010101001000001101100000001011 
00010101100000111101110101101111100011110111001011111001011010111100101001000101010101111101110101101000101111111001110001011011110010010001110011001100111000010000010110101010011101010000000011101111010111111101101001110100000001111010100011011100100000110111010011111010100010101011110100010001100101001101100001011000011011101010110000101110100001011110010011001010001100101101000010110101010110000110001101110111001001111110001010111011001100010111001011100101110100100110110100001110111001011001101110100111 
10111101001010110110000101111110101010011100011111001100000000111100011111111000111111001100001010101010011010101101111000101000100100010100110110111000101001110101111101010100001011000110000001101000111110100010011110011000011110101000101100000011111111100111101110111100111011111110011101110111100101001010111100001010110100110101000100110100110001010101110111001000010111011010011101001000100000000000001000001000111001100101001001001011001110111000010011000110110011101101001101101111010100111000011101110111 
10111010101011000010011100110011001111011101001110001010010100100010101000011010110011000101010011001100110001110111101110010000111001001110111100011000111100010000110001111101110101101001011100001011101111001010101100101011010111110000011011101000101010100101011100001110101111001010111100010111000011000111111100000101000111100111110110010100011111001001100011010101001111110010110101111110000111001110101100010011111001001010001000110100000110100110101011110010110011110010010101000001100110101110001000111111 
00000111010000110010001111001111101110010011111001100110011110010110110000110100110100010010101100100101001110001101000101111000100000101110111011100000100110101110100001001101010110101000001111110001001111100111010001011100100010011101101110011000100010110101101100110000101000011101111011001000100100010011111100011101011100001011011011100011110010100100110110011011110011001111010111110001100010010000000111110011110011000110101011000101010011000010010101110101100100100101001000000010100101111000110010010011 
01010011110101101000011000000111111011000100000001010011010000110100101000000010110101011000000000010010011010101110100111100100100111110011011000110100100101111010010011010111000011010101001100110010000001010000000111011010010011011011011010010010000101000000101101001011010111100010111101110110100111110010011011001100011001111000101010000101101010001101110000100001111001110100100101100111101100001011111100011010011001101100001110011000101000001001100110101010111101111001001101110000011011111001001100101111 
01010101111000100111001011100110100100000001010110010111110011000101100100000110001001000111011110101011001100010110111101110110010101010110110000111111111001000100111001101101011101110001101000110111110101100011010011011100111001111110011110001110010101111101001000011111001011010111101110011110001000010000011001010011100110111111111101000110100100111111011101011000001000110111010000001111101001101101011101000001110001100010011001001110010010111111111010110001111100111000111010011011000011000101111111000111 
11000010010101011100010101110110011100111010000010101010101001111010001110101001000111011110010001001010101010100001101001101011110111100110101011011110111010000000101101011010100000111010111100001010000101011001110000010001011011010101110101101101010000100000010110111110010111001101111010100001000110110011000000000010001100010010111001101001000111011011010010101101010101111101110100011011100000000001101101110001010000110110010001111000111001111010000110001010110100001100010001101100110101111001010010001111 
11101111111110001111011010100011101010001000111101110111100011100101110011100101000000000001010000001100100011110111001010010001011110101100001111010101110110001110001100011001111100001010010011111001000100001101100110010011111001011110101011100110001111110001011100100011011100001010001110000000001011010000110001000111000000000010100111111000111111000100000111000001000100100111010100110000101010001101110101111100101001100101111101001001010011000110010111000100110011100000111010111010001100001010011001000011 
11000111000011111010011011110010110001000111010000001110101101001111011110101011011111011011101111110000010100110001001010010000000111101110010111001101001111010100101100110010101101111111110100000011000000101011010010111110001010010110010011011011110011001011111000110001100111110101010011101011010011101001111010111001000011110010101101111100010100110011001001010010111101010001000010011110001011011011000100010000011110100011011011111101000110010101101010101001100000100101101010111001111111000101010001100001 
10000011000011011010111101111100010110101100001110001101001010000010010101001001010010100001110010111000111001110101110011111010000011011101000111110011101100101100111010101010111011011101101101111010100001111100001101001011110011010001110011100111111010010000010100011110001000111010101111101010010110000101101000000000001011010100001101001101101011111011000100001000011100110011110000101101100010100011110010110100011010000001001110011110011110010011001100110010110110101100101100101101100000101111111000011011 
11011111101101010101100100000010011101011100010010101111001111100010000011110000011001000110100000001100101010010100101110100011101110111011111001110111111100001011101111001100101101110111000010101000101000011111110100011011011010101111110110101100101111001011001110010111001000110010100110010011111111000011000100110100000001001101110011001111110110011110111110001100111000010010001011110101000111011111111101000010100010111110001101001110000110100010010001110000001110111101001011100000101000111110000011110011 
11010101100110101100001111010001110101110010001011001101100111101110011110101100111010010001100011110110011011100110100010010101000010110111110010010011010000101101110110101011011111011101011011101010110111100010001111110010110010000101100110011101000101111001000101111001000000011010000100100101001101101000011100110011100100000010101001101110011101001100010101110000001001011011001000011110010011111111110101110010000000001100110101000111100001011000011100010110010001111100011011001001010100011111000100010001 
01000100110110101010101001110001110100010011100000000111000011101010111011111010110011111101100101111000111111011100011001111011000001011011000001100001001001110010000110110010111000000100011001011010100000111110001110110100101011110010001000110010111011111000111010110010011011100111111111000110110110101100011000011100010011100101100111100000010100111100011110000100111000100011111010101111010011010000111010010101110000000100101010101010111010001111010001011001010111000010100011100111111101011110010101011001 
00011000011011110001010011110000101000110001010100011001000111100001001111111001111000011010010100011011111111000001100100101000111011000101110011001100001100011100110000101011101011010100001010011000100111010110010110111010001001111010011000011100111111111100010000000011010111100011000010111001001101101001101000111010111010010110110110111101000111010111111010011110010010101001111000101000111101011101011110010010111101101000110101101101011011110100101001110011101110011000101011110100100000100011000111001011 
10011000001100111011000011101110010110011110000010100001100000011101100101000000110100011001101110111100000000110100100100111010000111110100110111100001100111011010000011110010100111110110101011111111010111100111011101011100100000001110101101001000100010110001001110100110111110010001110010111100110100000110010000111000000011111010110001101110111001010111001111001010100111000011001000100111100001000000011010011011100010001010101110111100111110011001110001000101111100011110000011011001111000111101111110010111 
10110010010000010111010101110000000100000000101110111110100100010010100111011010010100000110011110001011010100110111101001011011001111011010010000111110011000000011010000100101010000000100101101001010111101010000100000000001101010110000110010011101011000111001001101000101100011000111011111001011101000100000111001000100110111000011100110100101100011100100000010100110011100011110111111001110111111010100101111111001100010100010010010100000011011011001011011010000001000100010000000100100010110000101000010001101 
00100001111110010110011011011111101010001111101010111001000111010111100001110011100011001101000111101001001000000001101101101010111101011110101000111000001100101010110101100011000001101110111011110011100100001010111110101101100101101100011110000010011000111000101101011010000011110110001001111011110111011001100010011010010111110010001111011101111110110100011001100110100110101101000111000001100111001110111111111100001010110010111100010101011011101101011011011110111110110110010111111111011010111000011011101011 
11110110100010011101001111000101101111011001101110111001000111001110001000010111001010100101011000000000110110101010101111100000010010101000100100100001100110111000010001011101110001010011110111001000000111111111110000111111110011010011011111101110011011100110001110101001111100101010001110110110000111111001111001111101010011010000101101111010110100111000110011100110111010100000110011110110111101001000110101011100110111010100000000000011111011111100111110111001101111010110011101110111111110000101111111100010 
00111000110101101011101101011101110101111011011010111100100000110111100000110110100111110000111011010000111011110101100100010011101000011111110111111011111011001100100101110111001110001100110000001000100011011001011010010111011011110101111100110010011011101001011011101110110100111100010100101111011010001111011011111011110011111101101000000110110111111011011101100110000100000011010111100100111101011000101001001011000110001000111110010001000011000001011100100000101101011111111000000000111100101010111100001111 
11000001000111010010111111110100110111000001010100100100111101001000010000000101111111111011111000000001010000100111010001000100000110101101110111110000110110111011100100110110100001111110001110101111110010110110011110111111011011100011110111001000111010001000010010011001001110010010111111001010011000010101101111110001001001010111001010001011000011100110001100010110000011010100011111001101000001001000101000000110110100000000110000110010100001000010001010000101011110100100010111000001001110101000010001010101 
01100111001100100100110111011000101100010111110001101110101110111110011010010111100000110100000111001111010110011110111111110110111001111000111001101000011100111111011001111011001110101011101111011011111101110010001000011001001000101100010001111010000000101111101111110010010100000101110111111001010100011011001001001101100011110011010101011111011001000000111111100110101010100011110100101101011010110000011000000110101100000000010100101110001111001001101010000000101100110010111000101110011110111110001011001110 
11011110100100110101000111011001011111101111111010110010001010011110010001111100001000010110100000100000100110100100011111001010001100111000101000011001101000000000110000001010001010100000001110111101111011001110101000011011100000101001001011111100101011101011100010001010110000101110010010000001000110010110101000101000011110111011010111001000010110101111111011100000101000010100001001111010100101100110111101000110110011100100001001111000000001100011010010000000001110001101110100010000111011100011000111101011 
11101110000111010011101011010101110111011110100000000101000100111011011101000001100001100010101101001000001110011110011110010111011010000101010110111101011001111100011011100111011111110111001000100011001011011101101001110001010111110111001010101001000111000000101011111101111111001010111001101110100000011100000010101101011101000110001111001101000101100101110001011001001111000110110101111111001010111010001000110011111011101011110000100110110011101011000111110111010001000011111110011100111010001010001101000111 
11011001110000101010000101011111100101011000100110011111101110000111100101101011111110011010111011111010101110110001110110010101000010101101011011001001111101110011000000101001010011100011111111000011110100101111100000000111001110110101101010011000010010011010010011000010111001111111010100000000010000100011111001100111011001111110010010101000000110001001110010010100111011001111001010110010001001100110100101001110110000000000111111111100101111101100011110101001001100110111010111100011110000111101011111101101 
00001010011110011010000101001101100001100001001101111100110111111011000111010101001100111110101110101111111101100100110111101000000010010111001010110110101111110111101101000100100011010001100101100111001100001101100110111101111010001010100111111111000001001111001111010111100011000011000001111001011110101010101000101010101011110110111100001111110100110001110100001011111100001111111000100101111110110010111010011101101100011100101100111101011011000100111001111100000111001010101101011011010110001000000111000001 
11111110110111011001111000110100011100111101100011110001011010001000001101100101000100111101110110001110111100001100100000010010101100000011000111000011011100101010111101100001001011001010100100101001100001001110100110010111111001011111000001100001001001110101110111011111001001111001001001110101001111000001110110010101110000101110011101001000000110010101001111000000010010110010100101001001000100000101011010001000010011011001000001001110101010111001011010100110111000111111011101101110111001100011101100001011 
00000010110101011011101000010110100100011001010010000010101010000001101010000000000011111111011010010110100111111000011110111001110101000000111110101000101111000010101110001001010010011000010101100110011010010110010001011000000010110100001111101011101011011110001001000100011010010010001110100011000000110010010100100001111100101011000001100000001001111010100011010100000011111111000111001100100001001110011110000010011000101011000100111010001001101101110100011110101100000011100111000010100100011101001011111110 
00111110110001001111000000001011110010110000000101000001100001001101000000001110111110010011011001100110101111001110100011011001011001100010010001100110000100100000001011011101000010000011101000011101101001001101000000000101011100101100100100110000100111001010000110001100100010011110100010111000110010110100110100000111001011111101000101110100001011001010011011111011111100110101010100101001011100001111110000110010010001100100111100011000001010000000011001110100110110110111110111011010110001111101111101000001 
11111000000111111011111001000001011010000000111001000001000011100100011100101100010100101110100101001001010111000110111001001011111111011011100100110110010101100110111001011000000111111111100111010100111101010000010100101010010111101011001110000000101101100001001010001011101010001110111100101011100010010101001010101111110010100110010000001001010100101001011000000111000111111101111000010011011010100011001011000001001111100101100001010001110000010010010110100111101011011101101100001001001111110011100110101111 
11010010001010000000001001100100100101001111010101100000010100100010111000100111011110101010101100000000011101000001010100111110101000010110010100011000110011000111000110100101100110111010011101010011100101100001011001100001000011000000011110111000100000010100010001101100001110100010011000100000000011001001001110011111110110110110001001110100110110001110001111001000010100000000000101100100100111101100011001111100011110111111101110100010011010000001101010111110110101001011010100101000010011001001110001101110 
01010010110100100000110011110100101111111110001101011010011010010010101011100011011111100110011100001000000110101011101001000111101111101111101100110101000111001001100110110111000101101000000000000101000000010110011011110110001010101010110001111011001110010100011011001100010000100010110000001011010100110011001010001000000111011000110000010100111011110001010010000001110110011001110100011011110001100000100000011100001001110011001011010101101010010000100000100101011000101011000100000001110111000100100010111101 
01000011101001111000000001001110100101000101001000000100011100000111001011100111111001011101111000011011010011001100111001011110000101000000110011000001100110101100110101000001010001100100101001110000010101110100011100110100010101010011000111010010000001101010011110001100001111010101010110001110010000011010110010111101000000000110101000111110101010000011110000011111001001001000010001111110011110100011111101111001100001101100111000001111011011011000011010000000001101001001010010001001101011000110101101011001 
10101000000000110110000000011101111011010000101110010011110011001001111001101111010100011011101110001010001101100010010001100000000000000001100110001101100010001100000110010110111111110100010010001011010101010111110001111100100110101011110101011001101001011010000101000010010110111000110010100011011100010111110010101000010011011000001010000000101000010010011001110000110010010000001100100010100110010010110111010001000010001110010010100010110000100110111110010001011101000110010101000111011011100000111000110111 
