01101100001101111010001000100100111100100110110100000001101111100111111100010110100111101111101100001101011100010101000101110111111011111110110101100001101001100010000011101011001011100000101101111111001110011001001111101101100011010010011001111111110100000101000001010100111111101101101110111111111000011111101101111110000101110010001011010011101001110001110001101101010101010000110100101000010011111101011111001001000011110001110110010101010011011001001111101110101111000001000010010110111101110010010110100011 
01111000001000000000110011011000010010000001000000001000000001010010011010101001011111110111000001001100110000101110010011000000111100110001001001110110011010100100001001101011000101001111011000101001001110001001011100011000101111101111000000001001101110110010000101101010000001000001001001100011001010001001100010011010011011010000010101110011001110111101110110010011010110010011110000100100011101001101101110101001010011000001001000111010110101101000110000000101111000110010000111011011000010010111000011100101 
01111000001000000000110011011000010010000001000000001000000001010010011010101001011111110111000001001100110000101110010011000000111100110001001001110110011010100100001001101011000101001111011000101001001110001001011100011000101111101111000000001001101110110010000101101010000001000001001001100011001010001001100010011010011011010000010101110011001110111101110110010011010110010011110000100100011101001101101110101001010011000001001000111010110101101000110000000101111000110010000111011011000010010111000011100101 
01101100001101111010001000100100111100100110110100000001101111100111111100010110100111101111101100001101011100010101000101110111111011111110110101100001101001100010000011101011001011100000101101111111001110011001001111101101100011010010011001111111110100000101000001010100111111101101101110111111111000011111101101111110000101110010001011010011101001110001110001101101010101010000110100101000010011111101011111001001000011110001110110010101010011011001001111101110101111000001000010010110111101110010010110100011 
11001000110100000010101111011101101010111101010010111001001001000101010010001000001010000010100001100000011000111010000000100000010000011110001110010011001001110011001110010101100001101000100000111010000010011010001011110000001100010011111001011010110111100000011111101001111110101000000011000100000111000101100101010000110010000001001010011111010001001000100111111010000111100110011001100010111111000011001101000110001011101100110110011101000011010111001010000111110100011010100101010000101010000000111010010111 
11001000110100000010101111011101101010111101010010111001001001000101010010001000001010000010100001100000011000111010000000100000010000011110001110010011001001110011001110010101100001101000100000111010000010011010001011110000001100010011111001011010110111100000011111101001111110101000000011000100000111000101100101010000110010000001001010011111010001001000100111111010000111100110011001100010111111000011001101000110001011101100110110011101000011010111001010000111110100011010100101010000101010000000111010010111 
11101011000001100110110111111010100000010111011010101111110111110011000001011000011000111010010011101001101000000110011001100111111001101010001100001101001000101101100001100100100001010010010000110110000010110101010000111000000000010010001011100000100100110101010101111110000010110101110110111111001011001000100100001000000010011100011111001110100111000101100001010001111010111000110001010010001011000110001010101110110110011000000100111100101111011101011011001011000001001000000001010111100111000010011100000001 
11101011000001100110110111111010100000010111011010101111110111110011000001011000011000111010010011101001101000000110011001100111111001101010001100001101001000101101100001100100100001010010010000110110000010110101010000111000000000010010001011100000100100110101010101111110000010110101110110111111001011001000100100001000000010011100011111001110100111000101100001010001111010111000110001010010001011000110001010101110110110011000000100111100101111011101011011001011000001001000000001010111100111000010011100000001 
10110010011110010101011101100000111111011111100011101010101100110000001010100111010000110001100011000011010000110100010001100111011000010111110001100010101001001011001000111011010101110010100010011111011111100011110110101110010110001111110100100000110011111100111100111101111110110010001100100010111110011101010111001111011111111110100010100100000000011000110111000010101111000111110100110010110011011100001011010011011010101001101011101100111101000101001100110000110011111110100111101111011001100101111011001111 
10110010011110010101011101100000111111011111100011101010101100110000001010100111010000110001100011000011010000110100010001100111011000010111110001100010101001001011001000111011010101110010100010011111011111100011110110101110010110001111110100100000110011111100111100111101111110110010001100100010111110011101010111001111011111111110100010100100000000011000110111000010101111000111110100110010110011011100001011010011011010101001101011101100111101000101001100110000110011111110100111101111011001100101111011001111 
11101000111001011100011100100101000110110000111100100000101000010000001011000001001111111000000010101000110110010010110101111100011010001111100000100000000101010010100000010111000100010000110100011100100001001010111001110001001100000000010011011000001100001001011110001000101011111000100010111110000010101101110001001100101110010011111010111111000110001010000110111100001010011010110000001011110111101000100010011101100000111011100100100101000100000111100100100001100111010110001101100011110000000111100101000001 
11101000111001011100011100100101000110110000111100100000101000010000001011000001001111111000000010101000110110010010110101111100011010001111100000100000000101010010100000010111000100010000110100011100100001001010111001110001001100000000010011011000001100001001011110001000101011111000100010111110000010101101110001001100101110010011111010111111000110001010000110111100001010011010110000001011110111101000100010011101100000111011100100100101000100000111100100100001100111010110001101100011110000000111100101000001 
10011011011111010001111001011101001010011000101110111101111000111101010110100100110101101100101101100101011010011000011011011101111110010100011110011010000101011111011111100110100110010011011000000000011111010110111110111101000111011111111001101001001011110100000101010110111010001000010001011000100011011101010111100111011000011111000000100011110100100011011100011100000111111011110101011001100001011001001100011110101001000100011000010001010011001110101011100010100100100100110001110011100101000101111000000101 
11011000011101011111110100010100100110001011101001100110100000011110011100101010110111101001100011111000011110001111011111100110100111111001111010011010101111000011110000000010100000011100110100001010000011100101000101011100111010100011001111111111101011000010100001101110000100110111000100111100110101110101010111100001011011001010101001101110110101001111111111001111101011111110011010110011100011011011111010101101100000001011111000010010000101010110100000011101110110000101010001011001001000011011011110110111 
00101011100001010101101011100000011101111110001010100101001111000101111100110111111011000111001100011100110100110100110011011000010101010100001110101011101101001000100010110000100011010101111101010111000010011001101111010000111101110001000011111100110100110000010000111111011011110100100100101110011010100000110110100110101111010011001110000110101101010101110101111111011110011000110111110101000100111000001110010010101110011000010100101100101100111111111101010011011001111011101101110110010000110110001110000101 
01100010101001111010110111100110001011110110100010101101001111100010101111101010110110001100011010100101111001101011001100000100110001011000101010010001000000001011101001011010001010100101000011011110000110001000110011100101100100000011000100010010100001101010011001001010011110111011110000111100110010100100010101010100100001111001011100001111010111010101110010110110111110010111010110000000101111100110000011000000110000110101010010000101000110010011011001110011001101100010100101111100110110111001100000001111 
00001010111010100001111000101010101100011110110100010000001100011111000011000100011100010111100010010011110111110101010111001110001011000110000110000110001000010011010101100001111110010100000000111110110010110000101111011001100111001001010101110010011001101101100111010001000100001110000101111101001101011010011010111011100111101011000011000111011001101100101100001000110000100001001000110010010001010011000100001101111101000010011101001100011000000110000000000110010010110110100111011100111011001101111010111011 
11011101001011000111011001001111100000111110000100101000010010111000111101011011000111001001010010010101101000011111010010000011101111100111100101111010110010110011011111110111110010111001111000011111010011111110001001100111011110010001100100100101001000101000010001101111111111011011100110011010001110010100110111101000010001011111101000010101101111111001001110100001011001110001001110001110111000111100011110110001000000111110011000011101001001100110010101100011001011001101010100001101000111101010100010110101 
00110101110101010100111101100011111110111111001010111001100110010110000000110100111011101100110011100100101110110111011111111101011001011100100011100111011111000100011011011101110010101100100111001110101111011001111000010101001010001100011001110110010010111011001011000111010111111100110010101001110101110001010011101101000001000101000000111101010101000101000100010111111111100001100000011001110110101011011000000111000010001011101101011010001101000101000100010010110101000100101011011001101101011101000000001111 
10110001111110101011011001101010111011011001000111010001101010110111010010011111101110001111000110110101011110001101011010110110100110000010111110100111010011001111010101011100000111011101011010110000100101111111110000011000110001110110010110000111111111100010100001000100101011001101011010111111110001111111110001111000110000100000001111110001111000110001110110011001010000100010010001110011110010110111000101000000000111001110001110011110000110010000111111110100001100111000110101101101110101011101110011110001 
00000110111111001000001110111001010010010010000010101011111011101100001101000001010011101001000100111000111100011000001100011001101000010001011100101100111101110010000101110101111110001010001011001001101111000111010111000001000101000111000111000111111100100011101110010001010111100111100111000101110010011000011010011101110011110111111110110000011101011001001100010101000111000110001011010011111010111110010100010101001111000100011011011011101101101000010001111011010011100010111100110101101010100001111011111111 
10110001111110101011011001101010111011011001000111010001101010110111010010011111101110001111000110110101011110001101011010110110100110000010111110100111010011001111010101011100000111011101011010110000100101111111110000011000110001110110010110000111111111100010100001000100101011001101011010111111110001111111110001111000110000100000001111110001111000110001110110011001010000100010010001110011110010110111000101000000000111001110001110011110000110010000111111110100001100111000110101101101110101011101110011110001 
00101011100001010101101011100000011101111110001010100101001111000101111100110111111011000111001100011100110100110100110011011000010101010100001110101011101101001000100010110000100011010101111101010111000010011001101111010000111101110001000011111100110100110000010000111111011011110100100100101110011010100000110110100110101111010011001110000110101101010101110101111111011110011000110111110101000100111000001110010010101110011000010100101100101100111111111101010011011001111011101101110110010000110110001110000101 
10010001111011101011111111110011011010111100100011000101001010010110110101011001001010000010101011110110101100111111000100000101011111100110111010100001011000000110011111110011100010111100000100100110011011010110111101111100000001110001010110001001101101010011011000000011001111100011100100100110000111101010111100111010110010000100011101010010111101011110110001011110001110101001000000101001110010100111111100001001110000111111000011010000110011010111011011111110100010101101000111101011011000101011001011010101 
01100010101001111010110111100110001011110110100010101101001111100010101111101010110110001100011010100101111001101011001100000100110001011000101010010001000000001011101001011010001010100101000011011110000110001000110011100101100100000011000100010010100001101010011001001010011110111011110000111100110010100100010101010100100001111001011100001111010111010101110010110110111110010111010110000000101111100110000011000000110000110101010010000101000110010011011001110011001101100010100101111100110110111001100000001111 
00000110111111001000001110111001010010010010000010101011111011101100001101000001010011101001000100111000111100011000001100011001101000010001011100101100111101110010000101110101111110001010001011001001101111000111010111000001000101000111000111000111111100100011101110010001010111100111100111000101110010011000011010011101110011110111111110110000011101011001001100010101000111000110001011010011111010111110010100010101001111000100011011011011101101101000010001111011010011100010111100110101101010100001111011111111 
11011101001011000111011001001111100000111110000100101000010010111000111101011011000111001001010010010101101000011111010010000011101111100111100101111010110010110011011111110111110010111001111000011111010011111110001001100111011110010001100100100101001000101000010001101111111111011011100110011010001110010100110111101000010001011111101000010101101111111001001110100001011001110001001110001110111000111100011110110001000000111110011000011101001001100110010101100011001011001101010100001101000111101010100010110101 
00001010111010100001111000101010101100011110110100010000001100011111000011000100011100010111100010010011110111110101010111001110001011000110000110000110001000010011010101100001111110010100000000111110110010110000101111011001100111001001010101110010011001101101100111010001000100001110000101111101001101011010011010111011100111101011000011000111011001101100101100001000110000100001001000110010010001010011000100001101111101000010011101001100011000000110000000000110010010110110100111011100111011001101111010111011 
00111010110010111001110010100001101011010001000110101101010111101101011011111001110101010001000100001000110011101001001000101001100000111111000011001001101001001100100110010000001011011110000010110111010111110100010111111000011011001011010011000001101011100110011101100111010101101001011110000101101001101110001011111111111000110101111111010110111000010110101000101010111110110100111100010011100000011111101111011101101000101100001110001011100110101110101111001110111000000100111011100001011110101011111101010101 
10011011011111010001111001011101001010011000101110111101111000111101010110100100110101101100101101100101011010011000011011011101111110010100011110011010000101011111011111100110100110010011011000000000011111010110111110111101000111011111111001101001001011110100000101010110111010001000010001011000100011011101010111100111011000011111000000100011110100100011011100011100000111111011110101011001100001011001001100011110101001000100011000010001010011001110101011100010100100100100110001110011100101000101111000000101 
11110101110001010101010100010000001001011110101100001011110001101001100011001011101010011010010000101000010111001000001011101110001100110101111101011001110001110010100000101110010101111110111100000101001011011000110000010001011110110000001001100111011110011101111110010111001001110000101111011111110111001100001100011001100010111101111100110110111001000010100100011110110101110100111001011001011010011001100000010011000111011101101011111011011001001101100001101011000100001110101011101110101110001011010111011101 
00001110001101100111111111010100001111101011111001010011111001110101111010000000100001000101000111000101110101001110001100001011000100000010000011100111001000111110010010010101000000111010110011110011001110111010011000110000001011101110110010001011001000111110111110111110111101111001100010011110010100110000100000110001111011001110011110111010101111110100000011101101110111111001101100110100101001010101101011100001000110100011101110110110011101011111111010110110010101100111010010110111101111001010001110101101 
11011101111101000111101001010001101101001110101111111111011000111110001110000001001011010101111000100001110101000001111001011100011101101011011010000000001101111010100100100101011010110000000100100011011000100101001110111100100010001100000111001010001101010111100110011001100011001011001010001100101010110100101111011001000100110111000001101101100111111001100011011010010011011010100100000100111010111010011000000001011100000010100000001010010111110111111011111111001100011111111110000110011011111100010100110101 
00010101100101000011100010100001110101111000010010101101010101011011011111100000110000110000000100101111101011111010101010001000101100111110100101111001010101101101010000011011110000000100110101001100110100100100011110111001110010110010111110110000010101100101011111101011000010001100001001001010010110000111000101001001110001010000011110001111101100101011011111000000011111001011000101100000100111000000010011111001111100101010100110110110111101100100010100000110100011101101011011110001101101100010101011110111 
10100001000000110001111100001000000111011111101011000000100011111100010001000001001101011010001111001110110110111110110111100100110011001010011101011010010000000110011001001111011010010011001101010001000111101011101000100111010001110111110001000101011100001011101000000000101000101011000011000010101001101100011111010011111100110001101001010111010101001001010011011010100000000011101001101000101110111000100010101100110010001011010000011100111011010010011111100001001101111011100101010000101111000000000100000011 
11011111010100001100111100101000001011101101110111010101101010011111011101101011110000111001010111000001000111011010010101101101001110000110111001000101010001000000001110011100000110000011000111001001011100011100110001110100100001110001011111110000101111001101110111110110111001110000100000101000010111111011010111110001111101110111001010110111000111011011000100011000110110100100001110010001100010011000101001011101010111000110100010110101001110111000110010001010110001110111101000100110000111011000000100000101 
00111110110110001010000100111000101011101101001111101011011010001000100101011001100111001011100000001110110000000010100001101111011000110110100101001001100111011010100011011011110101010000100001010001010100001100010100100010110001001111011111111001011101001100011101100110011001010000010111011100010001001101010110110100110011101100000100110111111111010000110110100011111100001000101001000011100001110001110001001011101011100101001101101101010101100100011001001010101001000010000110010000100001111001101100100111 
10100011110011001110100110000000000100100001101001011110010010111010000010101100110001110011010001010011110010000101111111100001100011000110110111001010010101111100110011101011111011010111000100101110110011111000001101011001011100101100111101010100000101010010000110101111010001000010111000000100001011011010011001110111001101100111001100110111000110010111111010000100110001010110011001011000111100111100011011110111000101000100111010001001010111110011101010000101010000010000000100110010100100010001011111001111 
01001011001000001110011011010010111000011000101000011111101101100101110011000010101000001111000110011000100000001111001001010000110010000000001100110110110110101010110101101110111110001000101101100001011011111100010111111011110100100100101110101101100011001010111110100011010011010101011101110010010101110110111110010001010011111110110110000111010011010100000011110001101011001001101110011110101011001101111001110110110011001001110010010001010100000001011011011011110101001101111000100111110010000110101001001011 
10011100010011110010010100000011000100001000001111101000100100011111101010001010001101000100010110011011010000111101000100111001011111000110100101101001111010011001111101101110011010101101000001010010010100111111101000101000100000011100010000000110100100100000011101010001001000001101001011110111100001001001111011110001100111111110000000100001000011011000001000011111000100111101110011000001011110101111001111101101101110101001011111100011000110101101111011000011000000001011011110011001111000100110110010111111 
10000011011011010110001000010111100001100110000101101100110111010001111100111010010100010111011101111011010010111010111001110100111110010001111010100101000010000110101001110101101010110011010110100100000101000110110100000101111111101100100100010101000101111010110010110001111100001111100101001001011001100110010110101111101100110110001011100110100001001111001001111100001001010001100100111010010110011110001110001110101000110011001111001100001101001101110100101011000010100000011100001001000110100110010111001011 
01100001000010101111101111100110000100110100100010011001000101111010101100110000000111010011111011001100001011010001011101110011000111100011101011110000101001110000011100001101100111011100010101010110100101011111111111010000110010101001111010111011000100000111011001110100100111101101110011111111010011000110000000101000000110110101100001110110010100001000000000101011001001110001001101101010011101010101110101111100011101010011010111001111000011001011000111011000100101110001101010011011001010010100100011110001 
10000100100111011110111010100000011001011110101010101110000101001100110100010111110011011111010010010110010100000100010110000000011010010110010000100101110000101111010111101001011011000111101011010110001010010101011110101110001110001101110101100011000010110101100101100010110001100010000111100010010001000100001101101101010011011101011101111101001010000001011010111000000110001011110111100100010010111100100100001011010100010101010100000100110011110000000001000000110101000100011101101100110110001010000001000001 
11001011000101000111001011100010111101111101000010010111111000111110101000110000000010101000000100010110100100010110011001010001011100001001011101011101110111110101011001011101001110010100011000000000011001001100101001001100000101100011111010110110111101111011100110001110101011000110100111100011000000001001000111010110100001101100010000110001111101100011110111101111000001111010001001100011111000100000010110001100000111001000100100000110000101001110100110111001110011110110110101110111110101011000100111100011 
01000101101100001011111011100011100111100010111000010101000100001111110110100001011010111001111011001011100001010010110001010011000111010001110111010111110111010101010011110101000110001110101110110001100011101111101010000000011111001110010001000111000011011111001001000100111011001110100001110110000100100000110100000001000010100000100000100011111001100011111000101110100001101000111111111011111001011110001010110100001100011001000100110100111010001111010111011101110010000110111011010111110110100011010111110011 
01010100001001111101001011011111111110101100011110000110111010111001011011000001110001100101110001010011001010110110100000010001000000110010111110010100111110101110010000000010000000001111101100001110010011101111101101100111100111110010100001010101000001100000101101000000011111110001100101100101000110100001111001001011001100001110001001101101000110000001110100010010001110011010111011110101101011000010111110100010111011101100011110001001011000000110000000100010101110011100110001000100011001101010000000001101 
00011000100101111111101001110111111100100101001111110110011000110100000010010101110000110110011100110011111011010000110000111001010001001011100010001011000110000001000010101010101010001101110011101101101011101101001111111010110010111111101000101001010111000010101100010010010000010111000010011110110101110010011110000110010010100001010000111111101001101001101110011011110100110011001011000001110100110110110101101001110011111110000100011011001110001110011100010010101000110100000000001110101001010010011100101001 
01001011110000000011111000101010100000001000011001001101010001010000000010100011010101111111001010101011010001010000100111011000011111010110010101100001100110100011101001000010000100011100000100000101000100111100010000010010010110100111100110001100001101000000101011010100000011111111011010101011111000010111100000101000101001110000011110000110111111000101111010011101001111010011000010100111000100101111000001101001010001111101011110110101111100111110011001100000111011001111011100010100110001111101110001000001 
10011001000011110101011011010101000011010001011010100011100111010110011100111001011000011100111001100001100100101110110001010000011100110000010001000111001011101010100101001011001111001000011010000011010100010011011100111010101000001010111110110101101011110101110110011100111000100001001101010001101000010110101001010110010011101011001000001010111011011001001011100000001001111111011111100110101000010100010001010001000011001110100111010101100001100101101101010100001010101000101000011110010011110011100111100101 
00001110001000110001000011111001010110001010101011101011110100111101101101001111111100011010001011011000000011111110101100100101000101101000100110100000000110110100111000011000111111110001011101111011000011000011111100001100000110010000001001110011111110011001000100111010100101010001001000100000011111101010000010111011001010000101011100001110110101100101010001010000100010101010011010100110100011010010111010001100010011001000101111111010000100110111011100101100101111011101111100010011100000001101011111110111 
00100000110010100001011101000101011011001011011000011110011110010101011001000000000100011110101111111010000011110101100100100101001011010100000101011110011000000010110101010010011010011011000000110100100001001011000110000000001101111001101010111000000101010011011111011110011010001011100111110111110110100101011010011000000110101001110001101101001010110100101011001100111110100100011000110011110000000011110110110101101000011011101000000001100100111111010101101010100000001010110011111110011000100011010000010011 
01110110100100100011111010001111111111101100001010001011110001011100011000110111101101011011000011101000110001000111101100000001010101000100100110000010111001001111001111100100101101101111000010110111010011101000010011011111000100110000101010000111010101111000100100011010100001100000001100100101110101000101001000101110000111100100110001010001011010000011011111010110011111110010101100001011110011100111101010110101010100110111100000100000101111001011010110101100010011000101001100011100010100000110101000101001 
00110101011110010111000110100101100101001100001111011011100110010010011110111100010101011110100011010001111110100001111100000010001111110110001100111100100111011110111110000101000110010100010110010011111101101110010111001001110000110010101001111011011110001100101111101101110100110000110000101000110010001000110010111111011111100100101010111010011111001101001000111111110000100011101111011110100000100010011001010000001001001101100001100100001100111000011100101001101111001010111001001010001010010011010010010011 
11100010110100000011011010111000100110101100011001001011011110100111101110111010101110000111011101101001101001011110111101001010001111101100000011000010110000010101110110101111100101010010001110100110101000001111110000100010000000001100100101011000011111101000100101010101111011111111110011100110011010101011100111101110011001111110100011111110001110100111111010000010011010010100101000110101010101000001001001101010111010100111110010001100100110110000010000001101101111100001000101000100100010100100101011000111 
10001100111100110010001111111010100100110000001100111001001100111101110011011100000110000000111010110001001011110110001101101111000010001001100111010011011101010011100001011011100010111101111111101111111000100111010010110101010011111100111000100001110100001111001000001010011111100011011011100110011100111010001010000001100100010001010000011010101011001001001010101001111111001110011000011101010010010000100101010100011011011000011010010100010110111011100010001010000010100101010000110110110001101000111110011011 
11101100100011001110100001010001100001110101101110010110101011110010011010101101110011101011110111100000011011011010100010001011101001000001010100101100100111000101000100011110010101110101111000100110100001110101000100101101010101010100010010001101011000010110000110110001011110010100000110110011110010001001100010111110100011110010101101000001110110001111000011010101101111011000100110000111001001010110000101010001010100100100001001011001000000110010100011101000010000111010000010001101101100001100001111100001 
11010111100100101000000011011110100101000000010101101000101101101101011101011011111100010001111100001111000011011001000101001010101110000011010100100101111100001011101011000111111111101011000001110010100100011000100110000101000111100110001000100100001111001000011001110100100011111101010111010010101001000000000011011000010100110001100101010010000010000111110000000100100001100000111101111011110101101101010100101110001001011100111011100010101010001111011000000010010010110011011001101001000100111001000100001001 
01110110100100100011111010001111111111101100001010001011110001011100011000110111101101011011000011101000110001000111101100000001010101000100100110000010111001001111001111100100101101101111000010110111010011101000010011011111000100110000101010000111010101111000100100011010100001100000001100100101110101000101001000101110000111100100110001010001011010000011011111010110011111110010101100001011110011100111101010110101010100110111100000100000101111001011010110101100010011000101001100011100010100000110101000101001 
01010100001001111101001011011111111110101100011110000110111010111001011011000001110001100101110001010011001010110110100000010001000000110010111110010100111110101110010000000010000000001111101100001110010011101111101101100111100111110010100001010101000001100000101101000000011111110001100101100101000110100001111001001011001100001110001001101101000110000001110100010010001110011010111011110101101011000010111110100010111011101100011110001001011000000110000000100010101110011100110001000100011001101010000000001101 
00110101011110010111000110100101100101001100001111011011100110010010011110111100010101011110100011010001111110100001111100000010001111110110001100111100100111011110111110000101000110010100010110010011111101101110010111001001110000110010101001111011011110001100101111101101110100110000110000101000110010001000110010111111011111100100101010111010011111001101001000111111110000100011101111011110100000100010011001010000001001001101100001100100001100111000011100101001101111001010111001001010001010010011010010010011 
11101100100011001110100001010001100001110101101110010110101011110010011010101101110011101011110111100000011011011010100010001011101001000001010100101100100111000101000100011110010101110101111000100110100001110101000100101101010101010100010010001101011000010110000110110001011110010100000110110011110010001001100010111110100011110010101101000001110110001111000011010101101111011000100110000111001001010110000101010001010100100100001001011001000000110010100011101000010000111010000010001101101100001100001111100001 
11011101111101000111101001010001101101001110101111111111011000111110001110000001001011010101111000100001110101000001111001011100011101101011011010000000001101111010100100100101011010110000000100100011011000100101001110111100100010001100000111001010001101010111100110011001100011001011001010001100101010110100101111011001000100110111000001101101100111111001100011011010010011011010100100000100111010111010011000000001011100000010100000001010010111110111111011111111001100011111111110000110011011111100010100110101 
10011001000011110101011011010101000011010001011010100011100111010110011100111001011000011100111001100001100100101110110001010000011100110000010001000111001011101010100101001011001111001000011010000011010100010011011100111010101000001010111110110101101011110101110110011100111000100001001101010001101000010110101001010110010011101011001000001010111011011001001011100000001001111111011111100110101000010100010001010001000011001110100111010101100001100101101101010100001010101000101000011110010011110011100111100101 
00100000110010100001011101000101011011001011011000011110011110010101011001000000000100011110101111111010000011110101100100100101001011010100000101011110011000000010110101010010011010011011000000110100100001001011000110000000001101111001101010111000000101010011011111011110011010001011100111110111110110100101011010011000000110101001110001101101001010110100101011001100111110100100011000110011110000000011110110110101101000011011101000000001100100111111010101101010100000001010110011111110011000100011010000010011 
11010111100100101000000011011110100101000000010101101000101101101101011101011011111100010001111100001111000011011001000101001010101110000011010100100101111100001011101011000111111111101011000001110010100100011000100110000101000111100110001000100100001111001000011001110100100011111101010111010010101001000000000011011000010100110001100101010010000010000111110000000100100001100000111101111011110101101101010100101110001001011100111011100010101010001111011000000010010010110011011001101001000100111001000100001001 
11100010110100000011011010111000100110101100011001001011011110100111101110111010101110000111011101101001101001011110111101001010001111101100000011000010110000010101110110101111100101010010001110100110101000001111110000100010000000001100100101011000011111101000100101010101111011111111110011100110011010101011100111101110011001111110100011111110001110100111111010000010011010010100101000110101010101000001001001101010111010100111110010001100100110110000010000001101101111100001000101000100100010100100101011000111 
10100011110011001110100110000000000100100001101001011110010010111010000010101100110001110011010001010011110010000101111111100001100011000110110111001010010101111100110011101011111011010111000100101110110011111000001101011001011100101100111101010100000101010010000110101111010001000010111000000100001011011010011001110111001101100111001100110111000110010111111010000100110001010110011001011000111100111100011011110111000101000100111010001001010111110011101010000101010000010000000100110010100100010001011111001111 
11110101110001010101010100010000001001011110101100001011110001101001100011001011101010011010010000101000010111001000001011101110001100110101111101011001110001110010100000101110010101111110111100000101001011011000110000010001011110110000001001100111011110011101111110010111001001110000101111011111110111001100001100011001100010111101111100110110111001000010100100011110110101110100111001011001011010011001100000010011000111011101101011111011011001001101100001101011000100001110101011101110101110001011010111011101 
01001011110000000011111000101010100000001000011001001101010001010000000010100011010101111111001010101011010001010000100111011000011111010110010101100001100110100011101001000010000100011100000100000101000100111100010000010010010110100111100110001100001101000000101011010100000011111111011010101011111000010111100000101000101001110000011110000110111111000101111010011101001111010011000010100111000100101111000001101001010001111101011110110101111100111110011001100000111011001111011100010100110001111101110001000001 
00001110001000110001000011111001010110001010101011101011110100111101101101001111111100011010001011011000000011111110101100100101000101101000100110100000000110110100111000011000111111110001011101111011000011000011111100001100000110010000001001110011111110011001000100111010100101010001001000100000011111101010000010111011001010000101011100001110110101100101010001010000100010101010011010100110100011010010111010001100010011001000101111111010000100110111011100101100101111011101111100010011100000001101011111110111 
00001110001101100111111111010100001111101011111001010011111001110101111010000000100001000101000111000101110101001110001100001011000100000010000011100111001000111110010010010101000000111010110011110011001110111010011000110000001011101110110010001011001000111110111110111110111101111001100010011110010100110000100000110001111011001110011110111010101111110100000011101101110111111001101100110100101001010101101011100001000110100011101110110110011101011111111010110110010101100111010010110111101111001010001110101101 
11011111010100001100111100101000001011101101110111010101101010011111011101101011110000111001010111000001000111011010010101101101001110000110111001000101010001000000001110011100000110000011000111001001011100011100110001110100100001110001011111110000101111001101110111110110111001110000100000101000010111111011010111110001111101110111001010110111000111011011000100011000110110100100001110010001100010011000101001011101010111000110100010110101001110111000110010001010110001110111101000100110000111011000000100000101 
10000100100111011110111010100000011001011110101010101110000101001100110100010111110011011111010010010110010100000100010110000000011010010110010000100101110000101111010111101001011011000111101011010110001010010101011110101110001110001101110101100011000010110101100101100010110001100010000111100010010001000100001101101101010011011101011101111101001010000001011010111000000110001011110111100100010010111100100100001011010100010101010100000100110011110000000001000000110101000100011101101100110110001010000001000001 
01000101101100001011111011100011100111100010111000010101000100001111110110100001011010111001111011001011100001010010110001010011000111010001110111010111110111010101010011110101000110001110101110110001100011101111101010000000011111001110010001000111000011011111001001000100111011001110100001110110000100100000110100000001000010100000100000100011111001100011111000101110100001101000111111111011111001011110001010110100001100011001000100110100111010001111010111011101110010000110111011010111110110100011010111110011 
10001100111100110010001111111010100100110000001100111001001100111101110011011100000110000000111010110001001011110110001101101111000010001001100111010011011101010011100001011011100010111101111111101111111000100111010010110101010011111100111000100001110100001111001000001010011111100011011011100110011100111010001010000001100100010001010000011010101011001001001010101001111111001110011000011101010010010000100101010100011011011000011010010100010110111011100010001010000010100101010000110110110001101000111110011011 
01001011001000001110011011010010111000011000101000011111101101100101110011000010101000001111000110011000100000001111001001010000110010000000001100110110110110101010110101101110111110001000101101100001011011111100010111111011110100100100101110101101100011001010111110100011010011010101011101110010010101110110111110010001010011111110110110000111010011010100000011110001101011001001101110011110101011001101111001110110110011001001110010010001010100000001011011011011110101001101111000100111110010000110101001001011 
00010101100101000011100010100001110101111000010010101101010101011011011111100000110000110000000100101111101011111010101010001000101100111110100101111001010101101101010000011011110000000100110101001100110100100100011110111001110010110010111110110000010101100101011111101011000010001100001001001010010110000111000101001001110001010000011110001111101100101011011111000000011111001011000101100000100111000000010011111001111100101010100110110110111101100100010100000110100011101101011011110001101101100010101011110111 
10011100010011110010010100000011000100001000001111101000100100011111101010001010001101000100010110011011010000111101000100111001011111000110100101101001111010011001111101101110011010101101000001010010010100111111101000101000100000011100010000000110100100100000011101010001001000001101001011110111100001001001111011110001100111111110000000100001000011011000001000011111000100111101110011000001011110101111001111101101101110101001011111100011000110101101111011000011000000001011011110011001111000100110110010111111 
10000011011011010110001000010111100001100110000101101100110111010001111100111010010100010111011101111011010010111010111001110100111110010001111010100101000010000110101001110101101010110011010110100100000101000110110100000101111111101100100100010101000101111010110010110001111100001111100101001001011001100110010110101111101100110110001011100110100001001111001001111100001001010001100100111010010110011110001110001110101000110011001111001100001101001101110100101011000010100000011100001001000110100110010111001011 
00111110110110001010000100111000101011101101001111101011011010001000100101011001100111001011100000001110110000000010100001101111011000110110100101001001100111011010100011011011110101010000100001010001010100001100010100100010110001001111011111111001011101001100011101100110011001010000010111011100010001001101010110110100110011101100000100110111111111010000110110100011111100001000101001000011100001110001110001001011101011100101001101101101010101100100011001001010101001000010000110010000100001111001101100100111 
01100001000010101111101111100110000100110100100010011001000101111010101100110000000111010011111011001100001011010001011101110011000111100011101011110000101001110000011100001101100111011100010101010110100101011111111111010000110010101001111010111011000100000111011001110100100111101101110011111111010011000110000000101000000110110101100001110110010100001000000000101011001001110001001101101010011101010101110101111100011101010011010111001111000011001011000111011000100101110001101010011011001010010100100011110001 
11001011000101000111001011100010111101111101000010010111111000111110101000110000000010101000000100010110100100010110011001010001011100001001011101011101110111110101011001011101001110010100011000000000011001001100101001001100000101100011111010110110111101111011100110001110101011000110100111100011000000001001000111010110100001101100010000110001111101100011110111101111000001111010001001100011111000100000010110001100000111001000100100000110000101001110100110111001110011110110110101110111110101011000100111100011 
00011000100101111111101001110111111100100101001111110110011000110100000010010101110000110110011100110011111011010000110000111001010001001011100010001011000110000001000010101010101010001101110011101101101011101101001111111010110010111111101000101001010111000010101100010010010000010111000010011110110101110010011110000110010010100001010000111111101001101001101110011011110100110011001011000001110100110110110101101001110011111110000100011011001110001110011100010010101000110100000000001110101001010010011100101001 
10100001000000110001111100001000000111011111101011000000100011111100010001000001001101011010001111001110110110111110110111100100110011001010011101011010010000000110011001001111011010010011001101010001000111101011101000100111010001110111110001000101011100001011101000000000101000101011000011000010101001101100011111010011111100110001101001010111010101001001010011011010100000000011101001101000101110111000100010101100110010001011010000011100111011010010011111100001001101111011100101010000101111000000000100000011 
01111000001000000000110011011000010010000001000000001000000001010010011010101001011111110111000001001100110000101110010011000000111100110001001001110110011010100100001001101011000101001111011000101001001110001001011100011000101111101111000000001001101110110010000101101010000001000001001001100011001010001001100010011010011011010000010101110011001110111101110110010011010110010011110000100100011101001101101110101001010011000001001000111010110101101000110000000101111000110010000111011011000010010111000011100101 
01101100001101111010001000100100111100100110110100000001101111100111111100010110100111101111101100001101011100010101000101110111111011111110110101100001101001100010000011101011001011100000101101111111001110011001001111101101100011010010011001111111110100000101000001010100111111101101101110111111111000011111101101111110000101110010001011010011101001110001110001101101010101010000110100101000010011111101011111001001000011110001110110010101010011011001001111101110101111000001000010010110111101110010010110100011 
11001000110100000010101111011101101010111101010010111001001001000101010010001000001010000010100001100000011000111010000000100000010000011110001110010011001001110011001110010101100001101000100000111010000010011010001011110000001100010011111001011010110111100000011111101001111110101000000011000100000111000101100101010000110010000001001010011111010001001000100111111010000111100110011001100010111111000011001101000110001011101100110110011101000011010111001010000111110100011010100101010000101010000000111010010111 
11101011000001100110110111111010100000010111011010101111110111110011000001011000011000111010010011101001101000000110011001100111111001101010001100001101001000101101100001100100100001010010010000110110000010110101010000111000000000010010001011100000100100110101010101111110000010110101110110111111001011001000100100001000000010011100011111001110100111000101100001010001111010111000110001010010001011000110001010101110110110011000000100111100101111011101011011001011000001001000000001010111100111000010011100000001 
10110010011110010101011101100000111111011111100011101010101100110000001010100111010000110001100011000011010000110100010001100111011000010111110001100010101001001011001000111011010101110010100010011111011111100011110110101110010110001111110100100000110011111100111100111101111110110010001100100010111110011101010111001111011111111110100010100100000000011000110111000010101111000111110100110010110011011100001011010011011010101001101011101100111101000101001100110000110011111110100111101111011001100101111011001111 
11101000111001011100011100100101000110110000111100100000101000010000001011000001001111111000000010101000110110010010110101111100011010001111100000100000000101010010100000010111000100010000110100011100100001001010111001110001001100000000010011011000001100001001011110001000101011111000100010111110000010101101110001001100101110010011111010111111000110001010000110111100001010011010110000001011110111101000100010011101100000111011100100100101000100000111100100100001100111010110001101100011110000000111100101000001 
00000110111111001000001110111001010010010010000010101011111011101100001101000001010011101001000100111000111100011000001100011001101000010001011100101100111101110010000101110101111110001010001011001001101111000111010111000001000101000111000111000111111100100011101110010001010111100111100111000101110010011000011010011101110011110111111110110000011101011001001100010101000111000110001011010011111010111110010100010101001111000100011011011011101101101000010001111011010011100010111100110101101010100001111011111111 
00101011100001010101101011100000011101111110001010100101001111000101111100110111111011000111001100011100110100110100110011011000010101010100001110101011101101001000100010110000100011010101111101010111000010011001101111010000111101110001000011111100110100110000010000111111011011110100100100101110011010100000110110100110101111010011001110000110101101010101110101111111011110011000110111110101000100111000001110010010101110011000010100101100101100111111111101010011011001111011101101110110010000110110001110000101 
00001010111010100001111000101010101100011110110100010000001100011111000011000100011100010111100010010011110111110101010111001110001011000110000110000110001000010011010101100001111110010100000000111110110010110000101111011001100111001001010101110010011001101101100111010001000100001110000101111101001101011010011010111011100111101011000011000111011001101100101100001000110000100001001000110010010001010011000100001101111101000010011101001100011000000110000000000110010010110110100111011100111011001101111010111011 
10110001111110101011011001101010111011011001000111010001101010110111010010011111101110001111000110110101011110001101011010110110100110000010111110100111010011001111010101011100000111011101011010110000100101111111110000011000110001110110010110000111111111100010100001000100101011001101011010111111110001111111110001111000110000100000001111110001111000110001110110011001010000100010010001110011110010110111000101000000000111001110001110011110000110010000111111110100001100111000110101101101110101011101110011110001 
00110101110101010100111101100011111110111111001010111001100110010110000000110100111011101100110011100100101110110111011111111101011001011100100011100111011111000100011011011101110010101100100111001110101111011001111000010101001010001100011001110110010010111011001011000111010111111100110010101001110101110001010011101101000001000101000000111101010101000101000100010111111111100001100000011001110110101011011000000111000010001011101101011010001101000101000100010010110101000100101011011001101101011101000000001111 
10011011011111010001111001011101001010011000101110111101111000111101010110100100110101101100101101100101011010011000011011011101111110010100011110011010000101011111011111100110100110010011011000000000011111010110111110111101000111011111111001101001001011110100000101010110111010001000010001011000100011011101010111100111011000011111000000100011110100100011011100011100000111111011110101011001100001011001001100011110101001000100011000010001010011001110101011100010100100100100110001110011100101000101111000000101 
00111010110010111001110010100001101011010001000110101101010111101101011011111001110101010001000100001000110011101001001000101001100000111111000011001001101001001100100110010000001011011110000010110111010111110100010111111000011011001011010011000001101011100110011101100111010101101001011110000101101001101110001011111111111000110101111111010110111000010110101000101010111110110100111100010011100000011111101111011101101000101100001110001011100110101110101111001110111000000100111011100001011110101011111101010101 
11011101001011000111011001001111100000111110000100101000010010111000111101011011000111001001010010010101101000011111010010000011101111100111100101111010110010110011011111110111110010111001111000011111010011111110001001100111011110010001100100100101001000101000010001101111111111011011100110011010001110010100110111101000010001011111101000010101101111111001001110100001011001110001001110001110111000111100011110110001000000111110011000011101001001100110010101100011001011001101010100001101000111101010100010110101 
01100010101001111010110111100110001011110110100010101101001111100010101111101010110110001100011010100101111001101011001100000100110001011000101010010001000000001011101001011010001010100101000011011110000110001000110011100101100100000011000100010010100001101010011001001010011110111011110000111100110010100100010101010100100001111001011100001111010111010101110010110110111110010111010110000000101111100110000011000000110000110101010010000101000110010011011001110011001101100010100101111100110110111001100000001111 
01000101101100001011111011100011100111100010111000010101000100001111110110100001011010111001111011001011100001010010110001010011000111010001110111010111110111010101010011110101000110001110101110110001100011101111101010000000011111001110010001000111000011011111001001000100111011001110100001110110000100100000110100000001000010100000100000100011111001100011111000101110100001101000111111111011111001011110001010110100001100011001000100110100111010001111010111011101110010000110111011010111110110100011010111110011 
11001011000101000111001011100010111101111101000010010111111000111110101000110000000010101000000100010110100100010110011001010001011100001001011101011101110111110101011001011101001110010100011000000000011001001100101001001100000101100011111010110110111101111011100110001110101011000110100111100011000000001001000111010110100001101100010000110001111101100011110111101111000001111010001001100011111000100000010110001100000111001000100100000110000101001110100110111001110011110110110101110111110101011000100111100011 
00001110001000110001000011111001010110001010101011101011110100111101101101001111111100011010001011011000000011111110101100100101000101101000100110100000000110110100111000011000111111110001011101111011000011000011111100001100000110010000001001110011111110011001000100111010100101010001001000100000011111101010000010111011001010000101011100001110110101100101010001010000100010101010011010100110100011010010111010001100010011001000101111111010000100110111011100101100101111011101111100010011100000001101011111110111 
00101110110101000110101110010000010111101111000010001101100000111010111110000101010010111111101000000000011010100001101110001100101101100100011001110001111011001011101100000100000111100101111000100011110100101000101000000100001111100101011010010111000100101010001100010110101110100001101000000001001110000010101101010111101001001111011010001001111011110010010011101010100100010010010101010110100101101000110101011010001001001110100111110001011011001010010101100101111100001111100111111100101010100011001111100101 
00001110001101100111111111010100001111101011111001010011111001110101111010000000100001000101000111000101110101001110001100001011000100000010000011100111001000111110010010010101000000111010110011110011001110111010011000110000001011101110110010001011001000111110111110111110111101111001100010011110010100110000100000110001111011001110011110111010101111110100000011101101110111111001101100110100101001010101101011100001000110100011101110110110011101011111111010110110010101100111010010110111101111001010001110101101 
00111110110110001010000100111000101011101101001111101011011010001000100101011001100111001011100000001110110000000010100001101111011000110110100101001001100111011010100011011011110101010000100001010001010100001100010100100010110001001111011111111001011101001100011101100110011001010000010111011100010001001101010110110100110011101100000100110111111111010000110110100011111100001000101001000011100001110001110001001011101011100101001101101101010101100100011001001010101001000010000110010000100001111001101100100111 
10000100100111011110111010100000011001011110101010101110000101001100110100010111110011011111010010010110010100000100010110000000011010010110010000100101110000101111010111101001011011000111101011010110001010010101011110101110001110001101110101100011000010110101100101100010110001100010000111100010010001000100001101101101010011011101011101111101001010000001011010111000000110001011110111100100010010111100100100001011010100010101010100000100110011110000000001000000110101000100011101101100110110001010000001000001 
00100000110010100001011101000101011011001011011000011110011110010101011001000000000100011110101111111010000011110101100100100101001011010100000101011110011000000010110101010010011010011011000000110100100001001011000110000000001101111001101010111000000101010011011111011110011010001011100111110111110110100101011010011000000110101001110001101101001010110100101011001100111110100100011000110011110000000011110110110101101000011011101000000001100100111111010101101010100000001010110011111110011000100011010000010011 
10011001000011110101011011010101000011010001011010100011100111010110011100111001011000011100111001100001100100101110110001010000011100110000010001000111001011101010100101001011001111001000011010000011010100010011011100111010101000001010111110110101101011110101110110011100111000100001001101010001101000010110101001010110010011101011001000001010111011011001001011100000001001111111011111100110101000010100010001010001000011001110100111010101100001100101101101010100001010101000101000011110010011110011100111100101 
10100011110011001110100110000000000100100001101001011110010010111010000010101100110001110011010001010011110010000101111111100001100011000110110111001010010101111100110011101011111011010111000100101110110011111000001101011001011100101100111101010100000101010010000110101111010001000010111000000100001011011010011001110111001101100111001100110111000110010111111010000100110001010110011001011000111100111100011011110111000101000100111010001001010111110011101010000101010000010000000100110010100100010001011111001111 
00010101100101000011100010100001110101111000010010101101010101011011011111100000110000110000000100101111101011111010101010001000101100111110100101111001010101101101010000011011110000000100110101001100110100100100011110111001110010110010111110110000010101100101011111101011000010001100001001001010010110000111000101001001110001010000011110001111101100101011011111000000011111001011000101100000100111000000010011111001111100101010100110110110111101100100010100000110100011101101011011110001101101100010101011110111 
11011111010100001100111100101000001011101101110111010101101010011111011101101011110000111001010111000001000111011010010101101101001110000110111001000101010001000000001110011100000110000011000111001001011100011100110001110100100001110001011111110000101111001101110111110110111001110000100000101000010111111011010111110001111101110111001010110111000111011011000100011000110110100100001110010001100010011000101001011101010111000110100010110101001110111000110010001010110001110111101000100110000111011000000100000101 
11011101111101000111101001010001101101001110101111111111011000111110001110000001001011010101111000100001110101000001111001011100011101101011011010000000001101111010100100100101011010110000000100100011011000100101001110111100100010001100000111001010001101010111100110011001100011001011001010001100101010110100101111011001000100110111000001101101100111111001100011011010010011011010100100000100111010111010011000000001011100000010100000001010010111110111111011111111001100011111111110000110011011111100010100110101 
01010100001001111101001011011111111110101100011110000110111010111001011011000001110001100101110001010011001010110110100000010001000000110010111110010100111110101110010000000010000000001111101100001110010011101111101101100111100111110010100001010101000001100000101101000000011111110001100101100101000110100001111001001011001100001110001001101101000110000001110100010010001110011010111011110101101011000010111110100010111011101100011110001001011000000110000000100010101110011100110001000100011001101010000000001101 
01100001000010101111101111100110000100110100100010011001000101111010101100110000000111010011111011001100001011010001011101110011000111100011101011110000101001110000011100001101100111011100010101010110100101011111111111010000110010101001111010111011000100000111011001110100100111101101110011111111010011000110000000101000000110110101100001110110010100001000000000101011001001110001001101101010011101010101110101111100011101010011010111001111000011001011000111011000100101110001101010011011001010010100100011110001 
00011000100101111111101001110111111100100101001111110110011000110100000010010101110000110110011100110011111011010000110000111001010001001011100010001011000110000001000010101010101010001101110011101101101011101101001111111010110010111111101000101001010111000010101100010010010000010111000010011110110101110010011110000110010010100001010000111111101001101001101110011011110100110011001011000001110100110110110101101001110011111110000100011011001110001110011100010010101000110100000000001110101001010010011100101001 
10001100111100110010001111111010100100110000001100111001001100111101110011011100000110000000111010110001001011110110001101101111000010001001100111010011011101010011100001011011100010111101111111101111111000100111010010110101010011111100111000100001110100001111001000001010011111100011011011100110011100111010001010000001100100010001010000011010101011001001001010101001111111001110011000011101010010010000100101010100011011011000011010010100010110111011100010001010000010100101010000110110110001101000111110011011 
11100010110100000011011010111000100110101100011001001011011110100111101110111010101110000111011101101001101001011110111101001010001111101100000011000010110000010101110110101111100101010010001110100110101000001111110000100010000000001100100101011000011111101000100101010101111011111111110011100110011010101011100111101110011001111110100011111110001110100111111010000010011010010100101000110101010101000001001001101010111010100111110010001100100110110000010000001101101111100001000101000100100010100100101011000111 
11110101110001010101010100010000001001011110101100001011110001101001100011001011101010011010010000101000010111001000001011101110001100110101111101011001110001110010100000101110010101111110111100000101001011011000110000010001011110110000001001100111011110011101111110010111001001110000101111011111110111001100001100011001100010111101111100110110111001000010100100011110110101110100111001011001011010011001100000010011000111011101101011111011011001001101100001101011000100001110101011101110101110001011010111011101 
10000011011011010110001000010111100001100110000101101100110111010001111100111010010100010111011101111011010010111010111001110100111110010001111010100101000010000110101001110101101010110011010110100100000101000110110100000101111111101100100100010101000101111010110010110001111100001111100101001001011001100110010110101111101100110110001011100110100001001111001001111100001001010001100100111010010110011110001110001110101000110011001111001100001101001101110100101011000010100000011100001001000110100110010111001011 
11010111100100101000000011011110100101000000010101101000101101101101011101011011111100010001111100001111000011011001000101001010101110000011010100100101111100001011101011000111111111101011000001110010100100011000100110000101000111100110001000100100001111001000011001110100100011111101010111010010101001000000000011011000010100110001100101010010000010000111110000000100100001100000111101111011110101101101010100101110001001011100111011100010101010001111011000000010010010110011011001101001000100111001000100001001 
10100001000000110001111100001000000111011111101011000000100011111100010001000001001101011010001111001110110110111110110111100100110011001010011101011010010000000110011001001111011010010011001101010001000111101011101000100111010001110111110001000101011100001011101000000000101000101011000011000010101001101100011111010011111100110001101001010111010101001001010011011010100000000011101001101000101110111000100010101100110010001011010000011100111011010010011111100001001101111011100101010000101111000000000100000011 
00110101011110010111000110100101100101001100001111011011100110010010011110111100010101011110100011010001111110100001111100000010001111110110001100111100100111011110111110000101000110010100010110010011111101101110010111001001110000110010101001111011011110001100101111101101110100110000110000101000110010001000110010111111011111100100101010111010011111001101001000111111110000100011101111011110100000100010011001010000001001001101100001100100001100111000011100101001101111001010111001001010001010010011010010010011 
01001011110000000011111000101010100000001000011001001101010001010000000010100011010101111111001010101011010001010000100111011000011111010110010101100001100110100011101001000010000100011100000100000101000100111100010000010010010110100111100110001100001101000000101011010100000011111111011010101011111000010111100000101000101001110000011110000110111111000101111010011101001111010011000010100111000100101111000001101001010001111101011110110101111100111110011001100000111011001111011100010100110001111101110001000001 
01001011001000001110011011010010111000011000101000011111101101100101110011000010101000001111000110011000100000001111001001010000110010000000001100110110110110101010110101101110111110001000101101100001011011111100010111111011110100100100101110101101100011001010111110100011010011010101011101110010010101110110111110010001010011111110110110000111010011010100000011110001101011001001101110011110101011001101111001110110110011001001110010010001010100000001011011011011110101001101111000100111110010000110101001001011 
10011100010011110010010100000011000100001000001111101000100100011111101010001010001101000100010110011011010000111101000100111001011111000110100101101001111010011001111101101110011010101101000001010010010100111111101000101000100000011100010000000110100100100000011101010001001000001101001011110111100001001001111011110001100111111110000000100001000011011000001000011111000100111101110011000001011110101111001111101101101110101001011111100011000110101101111011000011000000001011011110011001111000100110110010111111 
11101100100011001110100001010001100001110101101110010110101011110010011010101101110011101011110111100000011011011010100010001011101001000001010100101100100111000101000100011110010101110101111000100110100001110101000100101101010101010100010010001101011000010110000110110001011110010100000110110011110010001001100010111110100011110010101101000001110110001111000011010101101111011000100110000111001001010110000101010001010100100100001001011001000000110010100011101000010000111010000010001101101100001100001111100001 
01101100001101111010001000100100111100100110110100000001101111100111111100010110100111101111101100001101011100010101000101110111111011111110110101100001101001100010000011101011001011100000101101111111001110011001001111101101100011010010011001111111110100000101000001010100111111101101101110111111111000011111101101111110000101110010001011010011101001110001110001101101010101010000110100101000010011111101011111001001000011110001110110010101010011011001001111101110101111000001000010010110111101110010010110100011 
01111000001000000000110011011000010010000001000000001000000001010010011010101001011111110111000001001100110000101110010011000000111100110001001001110110011010100100001001101011000101001111011000101001001110001001011100011000101111101111000000001001101110110010000101101010000001000001001001100011001010001001100010011010011011010000010101110011001110111101110110010011010110010011110000100100011101001101101110101001010011000001001000111010110101101000110000000101111000110010000111011011000010010111000011100101 
11001000110100000010101111011101101010111101010010111001001001000101010010001000001010000010100001100000011000111010000000100000010000011110001110010011001001110011001110010101100001101000100000111010000010011010001011110000001100010011111001011010110111100000011111101001111110101000000011000100000111000101100101010000110010000001001010011111010001001000100111111010000111100110011001100010111111000011001101000110001011101100110110011101000011010111001010000111110100011010100101010000101010000000111010010111 
11101011000001100110110111111010100000010111011010101111110111110011000001011000011000111010010011101001101000000110011001100111111001101010001100001101001000101101100001100100100001010010010000110110000010110101010000111000000000010010001011100000100100110101010101111110000010110101110110111111001011001000100100001000000010011100011111001110100111000101100001010001111010111000110001010010001011000110001010101110110110011000000100111100101111011101011011001011000001001000000001010111100111000010011100000001 
10110010011110010101011101100000111111011111100011101010101100110000001010100111010000110001100011000011010000110100010001100111011000010111110001100010101001001011001000111011010101110010100010011111011111100011110110101110010110001111110100100000110011111100111100111101111110110010001100100010111110011101010111001111011111111110100010100100000000011000110111000010101111000111110100110010110011011100001011010011011010101001101011101100111101000101001100110000110011111110100111101111011001100101111011001111 
11101000111001011100011100100101000110110000111100100000101000010000001011000001001111111000000010101000110110010010110101111100011010001111100000100000000101010010100000010111000100010000110100011100100001001010111001110001001100000000010011011000001100001001011110001000101011111000100010111110000010101101110001001100101110010011111010111111000110001010000110111100001010011010110000001011110111101000100010011101100000111011100100100101000100000111100100100001100111010110001101100011110000000111100101000001 
00001010111010100001111000101010101100011110110100010000001100011111000011000100011100010111100010010011110111110101010111001110001011000110000110000110001000010011010101100001111110010100000000111110110010110000101111011001100111001001010101110010011001101101100111010001000100001110000101111101001101011010011010111011100111101011000011000111011001101100101100001000110000100001001000110010010001010011000100001101111101000010011101001100011000000110000000000110010010110110100111011100111011001101111010111011 
00111010110010111001110010100001101011010001000110101101010111101101011011111001110101010001000100001000110011101001001000101001100000111111000011001001101001001100100110010000001011011110000010110111010111110100010111111000011011001011010011000001101011100110011101100111010101101001011110000101101001101110001011111111111000110101111111010110111000010110101000101010111110110100111100010011100000011111101111011101101000101100001110001011100110101110101111001110111000000100111011100001011110101011111101010101 
00000110111111001000001110111001010010010010000010101011111011101100001101000001010011101001000100111000111100011000001100011001101000010001011100101100111101110010000101110101111110001010001011001001101111000111010111000001000101000111000111000111111100100011101110010001010111100111100111000101110010011000011010011101110011110111111110110000011101011001001100010101000111000110001011010011111010111110010100010101001111000100011011011011101101101000010001111011010011100010111100110101101010100001111011111111 
10011011011111010001111001011101001010011000101110111101111000111101010110100100110101101100101101100101011010011000011011011101111110010100011110011010000101011111011111100110100110010011011000000000011111010110111110111101000111011111111001101001001011110100000101010110111010001000010001011000100011011101010111100111011000011111000000100011110100100011011100011100000111111011110101011001100001011001001100011110101001000100011000010001010011001110101011100010100100100100110001110011100101000101111000000101 
11011101001011000111011001001111100000111110000100101000010010111000111101011011000111001001010010010101101000011111010010000011101111100111100101111010110010110011011111110111110010111001111000011111010011111110001001100111011110010001100100100101001000101000010001101111111111011011100110011010001110010100110111101000010001011111101000010101101111111001001110100001011001110001001110001110111000111100011110110001000000111110011000011101001001100110010101100011001011001101010100001101000111101010100010110101 
00101011100001010101101011100000011101111110001010100101001111000101111100110111111011000111001100011100110100110100110011011000010101010100001110101011101101001000100010110000100011010101111101010111000010011001101111010000111101110001000011111100110100110000010000111111011011110100100100101110011010100000110110100110101111010011001110000110101101010101110101111111011110011000110111110101000100111000001110010010101110011000010100101100101100111111111101010011011001111011101101110110010000110110001110000101 
10110001111110101011011001101010111011011001000111010001101010110111010010011111101110001111000110110101011110001101011010110110100110000010111110100111010011001111010101011100000111011101011010110000100101111111110000011000110001110110010110000111111111100010100001000100101011001101011010111111110001111111110001111000110000100000001111110001111000110001110110011001010000100010010001110011110010110111000101000000000111001110001110011110000110010000111111110100001100111000110101101101110101011101110011110001 
01100010101001111010110111100110001011110110100010101101001111100010101111101010110110001100011010100101111001101011001100000100110001011000101010010001000000001011101001011010001010100101000011011110000110001000110011100101100100000011000100010010100001101010011001001010011110111011110000111100110010100100010101010100100001111001011100001111010111010101110010110110111110010111010110000000101111100110000011000000110000110101010010000101000110010011011001110011001101100010100101111100110110111001100000001111 
10010001111011101011111111110011011010111100100011000101001010010110110101011001001010000010101011110110101100111111000100000101011111100110111010100001011000000110011111110011100010111100000100100110011011010110111101111100000001110001010110001001101101010011011000000011001111100011100100100110000111101010111100111010110010000100011101010010111101011110110001011110001110101001000000101001110010100111111100001001110000111111000011010000110011010111011011111110100010101101000111101011011000101011001011010101 
10000100100111011110111010100000011001011110101010101110000101001100110100010111110011011111010010010110010100000100010110000000011010010110010000100101110000101111010111101001011011000111101011010110001010010101011110101110001110001101110101100011000010110101100101100010110001100010000111100010010001000100001101101101010011011101011101111101001010000001011010111000000110001011110111100100010010111100100100001011010100010101010100000100110011110000000001000000110101000100011101101100110110001010000001000001 
00001110001101100111111111010100001111101011111001010011111001110101111010000000100001000101000111000101110101001110001100001011000100000010000011100111001000111110010010010101000000111010110011110011001110111010011000110000001011101110110010001011001000111110111110111110111101111001100010011110010100110000100000110001111011001110011110111010101111110100000011101101110111111001101100110100101001010101101011100001000110100011101110110110011101011111111010110110010101100111010010110111101111001010001110101101 
10100001000000110001111100001000000111011111101011000000100011111100010001000001001101011010001111001110110110111110110111100100110011001010011101011010010000000110011001001111011010010011001101010001000111101011101000100111010001110111110001000101011100001011101000000000101000101011000011000010101001101100011111010011111100110001101001010111010101001001010011011010100000000011101001101000101110111000100010101100110010001011010000011100111011010010011111100001001101111011100101010000101111000000000100000011 
11001011000101000111001011100010111101111101000010010111111000111110101000110000000010101000000100010110100100010110011001010001011100001001011101011101110111110101011001011101001110010100011000000000011001001100101001001100000101100011111010110110111101111011100110001110101011000110100111100011000000001001000111010110100001101100010000110001111101100011110111101111000001111010001001100011111000100000010110001100000111001000100100000110000101001110100110111001110011110110110101110111110101011000100111100011 
01100001000010101111101111100110000100110100100010011001000101111010101100110000000111010011111011001100001011010001011101110011000111100011101011110000101001110000011100001101100111011100010101010110100101011111111111010000110010101001111010111011000100000111011001110100100111101101110011111111010011000110000000101000000110110101100001110110010100001000000000101011001001110001001101101010011101010101110101111100011101010011010111001111000011001011000111011000100101110001101010011011001010010100100011110001 
11110101110001010101010100010000001001011110101100001011110001101001100011001011101010011010010000101000010111001000001011101110001100110101111101011001110001110010100000101110010101111110111100000101001011011000110000010001011110110000001001100111011110011101111110010111001001110000101111011111110111001100001100011001100010111101111100110110111001000010100100011110110101110100111001011001011010011001100000010011000111011101101011111011011001001101100001101011000100001110101011101110101110001011010111011101 
01001011001000001110011011010010111000011000101000011111101101100101110011000010101000001111000110011000100000001111001001010000110010000000001100110110110110101010110101101110111110001000101101100001011011111100010111111011110100100100101110101101100011001010111110100011010011010101011101110010010101110110111110010001010011111110110110000111010011010100000011110001101011001001101110011110101011001101111001110110110011001001110010010001010100000001011011011011110101001101111000100111110010000110101001001011 
00010101100101000011100010100001110101111000010010101101010101011011011111100000110000110000000100101111101011111010101010001000101100111110100101111001010101101101010000011011110000000100110101001100110100100100011110111001110010110010111110110000010101100101011111101011000010001100001001001010010110000111000101001001110001010000011110001111101100101011011111000000011111001011000101100000100111000000010011111001111100101010100110110110111101100100010100000110100011101101011011110001101101100010101011110111 
00100000110010100001011101000101011011001011011000011110011110010101011001000000000100011110101111111010000011110101100100100101001011010100000101011110011000000010110101010010011010011011000000110100100001001011000110000000001101111001101010111000000101010011011111011110011010001011100111110111110110100101011010011000000110101001110001101101001010110100101011001100111110100100011000110011110000000011110110110101101000011011101000000001100100111111010101101010100000001010110011111110011000100011010000010011 
