01010110110011000111000110100100010111000001101110000000010101011000100001000011000010101100001101001100000111000000110100010110000100000010100011100000100000011000110111111000100100001110100010110010010101101100110001000100001010001010000000001100011010000101001001000011111111101010000111000001110001100000010010111001011100011100010111000101001000110100100111011010000110000000000010110010001010000100000101000100111110000001011101001111111111110011000101001010010101100001001000001111000101010011111011010101 
00001111011111101101110111100100011001100111101011111111110101111101010010011011010001100110110101010111111101101110111100010010001001001000110101101110011100101110111111011001101001011001111100101000000011010110111000101111110111100000011110100110001111000111011011110100001101001010000100101011000111011101011111010110101001010111001100010100011011010110101101000111111111110011010011111100101010100111111001110001011101101111111010110111011101011111001010110111011110011101111101111111111011010111000110101011 
00001111011111101101110111110100011001100111101011111111110101111101010010011011010001100110110101010111111101101110111100010010001001001000110101101110011100101110111111011001101001011001111100101000000011010100111000101111110111100000011010100110101111000111011011110100001101001010000100101011000110011101011111110110101001010111001100010100011011010110101101000111111111110011010011111100101010100111111001110001011101101111111010110111011101011110001010110111011110011101111101111111111011010111000110101011 
00001111011110101111110111110100111001101111100011111110110101111101110011011010000001100110110101000111111100001110111100010100111001111001101100101011011010000011101000001101111110100011111110111000010011000101011000101111010111110000111010110110111111000101000011111100101101011010000100101111001110111101011101100110101001010111001100010100011011010110111101000011111111111011010001111110101110100111111001110101001100101011110010100101001101011110001000110111011110011101110101111111111010100111100111101011 
01010110110011000111000110100100010111000001101110000000010101011000100001000011000010111100001101001100000111000000110100010110000100000010100011100000100000011001110111111000100100001110100010111010010101101100110001000100001010001010000000001100011010000101001001000011011111101010000111000001110001100000010010111001011100011100010111000101001000110100100111011010000110000000000010110010001010000110000101000100111110000001011111001111111111110011000101001010010101110001001000001111000001010011111011011001 
00100110000111100001000110000111110111000101001101000101000100001011100111001110101101000010010111110100001010101001011101010110001011000100000011011010010011100000011100110010001000110001010100001100101000101101000100000100101001110101110001001101010010110011110000101111000110100110000100111100011011110101010101011111010100010011000100111011110100110001101010011000100111001110110001110110100010010011110110001010100111010011010000100101000011000010010101011111011111110001001001111000001011011001111100011001 
00001010001001110011001111110010000001000111111100001011011101000000100101101000010000110111001110000001010100000011111001010110111111001011101110100111000101110010010010001011001100111001100111100001110001011010001011000111111011010001110101100001000110010110100011000101001010100101110011011001111100000101101111110111011110000110100011001001110011111101000000011101000100011001001000100011101000001111101000001110110111100011001010000000101100011010111011111100100100001010010011110111110111100011110101000011 
01010110110011000111000110100100010111000011101110000000010101011000100001000011000010111100001101001100000111000000110100010110000100000010100011100000100000011001110111111000100100001110100010111010010101101100110001000100001000001010000000001100011000000101001001000011011111101010000111000001110001100000010010110001011101011100010111000101001000110100100111011010000110000000000010110010001010000110000101000100111110000001011111001111111111110011000101001010010101110001001000001111000001010011111011011001 
00001111011111101111110111110110111001101111100011111110110101111101110011011010000001100110110101000111111100101110111100010100111001111001101100101011011010000011101000000101111110100011111010011000010011000101011000101101010111110000111010110110101111000101000011111100101101011010000100101111000110111101010101100110101001010111001100010100011011010110111101000011111110111011010001111110101110100111111001110101001111101011110010100101001101011111001000110110011100011101110101111111111010100111100111101011 
10011101101000001100010011111001010000010000001001101101001000100001100111001001011000010100100100101000010101100110011100011100110100110011100000001000000111101110010000010101010001101101101000100100000101110000010011001100100101010110000001111111011001011010110100010010001011000101000011001001000110000011000110110010110011101000000110001001100101111101100110100100101001010011111101101010110101110001011010110110100001101101111110110000011000010000001011100110110101110101001000001111000000010001001011011011 
00101111011111101101010111110100011001101111101011111110110101111101110010011011010001100110110101010111111101101110111100010010001001001000110101101110011100101110111111011001101001011001111100100011100001110101011011000100011100001101011011011100001011011101100011011001110100000010001101101010011101000110100010001110101101011001110101110001010110111100011010111110011100100000100001110101110001101100010101001110011010011101001100100110001011110010001000101011110001110010111101111100111111010110011001101011 
00111101010100010011100000000110010011001101110001100111011110010011000101001011010100100011101101000000010010100011101110111011111101110001011101111001101101110110001101000001000011111100100000010110101011011001011001100010011000100010101111010101010000110011110011101010111100110111010101010101000110001011011110110000101111001010000010101000011011001111000010101110100001110101010010111101111010001010000001000000111101010100110000011111000010001111111001100001000110011010111011110101001101011001111101001001 
00001111011110101111110111110100111001101111100011111110110101111101110011011010000001100110110101000111111100001110111100010100111001111001101100101011011010000011101100001101111111100011111110111000010011000101011000101111010111110000111010100110111111000101000011111100101101011010000100101111001110111101011101100110101001010111001100010100011011010110111101000011111111101011010001111110101110100111111001110101011100101011110010100101001101011110001000010111011110011101110101111111111010100111000111101011 
01010010011101011110000111110100111001101111101011111110110101111101110011011010000001100110110101000111111100101110111100010001111001110000101100001011011010000011101000001101111110101111111110011000010011000100011000101111010111110000111010110110101111000111010011111100001101001010000100101111000110111101011101100110101001010111001100010100011011010110101101000011111111111011010001111110101010100111111001110101001101110011110000110101001101011110001010110111011110011101110101111111111010100111100111101011 
01010111011101010011000100100100010111000001101100000000010111011000100001010010000010111111101100011000000111000000110100010110000001000010100011100000100000011101010111111000101110000111100111111000010101001100100001000101011010000011000000001100011010000101001000000011111111111000000110000011110001110010000010011001011101011100000011000100011100010100000011001111000010110111101101001101100100000100000101001010100111001011000100101111001000000001110000000111001000111100101010011000001001100010110100100101 
00011111011111101111010111110000111001101111111011111110100101101100111011001010000001100110110101100111111100101110111100110010001001011000110101101110010100101100111111011101100001011001111100101000000011000100111000101111110111110000011010110110100111000111011011111100001101001010000100101111000110011101011101110110101001010111001000010100011011010110101101000011111111110011010011111100101010100111111001110101001101101011111010110111001101011110001010110111011110011101111101111111111010000111000110101011 
00001111111111101111010111110100111001101111001011111110110101011101110011011010000001100110110101000111111000111110111101000101111001110001101100001111011010000011101010001101111110100111110110011000010011000100111000101101010111110000111010110110101111010111010011011100001101000011000100101111000110111101011101110110100001010111001100010100011011010110111000000011111111111011010001111110001010001111111001110101001101101011110010100101001101011110001000111111011110011100110101111111111010100111100111101011 
01010110011101010011000100100100010111000001101000000000111111011000100001010010000010110111101100011000000111000000010100010110000001000010100011100000100000011101010110011000101110000111100111011000010101011101100000000101001010001011001000001100011010000101001001000001111111111000000110000111110001110010000010011001011101011100000111001100011000110100000011001111000010010111101101001101100100010100000101001010100111001011000100101111001000100001110000000111001010111100101010011000001000100010110100000101 
00101111011011101111010111110100111001100110101011111110100101011101110110011010011001100110110101001111111101101110111100010010001001011001110101101110010100101110110111001101101001011001111100100011100000110101011011001100011100000101011010110110101111010111010011011100001101000011000100101111000110111101011111110110100001010111001100010100011011010110111000000011111111111011010001111110001010001111111001110101001101101011110010100101001101011110001000111111011110011100110101111110111010100111100111101011 
00001111011111101111010111110110111001101111101001111111110101111101110011011010000001100110110101001111111100101110111100010101111001110001101100001011011010000011101000001101111110100011111110101000010011000100111000101111110111110000011111110110100111000111011011111100001101001010000100101111000110011101011101110110111001010111001000010100011111010110101001000011111111110011010011111100101010100111111001110100001101101011111010110111001101011110001010110111011110011101111100111111111010000111100110101011 
10111010001100000101101000011100101000000110001110111001100100100000100111001110011001111111110111000100011010010101111100101011100110001010110011100100110001001001111010001011000100111000000010010011000001101001100010000110100001101001101000101111100010100111010111100111001100001010001101100100010011101111001011000001101100111111101100010111110010100010001110101011111001000110010110010101010110100010111111111011100110111011001100110100000101101111001111100011110000100011101010011000001101100010110100100101 
11110010011110011110110100000100101001000000110011101100010001111001001001100010100010110000010011000010100000101110001110101011011110000001011010011100101001000101000010111011100001011001110010101110000010011011011010010011100100001000101101100010100101100101010100010101000001010100000110001111111101101010111001011001110001111111100100100100011100000000100100111101101010100100011110111101000100011100101000001001010001111011011000100010001000000010010000000111011000000010100011100111010011011101010101111101 
00001111011111101111010111110100111001101111101011111110110101111101110011011010000001100110110101000111111100101110111100010101111001110001101100001011011010000011101000001101111110100011111110011000010011000100111000101111010111110000111010110110101111000111010011111100001101001010000100101111000110111101011101100110101001010111001100010100011011010110101101000011111111111011010001111110101010101111111001110101001101101011110010100101001101011110001000110111011110011101110101111111111010100111100111101011 
01010010011101011110000111110101111001001111101011111110110101111101110011011010000001100110110101000111011100101110111111011001111001110000101100001011011010000011101000001101111110101111111110011000010011000100011000101111010111110000111010110110101111000111010011111100001101001010000100101111000110111101011111100110101011010111001100010100011011010110101101000111111111011011010001111100101010100111111001110101001101110011110000111101001111011110001010110111011110011101110101111111111010100111100111101011 
11010100000101101101001001101101101001110000110000101110100110001000101010000011110001000101111001000000110111000011010001110000001100011001001110010101110011111000001110101111100001000011000011010010001101000111111101100111010100011100100110010001011101001111111010011111110111000110101110110111000001111001000011110110110111011111100110010001111100111111101101000001100011110111110000111101101011000001110100001011111101010001101010110111110011111011101101010001000101000100000101000101011001010011010111001001 
01010111011101010011000100100100010111000001101100000000110111011000100001010010000010110111101100011000000111000000110100010110000001000010100011100000100000011101010111111000101110000111100111011000010101001100100001000101011010001011000000001100011010000101001001000011111111111000000110000111110001110010000010011001011101011100000111001100011100110100000011001111000010110111101101001101100100000100000101001010100111001011000100101111001000000001110000000111001000111100101010011000001001100010110100100101 
01000010011101011110000111110100111001101111101011111110110101110101110011011010000001100110110101000111111100101110111100010001111001110001101100001011011010000011101000001101111110100011111110011000010011000100111000101111010111110000111010110110101111000111010011111100001101001010000100101111000110111101011101100110101001010111001100010100011011010110101101000011111111111011010001111110101010100111111001110101001101101001110010100101001001011110001000110111011110011101110001111111111110100111100111101011 
01010111011101010011000100100100010111000001101100000000010111011000100001010010000010110101101101011000000111000000010000010110000100000010100011100000100000011101110111111000111110000111100011011000010101001100100001000100011010001011000000101100011010100101001001000110111111101000000111000101110001110010000010011001011101011100010111011100011100110100000011001111000010110111101101001101100100000100000101011010100011001011000100101111001000010001100000000111001000111100101010011000001101100010010100000101 
00011111011111101111010111110000111001101111111011111110100101101100111011001010000001100010110101100111111100111110111100100010001001011000110101101110010100111100111111011101100001011001111100101010000011000100111000101111110111110000011010110110100111000111011011111100001101001010000100101111000110011101011101110110101001010111001000010100011011010110101101000011111111110011010011111100101010100111111001110101011101101011111010100111001101011110001010110111011110011101111101111111111010000111001110101011 
01100010011101011110000111110100111101101111111011111010110101111101110011001010000000110110110101000111111100101110111100010001111001110001101100001011011010000011101000001101111110100011111110011000010011000100111000100111010111110000111010110110101111000111010011111100001101001010000100101111000110111101011101100110101001010111001100011100011011010110101101000010111111111011110001111110101010100111111001110101000101111011100000100101001100011110001010110111011110011101110101111111111010100111100111101111 
00011111011111110111010111110000111001101111111011101110100101101100111011001010010001100110110010111010001000101000011000000001101000101101100111010101101011101110010001111010111111011011111001110111110100101011100001001011111011110010001101011110101100100010111111110011110100110100110111011111100011010011001111101110110000101111100111011100110111001100000111101100100010111101010100101010111000111011011001110001100010100001011010000101000011011111011110000011110101100101100111110010111110100111100011111011 
01000010011101011110000111110100111001101111101011111110110101111101110011011010000001100110110101000111111100101110111100010001111001110001101100001011011010000011101000001101111110100011111110011000010011000100111000100111010111110000111010110110101111000111010011111100001101001010000100101111000110111101011101100110101001010111001100010100011011010110101101000011111111111011010001111110101010100111111001110101001101101011110000100101001101011110001010110111011110011101110101111111111010100111100111101011 
01010111001101010111000100100100010111000001101100000000010111011000100001000011000010110100101101001100000111000000110100010110010100000010100011100000100000011001110111111000100100001110100010111010010101101100110001000100001010001010000000001100011010000101001001000011011111101010000111000001110001100000010010111001011101011100010111001101011000110100100111011010000110000000000010110010001010000110000101000100111110000001011111001111111111110011000101001010110101110001001000001111000001010001111011011001 
00001111011111101111010111110100111001100111101011111110110101111101110011011010000001000110110101000111111101101110110100010010001001011000110101101110010100101100111111011101101001011001111100101010100001110101011011000100011100001101011111011100001011011111100011010001110100000010001101101010011011000110100010001010101101011001110100110001010110111100011010111111011100100000100001110111110001101100010101001101001101101111110010100101001101011110001000111111011110011101110101111111111010100111100111101001 
10000100111101110111100100100001101111000111011011110011001000101010100101010001010001100111010101100111111100101110111100110010001001011000110101101110010100101100111111011101100001011001111100101000010011000100111000101111110111110000011011110110100111000111011011111100001101001010000100101111000110011101011101110110111001010111001000010100011111010110101001000011111111110011010011111100101010100111111001110101001101101011111010110111001101011110001010110111011110011101111100111111111010000111000110101011 
00101111011011101111010111110100111001101110101011111110100101011101110110011010011001100110110101001111111101101110111100010010001001011001110101101110010100101110110111011101101001011001111100100011100001110101011011001100011100000101011011011100001011011101100011000001110100000010001101101010011111000010100010001110101101011001010101110001010110111100011010111110011100100000100010000111101001101001111001110101001101101011111010110101001101011110001010110111011110011111110101111111111010000111100111101011 
00101111011111101111010111110100011001101111101011111110110101111111110010111010010001100110110101000111111101101110111100010010001001011000111101101110010100101110111111011101101001011000111100100011100001110101011011000100011100001101011111011100001011011101100011010001110100000010001101101010011111000110100010001110101101011001110111110001010110111100011010111110011100100000100011110101110001101100010101001100011010011101001100100110001011110000001000101011110001110110110101111100111111010110001001101011 
11100000110100101111000000101000111011111011000100110011000010001101010001100011011010110110001100000111111001111001101100100111010010100011100000100000100100111101110000010101101010010000000011010000001000111001111000000000100000100010010001100000110110110011001010000110001110000010010110011000011011001110100111010110101010100000111000110000000101101001100010000010101001110010001001011011011011011000011000011011110000010011010101010011111111111000100101010011001110110000001001011000000001010011101100000101 
01010111011101010011000100100100010111000001101100000000010111011000100001010010000010110101101101011000000111000000110100010110000101000010100011100000100000011101110111111000101110000111100111011000010101001100100001000100011010001011000000001100011010000101001001000011111111101000000111000101110001110010000010011001011101011100010111001100011100110100000011001111000010110111101101001101100100000100000101011010100111001011000100101111001000000001110000000111001000111100101010011000001101100010110100100101 
01010011001101010111000100100100010111000001101100000000010111011000100001000011000010110100101101011000000111000000110100010110010100000010100011100000100000011001110111111000100100000110100110111000010101101100100001000100001010001010000000001100011010000101001001000011011111101010000111000001110001100000010010011001011101011100010111001101011100110100100011001111000010110111101101001101100100000100000101011010100111001001001100101101010001110101110000111110100000001101111011111010101110110000000001111011 
11101001110000101111010000101000111001111001001100110111100010111101010001100101010010110111111101000111111001011111101100100111010010100011100000100000100101011101110010010101101010010001000010010000001000111001011000100000100000100010010000100000010111110010001010000110001110000010010000011001011001000001101000011010110000010010000011011110011000000000100100111001101011000100011100110101000100011100001000011001010011111011011001100110000000000010010000000111011001000010100011100111010011111101010101111101 
01010111011101010011000100100100010111000001101100000000010111011000100001000010000010110101101101011000000111000000110100010110010101000010100011100000100000011101110111111000101110000111100111111000010101001100100001000100011010001010000000001100011010000101001001000011111111101000000111000001110001110000000010011001011101011100010111001101011100110100000011001111000010110111101101001101100100000100000101011010100111001011000100101111001000000001110000000111001000111100001100011110111111010010100101111011 
11011000100000100100101010101111000010100110100110111111100100100110100010010010000010001001101101000100101000110101110110011101010011100100101100100001011000000111111001001001111100101010000011111000010110100110101010000100001011111001101000110111001100101010000001010010100110000010101011000001011010101000000001010100101010100000110000110000000101101001100010000010101101110000000001011010011011011000011010011001110000110111111111110011110111000000111111000010010001010000000000110010100010011100110011001111 
10011101101000001100010011011001000100010000001001101101001000100001100111001001011000010100111100101000010101100110011100011100110100110011100000000000000111101110010000010101010001101101101000100100000101110000010011001100100101010110000001111111011001011010110100010010001011000101000011001001000110000011000110110010110011101000000110001001100101111101100110100100101001010011111101101010110101110101011010110110100001101101111110110000011000010000001011100110110101110101001000001111000000010001001011011011 
00101111001111001111010111110100011001101111101011111110110101111111110010111010010000100110110101000110111101101110011100010010001001011000111101101110010100101110111111011101101001011000111000100011100001110101011011000100011100001101011111011000001011011001100011010001110100000010001101101010011111000110100010001110101101011001110111110001010110111011000100101100001110110100011001111110110101110110101010001101111111001110001001101010011011111001010010011110111010101000110101011010010111010100110101101111 
01010111001101010111000100100100010111000001101100000000010111011000100001000010000010110101101101011000000111000000110100010110010101000010100011100000100000011101110111111000100100000111100110111000010101101100100001000100001010001010000000001100011010000101001001000011011111101010000111000001110001110000010010011001011101011100010111001101011100110100100011001111000010110111101101001101100100000100000101011010100111001001000100101101010001110101110000111110100000001101111011111010101110110010000001111011 
00001111011111101111010111110100111001101111101011111110110101111101110010011010010001100110110101000111111101101110111100010010001001011000110101101110010100101110111111011101101001011001111100100011100001110101011011000100011100001101011011011100001011011101100011010001110100000010001101101010011111000110100010001110101101011001110101110001010110111100011010111110011100100000100001110101110001101100010101001100011010011101001100100110001011110010001000101011110001110010110101111100111111010110011001101011 
01010110110011001010111011101100101001101110111010000111010110101101011101101011110110001011110000100000001110001100011110111111111101000100101001010010101011111011010111001110000100010011100111010000101101101110110001000110010111101101011011111011101011011101101000110001000111101110011010101010100000110101110010011001011011110101111110011110101101110101011010010111011010110110000010010100010001101100000011111010011000101001011111000011111010100011111100101010110010111100100101101011011111001100011010010101 
10000111111001110010000100000110011011000100001111110110110000011100100101000110101101010000111111101111110010011110001001101111110000110111110011010000000111100101001001110011101101011011111011001110011001010110100110011001111011110101110100001001100101111010010100110011111001001001000110011101010100011000001100101101001010010111011010111110001100001110001100010111111110110100000010010010000110010110100101111100001001110101111111000111100101110000101110101101111111110110001111110100011101111011110001011101 
00001111011111101111010111110100111001101111101011111110110101111101110011011010000001100110110101000111111101101110111100010010001001011000110101101110010100101100111111011101101001011001111100101011100001110101011011000100011100001101011111011100001011011111100011010001110100000010001101101010011011000110100010001010101101011001110100110001010110111100011010111111011100100000100001110101110001101100010101001100011010011101001101100110001011110010001000101011110001110010110101111100111111010110011001101011 
11101111110011001101111100000111100110000111001010001110000010100100010000100111001101101110101101010010011101101101111000111110110110100001001110011111010101001101101110111001101100100100011001111000111000101001011011000010100001101010110110011100011010110011111110100101100000100100011011010110100011101000010000011010111110011010010001000000011110100111110101001110111110001000111111111101011111000001101110111011011100111110111110110101111101110101110100100011110100001101111100110111010000010101110011000111 
11001110100100100110000101101011000011010110011101100110011010011100101110111001000010111100000110100100111001010100100101010111111111001110100011101111000100111000100011000100010110000110101000001111100000011111100001011010000001110101101101001111000010000100110011111100000011001111101011101111100011111001110011111111101000100101111010000011101011111101101110111000001101101101100011000101000001101100110010111001000101001111111110011111010110110101101100100111110100110110001000101010010101011110011111100001 
11010000100100110100101010101111000010100110100100111111100100100110000110010010000010001001101001000100100000110101110110011101010111100100111100100001011000000111111001001001111100101010000011111000110100100110001010000100001011111001101000110111001100101010000001010010100010000010101011000011011010101000000001010100101010100000110000110010000101101001100010000010101001110010000001010010011011011000011010011001110000110111111111110011111111001000111111000010011001110000000001110010100010011100110011001111 
01100100111111111111111101001010100110011000000110110011011111011110111011100000010001001010111001001101011011010001101111011111101001100100101001001101101001100000001001101001110011011010000100010001011101111110101010110001001100110001111110101100011011000000100100111100101110001110111001111010101000000001011110001101010000000101111011000011101011111101101111111011001101101111100011000101000001101100110010111001000101001111111110011111010110100101101100100110110100100100001000101010110101111110011111100001 
01010111001101010111000100100100010111000001101100000010010111011000100001000010000010110101101101011000000111000000110100010110010101000010100011100000100000011101110111111000100100000111100110111000010101101100100001000100001010001010000000001100011010000101001001000011011111101010000111000001111001110000010010011001011101011100010111001101011100110100100011001111100010110111101100001101100100000100000101011110100111101001000100101101010001110101110000111110100000001101111011111010101110110010000001110111 
10000010111110101101011000001001000110111101011001011111010100110111000111001110001100011101000010011001111100000011111010011011100110100111100101011001000001111100101000000010001111011000101011101000111101011001100001111100001111011111011110100110010100000010110101111100010010110001001110110101111111110001110111010111101000000111111101010011110011101000110101101100011010111011101101111111000100110001100111000111010111100011011101000001001010111101000010100111001111111111101001011100101110001001111100010001 
10000010111100101101011000001001000110111101011001011111010100110111000101001110001100011101000010011001111101000011111010011011100110100111100101011001000000111100101000000010001101011000101011101000111101011001100001111100011111011111011110100110010100000010110101111100010010110001001110110101111111010001110111010111100000000111111101010011110011101000110101101100010010111011100100111111000100110001100111000111010111100011011101000001001010111101000010100111001111111111101001011100111110001001111100010001 
10011001011101111001011001001110000100010111111000011011101100111001111001001011100010101011110001101111110001111001001101110100100000010000001011010011111110000011101100001101000010111111010010010000000010011011011010010011100100001000101101100010100101100101010100010101000001010100000110001111111001101010111001011001110001111111100100100100011100000000100100111101101010100100011110110101000100011100001000001001010001111011011000100010000000000010010000000111011000000010100011100111010011011101010101111101 
01010110110011001010111011101100101001101100111010000111010110101101011101101011110110001011110000100000001110001100011110111011111101000100101001010010101010111010010111001110000100010011100111010000101101101110110001000110010111101101010011111011101011011101101000110001000111101110011010101010100000110101110010001001011011110101111110011110101101110101011010010111011010110110000010010100010001101100000011111010011000101001011111000011111010100011111100101010110010111100100101101011011111001100011010010101 
10000100111101110111100100100001101111000111011011110011001000101010100101010001010001100111010010011010001010101000011000000001101000101101100111010101101011101110010001111010111111001011111001110111110100101011111001001001111011111010001101011110101100100010011111010011110100010110110110011111100011010011001011001110110001001111100011010100110111001100000011101100100010111101010100101010111000111011011001010001100010100001011010000101000011011111111110000011011101100101100111110010111001000001101000010001 
10100001100101010111010101001101100011001100011010010011000100011000110111011010100001111011001110000110001110111011111010001011010000100010000010000101011001000100000100001110001100111001100111100001110001011010001011010111111011010001110101100001000110000010100011000101001010100101110011011001111100000101101111110111001110000110100011001001110011101101000000011101000100011001001000100001101000001111101000001110110111100011001010000000101100011010111011111100101100001010010011110111110111100011110101000011 
00010100110100101010111000100110010011001000100000000001010001110100010010101111001011010001100101111000101000110110111101101110010110001000011000101010110101111110100010010001000001010101110010001000110010101001001001001101000001010001011010001101000001001010101101011110010011000100111011001110000011001011110000101111001110110001111101001010010100100111000100011000101110101111100000101000011010010011110011110001110011011000010100011110101110011010001000000111100001011111000010001100110101101110101000100111 
01000011011101011110000110001111111001101000000100100010011011010001010010111001111110100100101011111011111100101010000011110100001011111010100011011010011100100001111100110011010100101010011101000100100011000110111001011111100100101101000100101110011111010110100101111101010001000011011111011001111101100110010111100000111000101101001101100001100100110100000011110100011100010101111000101110010111101001011111001111110011011110011111111000001010110111110000001000011001111001001001111100110111111010010010100111 
00101000000010000001110000000100100101011011101111101101010010111110011001111110010001010011001100110111011010000100011001101000101100000101101000100010011010011000100001001001001100001101010011111110011000101000001100001100110010001101101110001000101001101010011111101110011101100100110011000000000100000000101010111011110101011111110101010101111110000010001000110011000101001001010111001101000100100110001001011000111010101001100110010101110111000110010110001110000010000000010010001100110101101110101000100111 
10001111011100010000110110001111101100001001110000101110011111100101001011010101001011010001100001101010010001101111100001110100110100111001110010001000101111100001010100101010010001111110110001100100000001100111111101000011001000101100111101001001000001000011010110011010111100111001111100110110100100111111110011011111010010000100100100011011011111101110111111010100010101101011100111110100101000011101111011100001100000110110111000110011001111101111101100111001010100011101101000010001111111110011110000100011 
01010111001101010111000100100100010111100001101100000010110111011000100001000010000010110101101101011000000111000000110100010110010101000010100011100000100010011101110111111000100100000111100110111000010101101100100001000100001010001010000000001100011010000101001001000011011111101010000111000001111001110000010010011001011100011100010111101101011100110100100011001111100010110111101100001101100100001100000101011110100111101001000100101101010001110101110000111110100000001101110011111110101110110010000001110111 
11101001110000101111010000101000111001111001000100100111100110111101010001100111011010110111111101000101111001011111101100101111010010100011100000100000100101011101110010011101101010010001000010010000001000110001011000100000100000100010010000100000010111110010001010000110101110000010010000011001010001000001101000011010110000010010000011011110110100000111110011101111100100110100100100011101111101001011000111100001001011110011001111111011001010000001110000000111001010110100001101010110111111110010100101111011 
11101001010011011100110101111001101010001100101000111111100001001000000001110000100011110110010000001110010001101101110110111111111010100011101100011000110110001110100010100100100110010110001000011011110101111111000011011100010011011101000000101011011011010110010101011100000101000110000011011011100110001011100110001010100100010100000101101101100110001010101101101110110000001000001100010101011000010011110100011011111010101010111010111100111000000010100100011010011010010100001101010100010100111100110100000111 
11001011011001100000101110111001010011000011110100000100010111011010111001101001101110101001101010101110111000101010110011011111000001000010011101100011000001011011100000010000100111111100111100101101100110001001100000001011010101001111111100100010111010101000000001001111001010010101100110111011100011000100101110010101001100001101011101111110011110011001010000000111000110010010101111001110111100010110000100000101111010110101010101010101111010100101110001110110111011011110001110111000100101010011010101000001 
00111001101101111100010101001111100101001000000001000111101001110011100000111011011001100110001001111011100101010001011000101000110100011000101001010100011011101001110110010010110011101110100101111001010100101000011010000100100001000001001110001000110111000011111010111110111100110000010010001100100101111110101100100011100010110011010111101101101110001110111111100111111100101000100010000110110010111100100110001010100001111011101111101001101100011101010011111100010010000000111000111011110010110100111111111001 
11000000011110101001100011101010010000000111110110001110101110000101110001100101101101101000001011000011101100000111110111010010010100010101101000110001100011100000010100111110111100000110000010011101000001111111100110001111011011110001110001000101010110010111000100011111101011111011100110111000000110101010001001101101000011000010000001001110010101011111011101111010000110000000110010110010001010000110000101000100111100100011011111001111011111110011000101001010010011101010110111100110101100101000011111111011 
10000111111001110010000100000110010011000100001111110110110000011100100101000110101101010000111111101111110010011110001001101111110000010111110011010000000111100101001001110011101101011011111011001100011001010110100110001001111011110101110100001001100101111011010101110000111001001001000110011101010100011000001100101101001010010111011010111110001100001110001100010111111110110100010010011010000100010110100101011100001001110101111011000111100001110000101110101101111111110110001111100100011101111011010001011101 
11111010000000010000011010011110001010011111110101001111101101000000110111101011100111000110011011111001001100100010000111011101101111001011101111101010101010010100101101001000001000011101111111011000011110011000011110111111000001000111010010000011111101111110000101010111001110101100110010010001001100000000110100101011001011111011011000111110011110010001110001011011101000001001001010011100101110000101111101010111101111000110010001111010100001000010101000100100110011001111111111100000011100000111111101000001 
10011101001001010100111101000011011110111001100110001011011010101111000111100100011011100011111001010111100001110110011101111111000100010000011100110100000110010101110011001101100100011011111111000110000000100110001000001100011001110100011000111000001001100110011111110000111101110010100000111100110110100011111001011011000011111010001000000110111110101111110111111110110001111111111100010011001001000000001111000110101110101110001010100000001110000100001000010100011111001110010111100100001001010101100001101111 
10011111001011100100000000000011100010010011001011011010000101010100000111100000110010000100111100110110111000100000110111000111110110101110110011101101001101000001110101111101110111110000100100101010110111010011011001001000111001010101111110011010001001111101000011100001000010110011001101000000010011100001011011101011111010011101001001111010110011000011111010011101000111100111010000010000111111010010101101011010111010011011011010001101100111000100110010010111010110001100111100110001101001001001111001101111 
00000000000000101011000010000101100110110000101010101000110111110010011010100100110100101000101101000000010010010111011011010101000011001110111111010111011010011101100100001011001011010011010011001011010101100000111110001111011111000110101011010011010101100111000100101001001001001100001001110100110010001110001101111001101100010011001011100010010011001101111101111011111101001011011111011000010100001100101101000101111101111100010100110001010001011001110101110011101101011010001010011110001110010011110111110111 
10000000111000001101110101000011110110011110000010000111011110001110111011100011001010101100001100100100110100001110000010010010101110001001011010011101110111101001101101001010011010111111010000010010101000110011010010000011010100001100100011111011010111001111101011011000001100011010001011111001110111100101011100111110101001000010011000000011010011001011011110110110111010101011100000010011101000001111100011110100111100101010011000101010111100011000011100110100101000011101101110000001011110010111010101101011 
00011110110001111101001000010011110100001110100110010010110101110111001011011100111000110001100011100000100000100000111010000000110101011011100000010011001101110111101110000010110010111100101100011011011100100101011110100101110001010011110010011101100100001101010111010010110000000011110100100011111100000101101001101010101001000010011110111000001001101111110010011001110011000011100101010100100001101110011110000110010010101000000001001011111111111101011000001000111101100111100100101001001000001010011111101011 
11001000001100101000000010001101111001001010010101111001100100001111010010101011100110001000010110101010001011111101111010000100001101110100111000000100100100110110000111110000010010110001100111101111101011011100011110001000001011110001100011011011000011000110000110100111000000010110011001111000001100011001110010110101101111010100000001101000011111001111000111010110110010111010001111110101001100010101000100111011010100110001100010000110001000010001010110101111100111110001011001111010100101001111100100110111 
11011111100010001000111100101010101111000000011110010101100011100000111101011001011111110010101111101110010111100010001001000100010101011100100100001010000110001001100110100101001001000011010001011000000100111111101111001100010101100100110100110010001010100110011001101010101100011000111100101100111011001100001110111010001110000111000010010100101001010101110110101110110011001001000100011000100000000111110110000000010110101011110011111010100110110111010000001101000111111001111110011010000100001000111111000111 
10001101001010100111111010011101010000110111000010101101000110110111010100100000000011000010100000001011110110001010110110111010110001001010110001100110101111101101101010010111110110010101000111001000111101000100011010100111011001001100010010000011101010111011110111101001100000111101010001111001100100100000100001111111001001001111100101001101101010101001101011110101001111110010110010100111101001101001101000000100000111001100111111011111101011101101010001101011111110001000100110100001110100000100011110111001 
11101001110000101111010000101000111001111001000100100111100110111101010001100111111010010111111111000111111001011111101100101111010010100011100000101000100101011101110010011101101010010001000010010000001000110001011000110000100000100010010000100001010111110010001010010111101110000010010000010001010001000001101000011010110000010010000011011110110100000101110010101111100101110100100100011101111101001011000111100001001011110011001111111011001010000001110000000111001010110100001100011110111111010010100101111011 
10111000110111101110000111001010011100000001110111100110110100011011101001001011100111110010010110011100000000001001110000011100001010001110101100111111110111010111111101000011100101100011010101111001001111000010010100111011100110010011100011110010101010110001100110011101000100110100101011001100011111001111001100111011110110011011110010001001000110111111111110011100110000110110110101011101111101111010100011110110101000100010010010010010001010101000001000011100010011111100101010001010100110010101001110000101 
00000110101000100101010000010001111101000011110100000110101011001011000000001011010110001001010010111101011111001001001001010110111000111100101110110101101001010000101010110100010100011111000010101010100010000111001111011010011011111000101101101011110010110010110111110001100100000100000100101010001001001111100111110110010100110101000010101100110111110011111100001111000101101000100111001100010000000000100110101010011100010011011101010011111110111100100101010111001110110000001001011000000001000011101100000101 
01110011101001000010010110001010100110011000000110110011011111011110111011100000010001001010111001001101011011010001100111011111101001100100101001001101101001100000001001101001100011011010001100110001011101111110101010110001001100110001111110101100011011000000100100111100100110001110111001111010101000010001011110001100010000000101111011000011101011111101101111111011001101101101100011000101000001101100110010111001000101001111111110011111010110110101101100100111110100110100001000101010110101110110011111100001 
00100110000111100001000100000111110101000101001100000101000101001011100111001110101101000110010111110100001010101001011101010110001011010100000011011111110111001101111010010001101111000101101011011110110000100000111101000001111110010100110110011100000110111000101111100100011010010010000101010011011011011000110111000000101001001001000111011000100101000010101001000001111010100101100100111100110111101001001110010000111111010101101111010011010010111010111010011010000001110101101100110000001010010111010101101111 
01111110101111101100001001010011001010110101000101001101010010110110100011000001010101010011001100101010000111010110011101000100001001100110000010001000000000001101010001010101110100101000111100010011001001110001011011111000010001011101111111111111101001100001010001011011111110000001110111011100001110100110010110010011010011000100101101110001010010100000100110111011100010100110110100011010100011110000110111100010111111001100010011010111010000010100111010110111100111000001000100100000101000111110010000011001 
10011101111000001100010011011001000100110000001001101101000000100001110111001011011000010010111101101000100101100110011100011100110100110011100000000000000111101110010100010101010001101101101010100100000101110000010011001100110101010110000101111111011001011010110100000010001011000101000011001001000110000011000110111110110011101000000110001011100101111101100110100100101001010010111101101010110101110101011010110110100001101101111110111000011000010000001011100110100101110101001000001111000000010001000011011011 
10000001110000111111011011010111110100101000000011011011011000010011011011100111101101101010101110011001000001011000100001100001100110100011111110100011000010111000110010111101111110110100111011110011101010000011001000010000101111101100001101110110100110111000100011011110000110010001001111010000000000110101000111011001111001001101011000010001010001000000000001110110111001100100010110101011011100100010011001011001001000111100101101011100000001011101110000000010010101010010100000111000000101000001010101001001 
01100010011010110100110110010000110010111010010101110001101000001111001111000111001100101010111010000101010100001001100100000000001010110000110010110000000111101110010100010100010001101101101010100101000101110000010011001100110101010110000101111111011001011010110100000010001011000101000011001001000110000010000110111010110011001000010110001011100101111101100110100100101001010010111101101010110101110101011010110110100001101101111110101000011000010000001011100110100101110101001000001111000000010001000011011011 
00100111100100100001011111001100111010011110110101010101011001001111111001110101000111111000110110100101001111111010110101010101010110100101010001101010010000100011111100010111011110010100100000011110011100010111100110001101011011111001110001000101010110010110100101111101010001000011111111010001111101100110010111100000111000101101001101100101100100110100000011110100011100010101111000101110010011101001011111001111110010111110011111111000001010110111110000001000011101111001011001111100110111111010010010100111 
01011111011001101010110111101111111000000011110110101111110011100111001100001110111011110110010001100101001111111010110001110000001101011001110101101010110111011011011100011001100001110011111110101010001010010011100110100101000001101110011111011011111001110100100000101001000001011010011101000001001010001101101110110111111110000010000111110101111101000100011111110100101010111111110011000101111110110001111100001101100010000000111001001101110001010110000000101110101100011101101100101000001010101000110011110001 
11101001110000101111010000101000111001111001000100110111100010111101010001100111011010110111111101000101111001011111101100100111010010100011100000100000100101011101110010010101101010010001000010010000001000111001011000100000100000100010010000100000010111110010001010000110001110000010010000011001011001000001101000011010110000010010000011011110110100000111110011101111100100110100100100011101111101001011000111100001001011110011001111111011001010001001010000000111001010110100001101010110111111110010100001111011 
11111111110001000111000010001011101100110001001101010001011000011100000010101001011110100010101111000100010100100011101011000101111001110001101100001011010011000011001000001101111110100011111110111000010011000100111000101111110111110000011010110110100111000111010011111100001101001010000100101111000110011101011101110110101001010111001000010100011011010110101101000011111111110011010011111100101010100111111001110101001101101011111010110111001101011110001010110111011110011101111101111111111010000111100110101011 
01010011011101010011000100100100010111001000101100000000010011010000100001000010000010110101101101011000001011000000110110010110010101000010100010110000100000011101110111101000101010000101100111111000010101001100100001010100011010001010000000001100011010000101001001000011111111101000100111000011110001111000000010111001001101010100010101001101011000110100000011000111000010111111101101001101100110001100000100011010100111001010000100101110001000000001110000000111001000111100001100011110111111011010100101111011 
00011111011111110111000111110000111001111111111011111110100101101100111011001010010001100110110010111010001010101000011000000001101000101101100111010111101011101110010001111000111111011011111001110111110100101011111001001011111011110010001100011110101100100010111111111011110100110100110110011111100011010011001111001110010000101111100011011100110111001100000011001100100010100000110001110111110001101100010101001110011010011101001101100110001011110010001000100011110001111010110101111100110111010010011001100111 
01101111001111001111010111110100011001101111101011111110110101111111110010011010010000100110110101010110111101101110011100010010001001011000111101101110010100101110111111011101101001011000111000100011100001110101011011000100011100001101011111011000001011011001100011010001110100000010001101101010011111000110100010001110101100011001110111110001010110111011000100101100001110110100011001111111111101110110101001001111111111001110001001001010011011111001010110011110111010101000110101111010010111010100110101101111 
00001111011111101111010111110100101001101111001010111110110101011101110011011010000001100110110100000111111100101110111100010101111001110001101100001111011010000111101010001101111110100111110110011000010011000100111000101111010011110000111010110110101111000111010011011100001101001010000100101111000110111101011101110110101001010111001100010100011011010100101000000011101111111011010001111110101010001111111001110100001101101011110010100101001101011110001010111111011110011111110101111111111010100101100111101111 
11101001010011011100110101111001101010001100101000111111100001001000000000110000110011110110010000001110010001101101110110111111101010100010101100011010110110001110100011100100100110010110001000010011011111111111000011011101010011011101000000101011011011010010010101011100001101000010000011011010101110001011100010001010100101010100100101101101110110011010101101101110110000001000001100010101011000010011110100011011111010101010111110111100111000000010100100011010011010010110001101000100010100011100110100000101 
01010011001101010111000100100100010111100001101101110000010111011000100001000011000010110100101101011000000111000000110100010110010000000010100011100100100000011001110111111000101100000110100110111000010101101100100001000100001010001010000000001100011010000101001001000011011111101010000101000001111001100000010010011001011101011100010111001101011100110100100011001111000010110111101101001001100100000100000101011010100111001001001100101101010001110101110000111110100000001101111011101010101110110000000001111011 
11101001110011011101110100111101101010001100101000111111000001001000010001110000100010110110010000001010000001101101110000011100001010001110101101111111110111010111110101000001100111100011010101111001001101000110010100111011100110010011100011110010101010110001100110010101000100100100101011101100011110001111111100111011110110011001110010001001000110111111111110011100110000110110110101011101111111111010110011110110101001100010010010010010001000101010001000011100010011111100101010001010100110010101001110000111 
11111111110001010111000010001011001000110001001101010001011000011100000110101001011110100010101111000100010100100000010000010110000100000010100011010000100000011101110101111000111110000111100011011000010101001100101001000100011010001011000000101100011010100101001001000110111111101000000111000101110001110010100010011001011101011100010111010100011100110100000001001111000010110111101101001101100100000100000101011010100001001011000100101111001000110001100000000111001000111100101010011000001101100010011100000101 
01010110110011000111000110100100010111000001101110100000010101011000100001000011000010101100001101001100000111000000110100011110000100000010100011100000100000011100110111111000100100001110100010110010010101101100110010000100101010001010000000001100011010000101011001000111111111101000000111000001110001100000010010111001011100011100010111000101001000110100100111011010000110000000000010110010001010000100000101000100111110000000011101001111111111110011000101001010010101100001001000001111000101010011111011010111 
01010111001101001101010111110100111001101111101011111110110101111101110011010010000001100110110001000111111100101110111100000101111001110001101100001011011010000011101010001101110110100011111110011000010011000000111000101110010111110000111010110110101011000111010011111100001101001010000010101111000110111101011101100110101001010111001110010100010010010111101001000001111111111011010001111110001010101111111001110101001101101011110010100101001101111110001000110111011110011101110101111111111010100111100111101011 
10111010001100000101101000011100101000000110001110111001100100100000100111001110011001111111110111000100111010010101111101101011100110001010110011100100110001001001111010001001000100111000000000010011000000101001100010000110100001101001101000101111100010100111010111100111001100001010001101100100010011101111110000001001001111110101111100001110101001110011011010010110011010110100000010010100010001101100100011111110011000101001011111000011101000100011111100111010111010111100100101100011011110001100111011010111 
10111000110111101110000111001010011100000001111111100110110110111011100001001011100111110010010110011100000000101001110000011100001010000110101100111110111011101001110110010010110011101100100101111011010100101110011010000100100001000001001110001000110111000011101011111100110100110000010010001100100100111110101100100011100010110011010111101101101110001110110111100110111100101000100110000110110010111110100110001010100001111011101111100001101100011101010011110110010010000000011000111111110010110100111111111001 
01000010011101011110000111110100110001101011101011101110110101110111010011011010000001100110110101000111111100101010111000010001111001110001101100001011011010000011101000001101111110100011111110011000010011000100111000101111010111110010111010110110101111000111010011111100001101001010000100101111010110111100011101100110101001010111001100010100011011010110101101000011111111111011010001111110101010100111111001110101001101101001110010100101001101011110001000110111011110011101110001111111111111100111100111101011 
01010111011100010011000100100100010111000001101100000100010111111000100001011010000010110101101101011000000111000000010000010110000100000010100111100001100000011101111111111000111110100111100111011000010101001100100001000100011010001011000000101100011010100101001001000110111111101000000101010101110001110010000010011001011101011100010111011100011100110100000011001111000010110111101101001101100100000100000101011010100011001011000100101111001000010001100000000111001000111100101010011000001101100010010100000101 
10011000110111101110000011001010011100000001111111000110110110011011101001001011101111110010010110010100000000101001110000011100001110001110101100111011111011101001110110010010110011101100000101111011010100101100011010000100100001000001001110001000110011000011101001110100111100110000110010001100100100111110100100100011100010110011011111101101101110001010110111101111000010110111101101000101100100000100000101001010110111000011000100101111001000000001110000000111011000110100101010010000001001100010110100001101 
11001000111001100000101110111001110001000011110100000100010111011010111001101001101110101001101011101110111000100010110011011011000001000010011101100011000001111011100000010000100110111100111100101101100110001001100001001011010101011111111100101011111010101000000001001111001010010101100100111001000011000100101110000101001100001101011101111110011110011001010000100111000110010000001101001110111101000110010100000101111110110101111101010101111010100101010001110110111011011110001110111000100101010011001100000101 
00000110101000100101010000010001111101000011110100000110101011001111000000000011010110001001010010111101011111000001001001010110111000111100101110110101101001010000101010110100010100011101000010101010100010000111001111011010011001111000101101101011110010110011110111110001100100000100000100101010001001001111100111110110010100110101000010101100110111110011111100001111000101101000100111001100010000010000100110101010011100010011011101010011111100111101100101010110001110110001001011011000000001000011110101000001 
01010111011111010011000100100100010111000001101000000000111111011000100001010010000010110111101100011000000111000000110100010110000001000010100011100000100000011101010110011000101110000111100111011000010101011100100000000101001010001011001000000100011010000101001001000001111111111000000110000101110001110010000010011001011101011100000101001101111100110100000011001111000010110111101101001101100100010100000101001010100111001011000100111111001000000001110000000111001010111100101010001000001001100010110100100101 
00001111011101101111110111110110111001101111100011111110110101111101110011011010000000100110110101000111111100101110111100010100111001111001101110101011011010000011101000000101111110100011111110011000010011000101011000101101010111110000111010110110101111000101000011111100101101011010000100101111000110111101010101100110101001010111001101010100011011000110111101000011111110111011011001111110101110100111111001110101001111101011110010100101001101011111001000110110011100011101110101111111111010100111100111101011 
00101111011111001101010111110100011001101111101011111110110101111101100010011011010001100110010101010111111101101110111100010010001011001000110100101110011100100110111111001001111001011001011100110011100001110100011011000100111100001101011011011100001011111101100011011001110100000010001001001010011100000110100010011110101101001001110101110001010110111100011010111010011101100000101001110100110011110000010011101000101111001100010011011101000000010101011010010111101111000101001100000001101000110110010001011001 
01001111011111101111010111110100111001101111101011111110110101111101110111011010000001100110110101000111111100101110111100010101111001110001101100001011011010000011101000001101111110100011111110011000110011000100111000101111010111110000111010110110101111000111010011111100001101000010000100100011111100000101101001101010101001000010011110111000001001101111110010011001110011000011100101010100100001101110011110000110010010101000000001001011111111111101011000001000111101100111100101101001001000001010011111101011 
00011110110001111101001000010011100100001110100110010010100101110111001011011100111000110000100011100010100000100000111010000000110101001001100000010011001001110111101110000010110010111100101100011011010100100101011010100101100001110011110010011101100100001101010111010010110010000011110100101111000110111101011101100110101001010111001100010100011011010010101101000011111111111011010001111110101010101111111001110101001101101011110010100101001101011110001000110111011110011101110101111111111010100111100111101011 
00000111111001110010000100000110010011000100001111110110110000011100100101000100101101010000111111101011010010011110001001101111110000010111110011010000000111100101001001110011101101011011111011001101011001010110100110001001110111100101110100001001100101101011010101110000111001001001000110011101010100011000001100101101001110010111011110111110001100001110011100010111111110110100010010011010000100010111100001011100001001110101111011000111100001110000101110101101111111110110001111100100011101111011011001010101 
00100010011101011110000111110100111101100111111011111010110101111101110011001010000000110010110101000111111100001110111100010001111001110001101100001011011010000011101001001101111110100011111110011001010011000100111000100111010111110000111010110110101111000111010011110100101101001010000100101111000110111101011101100110101011010111001100011100011011010010101101000010111111111011110001111110101010100111111001110101000101111011100000100101001100011110001010110111011110011101110101111111111010100111100111101111 
00011111011111110111010111110000111001100111111011101110100101101100111011001010010001100111110010111010001000101000011000000001101000101101100111010101101011101110010001111010111111011011111001110111110100101010100001001011101011110010001101011110101100100010111111110010110100110100110111011111100011010011001111101110110000101111100111011100110111001100000111101100100010111101010100101010111000111011010001110000100010100001011010000101000011011111011110000011110101100101100111010010111111100111100011111011 
10000110111110101101011000001001000110111101011001011111010100110111000111001110001100011101000010011001111100000011111010011011101110100111100101011001000001111100101000000010001111011000101011101001111101011001100001011100001111011111011110100110010100000010110101111100010010100001001110110101111111110001110101010111101000000111111101010011110011101001111101101100011010111011101101111111000100110001100111000111010111100011011101000001001010111101000011100111001111111111101001011100101110001001111100010101 
00001111011111101111010111110100101001101111011010111110110101011101110011001010000001100110110100000111111100101110111100010101111001110001101100001111011110000111101010001101111110100111110110011000010011000100111000101111010011110000111010110110101111000111010011011100001101001010000100101111000110111101011101110110101001010111001100010100011011010100101000000011101111111011010001111110101010001111111000110100001101101011010010100101001101001110001010111111011110011111110101111111111010100101100111101111 
00001111011111101111010111110100111001101111101011111110110101111101110010011010110001100110110101011001000001011000100001000001100110000110111110100011100010111000110010111111111110110100111011010011111110000011001000010000101111101100011100110110000110111000100010011110000110010001001111010000100000110101000111111001111001001111011000010001110001000000000001111110111001100100010110101011011100100010011001011001011000111100101101011100000001001101110000000010000101010010100010111000000101000001110101001001 
01010111001101010111000100100100010111100001101100000010110111011000100001000011000010110101101101011000000111000000010100010110010101000010100011100000100010011101110111101000100100000111100110111000010101001100100001000100001010001010000000001100011010000101001001000011011111101010000111000001111001110000010010011001011100011100110111101101011100110100100011001111100010110111101100001101100100001100000101011110100111001001000100101111010001110101110000111110100000001101110011111110101110110010000001110111 
11100111110011001101111100000111100110000111001010001110000010100100010000100111001101101110101101010010011101101101111000111110110110100001001110011111010101001101101110111001101100100100011001111000111000101001011011000010100001101010110110011100011010110011111110100101101000100100011011010110100011101001010000011010111110011010010001000000011110100111110001011001001100001001001010011110111110010101111101010111101111000110000101111010100001000010101000100101110011001111111111100000011000000111111101000001 
00011111011111101111110010110000111000101111111011111110100101101100111011001010000001100010110101100101111100111110111100100010001001011000110101101110010100111100110100011100100001011010001000011011110101011111100011011100010011011101000000101011011011010110000101011100000101000110000011011011100110001011100110001010100100010100000101101101100110001011101101101110110000001000001000010101011000010011110100011011111010101010111010111100111000000010100100011010011010010100001101010100010100111100110100000111 
00001111011111101111010111110100001001101111001010111110100101001101110011011010000001100110110100000111111100101110111100010101111001110001101100001111011010000111101010001101111110100011110110011000010010000100111000101111010011110000111000110110100111000111010011011100001101001010000100101110000110111101011101010110101001010111001100010100011011010100101000000011101111111011010001111110101010001111111001110110000101101011110010100101001101011110001010111111011110011111110101111111111010100101100111101111 
01010110011101010011000101101100010111000001101101100000010111011000100001010010000000010100100101111100010101100110011100011100110100110011100000001000000111101110010000010101010001101101101000100100000101110000010011001100100101010110000001111111011001011010110100010010001011000101000011001001000110000011000110110000110001101000000110001001100101111101100110100100101001010011111101101010110101110001011010110110100001101101111110110010011000010000001011100110110101110101001000001011010000100001001011011011 
00101111001111011111010111110100011001101111101011111110110101111111110010111010010000100110110111000110111101101110011100010010001001001000111101101110010100101010111111011101101001011000011000100011100001111101011011000100011000001101011111011000001010011001100011010001110100000010001101101010011111000110000010001110101101011001110111110001010110111011000100101100001110110100011001111110110101110110101010001101111111001110001001101010011011111001010010011110111010101000110101011010010111010100110101101111 
00001101111000011100010011011001000100110000001101101101000000100101110111001011011000010010111101101000100101100110011100010100010100010011100100000000000110101100010100010101110001101101001010100110000001110000010011001100110101010110000001111011111001011010110100000010001011000101000001001001000110000001000110111110110011100000000110001011110110000101111011101111100101110000100100011101111101001011001011100001001011110011001111111011001010000001110100000111011010111100000100011110111111000010100101111111 
11001100001100101000000010001101111001001010010100111001100100001111010010101011100110001000010110101010001011111101111010000100001101110100111000000100100100110110000111110000010010110001100111101111101011011100011110001000001011100001110011011011000011000110000110100111000000010010001001111000001100011001110010110101101111010100000001101000011111001111000111010110110010111010001111110101001100010101000100011011010100110001100010000110001000010001010110101111100111110001011011111010100101001111100100110111 
10011101101000001100010011011001000100010000001001101101001000100001100111001001011000010100111100101000010101100110011100011100110100110011100010000000000111101110010000010101010001101101101000100100000101110000010011001100100101010110000001111111011001011010110100010010001011000101000011001001010110000011000110110010110011101000000110001001100101111101100110100100101001010011111101101010110101110101011010110110100001101101111110110000011000010000001011100110110001110100001000001111000000010101001011011011 
01010111011101010011000100100100010111000001101000000000111111011000100001010010000010110111101100011000000111000000110100010110000001000010100011100000100000011101010110011000101110000111000111011000010101011101100000000101001010001011001000001100011010000100001001000001111111111000000110000111110001110010000010011001011101001001110101110001010110110110011010111010011000100000101001110100110011110000010011001000101111001110000011011101010000010100010010110011101111000101001110010001101000110110010001001011 
01000010011101011110000111110100110001101011101011101110110101110111010011011010010001100110110101000111110100101010111000010001111001110001101100001011011010000011101000001101111110100001111110011000010011000100111000101111010111110010111010110110101111000011010011111100001101001010000100101111010110111100011101100110101001010111001100010100011011010110101101000011111110111011010001111110101010100111111001110101001101100001110010100101001101001110001000100111011110011101110101101011011111001100011010000101 
00101111011111101101010111110100011001101111101011111110110101111101110010011011010001100110010101010111111101001110111100010010001001001000110100101110011100101110111111001001111001011000011000100011100001110100011011000100111100001101011011011101000011000110000100100110000000010110011001011000001100011001110010110101101111010100001001101000111111001111000111010110110010111100001111110101001100010101000000111011010100110001100010000110000000010001010110101111100111111001011001111010101101001111100100110111 
10011101101000001100010011011001000100010000001001101101001000100001100111001001011000010100111100101000010101000010011100011100110100110011100000000100000111101010010000010101010001101101101000100100000011000100111000101111110111110010011010110110100111000111010011111000001101001010000100101111000110011101011101110110101001110111001000010100011011010110101101000011111111110011010011111100101010110111111001110111001101101011111010110111001101011110001010110111011110001101111101111111111010000111100110101011 
11111110110001000111000010001011101100110001001101010001011000011100100010101001011111100010101111000100010100100011101011000101111001110001101100001011010011100011001000001101111111100011111110111100010101110000010011001100100101010110000001111111011001011010110100010010001011000101000001001001000010000011000110110011110011101000000110001001100101111101100110110000101001010010111101101010110101110101011010110110100001101101111110110000011000010000001011100110110101110101001000001111000000010000001011011011 
10000100111101110111100100100000101111000111011011110011001000101010100101010001010001100111010010011010001011101000011000000001101000101101100111010101101011101110010001111010111111001011111001110111110100101011111001001001011011111010001101011110101100101011011111010011110100010110110110011111100011010011001011001110110001001111100011010100110111001100000011101100100010111101010100101010111000111011011001011001100010100001011010000101000011011111111110000011011101100101100111110010111101100001101000010001 
00011111011111110111010111110100111001101111111010100110100101101100111011001010010001100110110010111010001001101010011000000001101000101101100111010101001011101110010001111010111111011111011001110111110100101011100011001011111001110010001101001110101101100010111111110011110000111100110111111111100011010011001111101110110000101111100111111100110111001110000111101100101010111011011100101010111000111011111001010101100110100001001010000101000011001110011110000011110101100101110111100010111110110011100011110011 
00101111011111101101010111110100011000101111101011110110110101111001111010011011010001000110110101010110111101101110111100010010001001001000110101101110011100101110110111010001101101011001111100100011100101110101011011000100011000001101011011011100001011011101100011011001110100000010001101101010011101000110100000001110101101011001110101111001010110111100011010111110011100100000110001110101110001101100010101101110011010010101001100110110001010110010001000001010110001110010011101111100011111010100011001101011 
11101001010011011100110101111001101010001101001100000101000101001011100111001110101101000110010111110100001010101001011101010110001011010100000011011111110111001101111010010001101111000101101011011110110000110000111101000001111110010100111110011100000110111000101111100100011010110010000101010011011011011000110111000000101001001001000111011000100101000010101001000001111010100101100100111100110111101001001110010000111111010101101111010011010010111010111010011010000001110101101100110000001010010111010101101111 
10100001100101000111010101001101100011001100011010010011000100011000110111011010000001111011001110000110001110111011111010001011010000100010000010000100001001000100000100011110001100111001100111100001110001011010001011010111111011010001110101100001000110000010100011000101001010100101110011011001111100000101101111110111001110000110100011001001110011101101000000011111000100011001001000100001101000001111101000001110010111100011001010000000101100011010111011111100101100001011010011110111110111100011110101000011 
10000000000000101011000010000101100110110000101000101000110111110010011010100100110100101010001101000000010010010111011011010101000111001110111111010111011010011101100110001011101011010010110011001011010101100000101110001111111111100110101001110011010101100111000100101001101001001101100001110100100010001110001100111001101100010011001011100010010011001101111101111011111101001011011111011010010000001100101101000101111101011100010100110001010001011001110101110011101101011010001010011110001110010011110111110111 
00011101111000001100110011011001000100110000001101111101100000100101110111001011011000010010111101101000100101100110011100010100010000010011100000010000000110101100010100010101110001100101001010100100000001110001010011001100110101010110000001111011111001011010110100000010001011000101000001001001000110010001000110111110110011110000000110001011110100100101111011101111100101110000100100011101111101001011001011100001001011110011000111011111001010000000110100000111001010100100001100011110111111010010100101111011 
10000001110000111011011011010111110100101000000011011011011000010011011011100111101101101010101110011101000001011000100001100001100100100011111110100011000010111000110010111101111110110100111011110011001110000011001000010000101111101100001101110110100110111000100011011110000110010001001011010000000000010001110111010110101000000111111101010011110011101000110101101100011000111011101001101111000100110001100111100111010010100011011101000001001010111101000010100101001111111111101001011100101110001001111100010001 
10000010111110101101011000001011000110111101011101011111010000110111001111001110001100011101000010011001111100000011111010011011100110100111100101011001000001111000101000000010001111011000101011101000111101011001100001111100011111011111011110100110010100000010010101111100010010110001001110110101111111110101000111011001111001001101011000010001010001000000001001110110111001100100010110101011011100101010011001011011001000111100111101011100000001011111110000000010010101010010100000111000000101000001010101001001 
01010011001101010111000100100100010111000001101100000000010111001000100001000011000010110100101101011000000111000000110100010110010100000010100011100000100000011001110110111000100100000110100110111000010101101100100001000100001010001010000000001100011010000101001001000011011111101010000111000001110001000000010010011001011101011100010110001101011100110100100011001111000010110111101001001101100100000100000101111010100111001001001100101101000001110101110000111110100000001101111011110010101110110000000001111011 
00001111011111101111010111110100111001101111101011111110110101111101110011011010000001000111110101000101111111101110110100010110001001011000110101111110110100101100111111011101101001011001111100101010100001110111011011010100011000001101011111111100011011010111100011010001110101000010001101101010011011000110100010001010101001111001110100110000010110111000011010111110011100100000100001110111110001101100010101001101001101101111110010100101001101011110001000111111011110011101110001111111111010100111100111101001 
01010111010101010111000100110100010111000001001101000001110111011000100001010010000010110110101000001111110100001010110110111010110001001010110001100100111111101101101010110111010110010101000111001000111101000110011010100111011001001100000010000001101010111011110111101001100000111101010001111001100100100000000001111111001001001111100101001101111010101001101011110101001111110010110010100111100001101001101000000100000111001100111111001111101011101101010001101011111110001000100110000001110100010101011110111001 
00001111111111100111010111110100111001101111001011111111110101011101110011011010000001000110110101100110111000111110111101000101111001100001101100001111011010000011101010001101111110100111110110011000010011000100111000101101010101110000111011011100001000011101100011000001110100000010001101101010011111000010100010001110101101011001010101110001010110111100011010111110011100100000100010000111101001101001111001110111001101101011111010110101001101011110001010110111011110011111110101111111111010000111100111101011 
11010111011101010011000100100100010111000001101100000000010110011001100001010010000010110101101101011000000111000000010000010110000100010010100011100000100001011100111001001001111100101010000011111000010110100110101010000100001011111001100000110111011100101010000001010010100110000010101011000001011010101000000001010100101010000100110000110000000101101001100011000010101111110000000001011110011011011000011010010001110010110110111101110011110111000000111111000010010001010000100000110010100010011100110011001111 
