10101110011101110011101011011101111011111101011101010001110100010111010011110101110011111011110111100100101011011010110000111101100110010010101011101111110101101111100001101010111111111001111110110000000111111101011111010001010100001010101010110010100100001011010010110100001011011100100110111110011001111101011110010010110010101100100111101111011111101010110001100011110101111100101001011100110100111001111001010011011100101010111001010010001011011101111010111101101010111000111110011111000001011001111101101101 
10010101010000101000101000010001010001011010111110010000000110111000001000010110101110111001001111100001000011011000110100111000111000101000010001001100001011010000010110100010001001011010101001001000000111100011001011000011100101101000000111010011111000100000000110000010101110000001101000110100010001001011000010110001101011010010101110000110010010000000010011101001100100111001100100111110001010110001101110000001000110011010000100001010000001100011111111001100101110001111011010000010000010100110010000011001 
00010001111110110100001111111111011100101110111001010111110110000010000111101101100100010001011011111101001011101100011011001010011111111101001010010111101110111100010001110011011011011010111011110101111011010100001110111000001001111011001100110100111110100000001000101001001111110100100111111100111010000111000111111110010001010011110111011001011111111101110111100011111101101100111111011001011011110111101010001111100011111100000111101110011010100111001110111001101101100110101111001111100110000000111001101111 
10100101111010110010001011101111011100100110011011010001111010000001100111101111101001000001000111111100001111001110001011011110001011011011101010000011100110110110001101110011111000011110111111101100011011001001000111111001000011011011101101111100111110000100011000001001001111110000110110011110111010010111100111101110000001000110110111001000011111011111110110000010110101111111111101011111011011110001110110111111100010001111100111101111011011111011001110101111101111001110001111001100101110001000101001111111 
10110011101111100010100011011011100110100110000010011011101011111111100010010111110001011011111110001000100001001100110100000101101110010010111101111001111110101101110010110010011100011111111010101111111110011000001111011101111100101111000110110001101101101011110111101110101010110111110011101111111000011100100010110110011101010110011101111011110110001000010011101000101111101011111010001100110011010101111000010111001111100101000000100111110111111011011000011011111110110010110111110101100101000101011101011101 
10001101000110111000000010011111011010010100000011001111110010111000011000111011000001000110111011000111011100011011010101101010000111100000010000000011001100010100011111011010010110001000000110001010011100111010101100110000011010011011100000001100101001011001110101100001010000101011101011000100100000010010000010011101011100010000101001011010010001100001000000010010000011001110000111011010000000000000111000010011100101010011100010100011110010110100111000001010101000001000100110100101101110010010000011011001 
10010101010000001000101000110100001101011010101010000000000100111110001100010100001010001001011100101011101011011000010100110101011000101010010001001110011010011010010100100000001011011010100001011001010111111011101011000011000101100000100111010010110000100000010110000010101110000001101100111101010001001001000000100000001101000000001110000110100010110000010011101001100100110001101100111110101010110001111010000000000010010010010100001010000001100011111111000100101110001011010010011011010010100101010000011011 
10010101100010001000101000110001010001011000011111110000110110000000100101011110100111110001001111101010000011010000100110101100101001101001010011001111101001010101000110001001000011011010101100001000010001100011000010010111000110101100000110010010111000101010011110000000111110000000000000111101010001100010010000100101001001010010101100010110111011100010010011111001100000110011100101111110000011110000101100010000100010001010001100011010010011100011110001000100101100001011011010010000100011011110010000000001 
01111001001110001001001101101110001101001000000011010111010000110110010100100100001100100001110111101011011001100000001011111001100011010011010100010100000111111000010000010000101101100111110110001111100000010000001111011011101101101111100011101100101110100000000000110111001101101111011010100011101010101100011100101001100010011011110100101010011110000100111100100010011110000110100111100100100000111010001000111000010100001101010100000101011110101110011100001101100001011000011010100001100000111001101101101101 
10011101100010011010101100110001010001001010011101100100110100000000100111011010001111110001100011001011000011010010101010001100100011111001010011000111101001110101000110001001011000000010111100001000010011100001000010000110000110101000000110011110111010101010011110000000100110000000000000111001010111100010110001100100001000011010101100010010100011101010110011011001100000010011100101011110110011110000100100010000100001001110011100011010110010110011100101010110100000011111111111000000101011010110110110000001 
10110111011101110000101011011001110111101101011101010001101110001110000001101100110101011011110110101101001010001010001000001101011110010010111110001111111100101101100011101011111001101001011110010001010101110000011110111001110100101110101110110000000100101101110001111001000011111101110110111110111011111111010101100010110001000100010101101111010111111100110001100111111101100101111010011100110100110001011100000111000100101000100100111011101011010101001110011101001010101000011111001111101100011000111111111101 
00110000111110110110011111110111011100100100111001011111110110000010000111101111101100010000100011011101010011101100011011101010111101111101001010010100110110110100010011111110011011011111111011110110011011010100001100101000001001111111101010011101111100100011111000111001001011010101100111111100101111110111010111111110110000010011100011011000011111101101110110110011111100101100111111011001010011010101101010000011100111010000101111101110111010100101001100110000101101100110101101001111101110010010110101101101 
10111111010101110010111011011101101011101101011101010001111110011110010011110101110001011011110111100100101010001100000000010101010110010010101011101111111101101111100011101010111011111000011110110001000111110001011110010001110100101110101110110010100100101001010011111000000011011101110110111110111001111101011100000010110010100100110111101111011111111110110001100011111101110000111010011000100100100001011001010011000100101110100101010011001011010101011110111101101010101000111111011011100101011010111111011101 
00000011011000001111011101111111101100000110011011001100001001110010000001001111100111101000000100100100000011101010001100100110111110110011101010110010101100110000010010110010101101001100100100101001011001110000100111110000011011011011111010010101001110111101000000101010000111011001001100011110111010100001010000000110111101000101000001100110001111011010010111111110010111011011011110001111100100101111111101001100010010110011001000101100010000000010111111001110000100000111010100110000100110110001010100011011 
10100110011111111000101101111000110110101101011101010001001010001100000001100100010101011011110100001111101010001110000000101101011110000110111110101110001000101101100011101011111001101000011100011001110101110000011111111001100100111010001110000010000100101001111011111001000011111101110110010110111011111111110101100010111001001100011101101111010111111100111000110111111101100100101010111110110000110001010100100100000100101111100110110011101011010101001101011111011110101010001111001111111001011000111111111111 
01111101111111110000001011101001001010101010011001000001110110110010100111110111100010011001111111110101011111100110001011001110011011011011001010110101100110111110100001011001111001111000010001011111111011011000101100101000000001011111001100111100110100100110011000000001001111101110110111011010111010010011100111111110001000100011010111101001011111110111101101000010110101101111111111010011010001110001011010001111100101111100010001101111010011010110001110111101001110001111101111001101101110101000111101111111 
10100011010000000011101001100010000011001000100110111001000010100000101100111011100010110010011100000010011011011000110000110010000111100111010000010111001001100101011101101010000100001010101010111010101010000111010000011111001100101001110010001010101010010101110110000100110011000011101100110100010101101100010001100101000000010011001011010101010011010011010011011001100100100001110011111011001010011101101100100000110100110010001110100011000111000100011000000100110000000011011000000001010000110110001100001011 
01000101001101111010111111000110001101100111011110101101011111100101101001111010110100110001000101011011110010001001101001011110001011011011101110101111010001111100100100011111001011010101110100100010101110011111111000001111000111100111101001011101110000001111000000110111110001001101010101100011110010110000001011001010011001010010111101010000011010100101101001010001100110110001000111110010011011100011000111110110111011011010100111110110111100010110010110000001101000111011000001101011000000010011111101100001 
10010100010000111000110010010001010001110010100101111100000010000000000101111110101011110011001101101110000001101001100000111000101000101101011001010101001001000101110010000101010000011010100001011001000101100111000010000110001110101000100110110001111000000101100111001101101011000001100101110101010101000100010110101000100100010011001110010100011000100010010011011111011100111001101110111010001011110101111100001000100111110010111010111010011101010110101101001100101110000001011111000000111010100110010110001011 
00111010101110001111111110100000110110000010001110000110010001100110010110000000110010000110000011011110111111010100110011011110100010110001101011101010111000101110110101100010100000110111111010011011011001101000101111101101111111110100101001111110101101010010000101001111010101111011011111100001111011001110111110110001111011000011001100111011001011011101110010000001011011001111101010010111010110100001011111010000011101000101010111011101011010010101010010000011111100111111001001110000001111110111001011001011 
10011010100001010110011111110011010001111001111110101001110011001011011111000011110101111001001110111010101011111111000100100111111111111011101011001110110110010100000101111100010110100100100001010111101110000101101000110101101101010110010001110111010000011000111111111000101110110001101111111010111110011001001001010100011100011000011100111011011001001110000111010011010010101100011101010110000000111110010110100100000110100111011011111010011011011001110011101111010000101110001111101011001000000100000011111011 
10010000001100010100000000000000010001010110100011100110011011010001010001101101110011000110110100000100110100001111111000101010001000100001010100101011000011000110010011001011000111000011100111000001110100011111110101001001011100011110011010011101101011010001010001010011011001111101000111001011110010110100000000010001111100011000010000110100000111100001111000110011000101100000000010111100000001110111110011110111100100100010000101100111110010100110101101011101011100011000101110101000001110100000011011011011 
01010001101111110000110001001000010111010000001100000010110101010010111010001011011100011000111001101010010111110011010110001001000000001011111101001110110010111101111010111111101110001100010010000010010100101001011001010000010110001111100110111001111001000100000000000001101100111000010001010010001001011111000111011011001110110001010011001011011011110011001001110010011101001100010111100111110010100000001110101101010100110000000101010101000110001010111101101011110100011011101110110010000010001010011101001001 
10100001011011110000100011101000110111100100001011011101110000000110010011110100000001010011100000001101101000101000001101110101110110000010110100111101111110100001100001101000111001110101101111011001010001110001011011100010011110001111101010111000100110010001011011111000001010111100100111000110000010101100010101110010110111110110010101100100001101111001001110110111101000100111111110001100011001010001110100010001100100011010000100100100111111110101000110010001001000101010011101101011001101001100111111110111 
00001110110111100100101010101111111111010010011111000111010111011011010100111101000000010000001000101101100000010011100100011011110001000101010100111100000110000111001110111010100111000110011100001011110011011101001000111110100000011111011110010111010001111011100011000100110010110011110101110101100111010011011110101001010011111000011011001000111010110110110011111101101101100010111011101101010101110111010101101110010111010001011111111001110010010100010001010011110110011111100110010010001010111000101110110001 
10100011011010000000010110110011100011001011010111000001101110100011001010110111010111100100111110011001110110100111111000100001000101000101100111011000111000100101100100101101001001001111111010111001000011110001010001010110011110110101000100011110100101100011111011111110001100100010100001111001111000100010011011000110100100111010110010001111010011111001011010101100000011010000000010110001100000101011100101101001100010001101111010100101001101000000011110100101011100110100100100100100100001100111111100011111 
11110010100100000000100000011111000110110000010000101010011010011001011101111001000000110010010110000111011100101110010011001011110110100100001010101110101001011100000111010100000001001001010000001010000100000110001000001010001000001011101111111101011001110111010101010001000000100001010110010111000010010010100000000100101110110110101001110110011101001001111010010001000010100100000011111000000000001100011100000100001100000010100001110111100110100110101000001000000001001101100010001001111101000010011011111001 
00000101100111011011011000001011010000000100100101010101000110010000010101111010001011101100011001000111000100111011010111000010101001111000010000000011011100100000000001011011010100001011010111001011011000111000101000110001001000010011000101011100111011101101110001110001000000001011100111000100000000110001000010001001000100011110101011011100110000000101101010011110100100000110000010011110000000000010011000000010001010010011101001000101111000011100001111000110001110011110110110100101100110010010001011100001 
11110101101100110100011001111011110101000110101001010001110010000110010111101111001000010101111110111101001011011100101000011110001111011010001000000101011110001100100111100001110001010011011110011001000011100011011100011001111001000111101100111100111110101100111001000001100011111100110101011000110000011101000111110010100000100011010111101101010111101110100010010011111101101110111111111111100110100001011010001111100101011100100111111111111011010111001110011001101110001111111111001111101100101000111000111111 
01100011110011111010110001100010101000011111010111000000001010001000110000101101000000011010000101000000011111000001100100110001000100111010010011011100100011011011101010000000101101111000111100000110000101010011001110010110011011000010000101001000101010010010010101100001111010100100000000101110100100010100001110010001011101001111100101101100100110000001011101010111100101101011101001001101010001010100011110110000100000100011001100000101011000000101101110110101000001011001000110010011000101100110100110010011 
10010111100000001100101000110100011001011100001101110000110101011000000101011110100110110001001111101110010011010101100110101100101001101000000011001100101001010101000011100001010001011010101010001000010001101110000010010101110110101110001110001010111000100000011000000000111110010001000000011101010011100011010010000101000101100010101010010110111011100010001000001001100000100010100100011101010101111010101100010000101111111000011100111010010111110011100011010100001100000010011011010100100011111110010100000011 
10110101111110100100001101111111010101001100011001010001110110000110000111101111101000010001111110111101001010001100101001001100011111011010001010000101111110101100100101110011111001011010011110110001110011110110011110111001100001000011101100111100111010101100111001001001000111111100110111011110111010010111000111110010100000000111010101101101010111111101110010010010111101101111111111111111100110100001011000001111100100001100100111111111111011010111001110011101101100001110111111001111101100001100101011111101 
10110011101101000010101011001001000110100111101011011010101010111110100010010111110101011111111010101100100001001100001100001101101110010010111101111001111110101000100010010010011100100111011010100100111111011000001111101101100100101111000100010001101101101011110111111010001011100110110010101111111000111100010100101110110101010100011101111011110110011000010011100010101111101111111010001100110001010101011100010111000110101001001000100101111111111011011100010111101010110010010111110110100001001101111101011101 
00000101100110111011001010011111011010010100100011011111110011010000011100011011001010000100011011000111001100111001010111101011000011110000010000000011001100010100000011011011010110001000010101001010011000111000001000110001001000010011100001011100101001011101110101100001010000101011101110000100100000111010000010001001110000010010100011011010010000100101101010010010100101001111000010011110000000000000111110000011001100010011101000000110110010010100011000001010101011011110100110100101100110000010000011101001 
00110011101001001110101111000100010110101100001110010110010111100100010010100000110110001111010011111111111111000110101111011111100010110001110001101010100010100100110111110010100000000111110110010010101101101010111111001111111101110100101001011110001110000010100100001001110100011011010011110001111001101111110110010101011011000011011100111011110101011100101010100000010101011111101010000011001000100100011110111100001101000001011101011100010010011101011001010011010000101111001011111100000011011100001111111011 
10100001000011100100110011001000100111110100101011110101111001000100010010011100101001010011110000010101001000100000001101010001100101000010110111111111111000101001110000100000001110110101101111000000000001010001111000101010010000000110101010101100100100010001011011111000000010101000100011000010000010101110110000110111100111111100010101101100011101001000111110110001101000101111110110001100100000010001010100000001000110111110000000100100111111100010100000010001101000111100011101011001001111001000010111100101 
00101000010111010011000111110110101110011110011110001010100010001011100111000111001001011111001010100111011100111000011001100011111010101110011111011000011101101011111000001110100100111111101000001011000111100001000000111011110110001000100110010110001111001110000010000010010110000100000101001100000010011110111010111001001101110110001100010100010000100011000000000100001111000001010010101011111100000011001000011011101010010110111101100010111010101111001100011110000010110111111110111001011001101100000111111101 
01010100001001100010101111001111010100011111010110101111001000001000110001111010111111110100010011010001000001010011101001100111011011011000101011100110011111111111101110111110110111010111010110101101111001111111110011101010011010000101111111111101110010011111100100101111110001001011111110111011011101100011010101000010011001011011111100000010111101110110100101010101110000001010100111011101010001000101100010111111011111010001110011110001000000100100010011111101010110011110100011010100000001000110010101111101 
01010110001101001000000000000101010011000110100011101110101010010100000101011010100110011111000010000110010111011111011101110111001001100001000100111000001001001010001000001011000011010001000001101110000100011101110101000010011101011101001001101101100101000101100001011010101011101101011011000110000000001101101000001000010100001100101000111110000101011011100100110010000000100110001011111100101111001111110000110111110100110100100110001111010000100010101110001111100000001101100100101111001001110011000011011101 
11011011100101101101001000011100000110111101001100100011111001101101010001001001110100100001110010010101000100000111110101011101110000100000010001100000010010011101100000100011101010000010010010110000010101101100100100111001001110111001000000000011110011001001101111111101001010110010000100101101111010100011001001110000000010110011001001111010010101001111001011011010000001011110100000110101001100110000110011000011001101111000101100110001000000101110001101001111110101100010010010100111111011001011100111101111 
10010100001100010000000000000000010011010110100011101110011011010100010001101011100011000111110100000100011100011111011000111010001101100001000100101010000011000110011011001011000111000011100111000100010100001111110101000001011100011011001010001101101011010001110001010011011001001101101111000011110010110110101000011001011100011000011000111010000111101001101000110011000101101110000010011110000011010111110000110111100100100010100011100110110010100010111100011011111100001001101100101000001110100000010011011011 
10010100101100101000010000001000010110100111100010101110010000111010000101001011100110000110000010101110011110010011111101110101000101100001000100111011001001010010011000101111100111010001100001001101010000011101110000001001110101011101001001101101101111010111111011010011001001001001100110100011111000011100001000010000011110000100001000111111000101011001101100110110001000101110011010101100100111010110100101100111110111100000001001101110110010000110111111100010101100000101101100101010011111110010110111010001 
01110001110001111000111011000110111000011101010111000010010000011000001001000100001011010100101001101001111101101001101000010101100001111001010000101111000010011101101100000000000101001100110010011011011011111011001100010100011011100110100001111000110010110100100100011101101011000000000001111110100010110101000001100101111001100111011001111101011100011100101101110111001111100011100101110100000010111101101100011111010010110101100110100001011100010001100100110101000001111001100110000010101000011110000000100011 
10000111010100100010101000110010000011111000100110111000100110100000001100111011100000110010001100100010000001011000110000111010001011100111011001010111001001000111111111100000000000001010101001111000101000100111001010010111001100101001110110001010111000010101100010011100100111000000001100110101010001100100010011100101000100010011001011010100011001010010010011111011111100110001100011111011000010111101101100100000110111110010101100101010000111000100001100000100111000000011011000010010010000100110000100001011 
11101010010010111010001001100110100110010011001010001110001010000001011001100010001101110110000101100000011111010101101010000000000010001100111010110110010010001101011001000111110000011101101010011000000100111111100010001111110010011011101101111011011100111011101000000001110110101011001101000010011100111011111101011001000110111111011010111011000011000111110101101110000010010010111011110110100111000001001110101000001011000100110011110010111010000110010000111111100010010110100101010000101100110011111000100011 
10110111011001110000101011001101000111101111011100110001101110001010011001101010110101010011111110101111011010100000001000001100010110010010011111000111111100101101100011111011111101101101011110010001011001110000001100011011110100001111111110110000000100110111110101111011000001101101110100111111011011111011010101100111110000000100010001100101011101110100110101100111111101010101101010011101010001111001111101000111001110101000100100111011101011010101001110111001101110101100011111011111101110011000111111111101 
10110100111111100100001101111001010101001100011001000001100111100110000011100111101001010001110110111101000110011101101001011101000001011011011010100100110110101101101101110011111001010111011110111001010011010110111100110001000001000001101100111101111010101101111001001101000111111100110101111110110000010111010111110010110010000111011101101011010111111101011010010010111001111101111111111101100101100000010000001111100001001000100101001111111011010111000100011111101100000111111111101111111100100110001011110111 
11001011110101101101001010011100001100111000001100100011111001001111010001001010110100100001111000010101001100000111110101111101110000100011010001100000010011011101100000111001101010100001010011110001010001101100100101110101100110111001000001000011110111001001101011111101001010110011000100101101111010100000001001110000010010010011101111111010011001001101101011011100010101011110100100110111001110111010110011000011001101111000111100111001000101111110001101001110111000001001010010100111110111010010010111111111 
01010101011000101010110111010110011101011111011100101101011111000001111010111010111110100001100101001011010100000010101001001110001001001011101100100111010101111110100100111011010011100101111110101010101010011101110001011110000111100111001001011101110000011111000000110111010001001101110111111011110000110010101011001011011001010011111101010000111000100110101001010001111100110001000111110010011001100010000011110110011011011010000011110110111101010110010010000001101000111001100001101010000100011011111101100001 
10010100001100001000010000000100010011000110100011101110011010010110000101001011100110000111000100100100011110011111011001110100001101100001000100111010001001000010011000001011000111010010100101001101010100011101110101000001011101011101001011101101101011010101111001011010011001001101101111000011110000011100101000010000010100001100001000111110000101011001101100110010000000101110001011111100100111010111110100110111110100100000100001100110110010100010111110001011111000001101101100101010001111110000010011011001 
10110111011100110100101111011011110101101100011101010001100110001110000101000101110001011001110110111101001000001010001000001101011111010010111110001101111100101101101001101011111101101010011110110001110111110100011110111001100001000010101100111000010010101101110001111001000011111001110110011110101011011111010110110010010000000111010111101101010111111100110000010111111101101101111110111110100110110001011100001111100100001000100111111111111011010111001110011101101000001100011111001111101100001100101011111101 
11010010011101011000011100101010010110010100001110000001111101011100000001010011011100110101011010100001010011011111110101001011100111011100111100110011101001000110011010011001100101111000101000000100100011110011010101110010011110011000011010100100011101011100001100000100101101000010011010110011101111100010111110010010001010110011000000011110000111011100100100011000111101110100000011000010100100111010111011000010011001101010010110011100010001100111101010110111100111000111101011111011111111001100011100101101 
01011101110110011010101111111101101001000010011111011110010000000111001010100011111110001000100100110100011011000000011100101010101100110110100011001000110111110000110001010000100111011110111011010101100001110011110011100001110011100100101100110101010101100000101011010010101101011000000100100011010100110110010110110111111000000010110001100010011111101101011001101011010001100101100110101011010110000111000001010011000111010100111101111101000111110111011000110101000000010110011110110010111101000000101010011011 
01000000110000101000000001110000011011010001011110110000100111100000000101010100101110110011001110110010000010110000110100111101011000101001000001011001101000010100010110100011001100011010100111101000100001100011100010010101010010101000000100010011111001100010000010000000001111000001101010110101010001101011000010100001111011010110101111010110111011100000010011111001111100010011001101111010100001000001101110000001100110011011011010101000000011100011010010000100101100000011001010100110100010110111010000010001 
10010101110000101000100000110001011001011000101110110000100110000000000101011110101110110001001111100010000011011000110100111100101000101001010001011101001001010100010110100001000000011010100101001000100001100011000010010111000100101000000110010011111000100010000110000000101110000000101000110101010101101011010010100001101011010010101110010110111011100000010011111001101100110011100101111010000011110001101100000001100110011010001110101010000011100011110111000100101110001111011010000000100010110111010000011001 
11010100010110001001001101111100000000000000001011100000000011011101000110010010011000101001011100111011111110110110100100110101110001101010010001001010011110011010100101100000011010011100100001011001110000010001101011010110100001100000100111110010100101100010010000001000101110000001101110000101110011000001000100001000001101100000001100001100110010100010010010101001101000110001100000100100111101110000001010101100100010100110010001101110000011101001111011100101100111100011000110001011011111111001001010010001 
10100010000011101101110011001000110111110100100011010101111100011100010010011101101001011011110000010000101000110010001101010001100100100010110111010011111011001000100010100000101111101101011011000000100001010011101110101010110000100100001010110100100110010001001011100000000010101010101011001010100010101010111000100111100011101110001100100110011101101000111010110001101000001101110011001100100000010011000100000101000100111100000100100100111111000010100000000011100000111101011101011000001111000000010111100101 
10111111010101000100010000111111011111010001101110111111100111010001101110110111100110111110111110011101100010011000110001110100111100000010100000100111010010010111001011000101100000011011100010000001100110100111010001101110011110101110101110011110101001100110100001110011111011010000100000001000101100000011110010110001011000101100011001001000110010100010111111000011000111010100000000000101101100111010000100010010111010110110010000101010110100101001000001110111010011111001101101001010010110100000001010101001 
00001000110110011110011101011110110001011000110011001000001110011101100011001001010110110111101001100101110101100101101110111000010010011010001101100101100111010110110001000011100011000000111011100001110011111101001000010101010110011101011100101011000010101111001101000110100110011110100011011100011101001010010101100100001101011010111110111001001010101110011000100111110100001100110101101100011110010010100011111111101110101010111100100010000010010110111000100100011101100011101000011110111111001110011000110001 
10010111011100110000101011011001110111100101011011010010101110000110000000111100110101011011110100100101101000001000001100101101111110010010111100000111111110101100100011101010111001100011011110010001010101110000011111101001100100101111101110110000100100101101110011111001001011100101100100110110110010111101110101100011110101010110010101101101101101111000110001110110111001100111111010001100110001110001010100000111000100101010100100100111111111111101011110011101001000101010011111101111111100001101111111011101 
11110111101100011010010010101101001000110100101011011000001000101100000010000100100001010001110001110011100011101100011101010010101101011000011010101111011101000011010001010101001110010001110001000000101100000111001010110100101011010010010110001001000100111010010011101000100010001000010000111110001010100001000010000101111010001011000111010111001000011011000110101110001000000011101111111000111100111100101010011000011011111101111100111001100111011111001001001110010110100010000101010111010100010111100110000001 
10100101000011100100010011101000000001110100100001110101111101000110010010011101101011010011110000010101001010100000101101010001100100000111110111011111110100101001110000100010000110110001111111100001001000010001110000101000010100000110101110101000100110000001011000111010000110101000100011010010010010101110110000110011100011110110010101101101001100101000111100110010101000111111110110001001100000010001000001000001001110111110000001110100111111110000100000011001101000110100011111001001111111000000011101100101 
11010000110000101101100000110001101000011110100010011010111110010110001101000111101001011011111111100011101101000111001001111110101110111100101011111101100110100100110111100010011101111101110000111000101100100001000101111101111011100001011011111001101111111001100001101001110100110101110010100001110110110111011111000011010000101110001101010100011111010000100101000001001000100100100000011110101000111101111000010100111001111110000100110110111100110011111011010111100001000001010100110111101111011101110111100011 
00110100001011110100011011101001001110001111011001010011100100110111100100010110101000101011111111110101011111010110000011011110011000111001011100111111101101111101100011101101111001011110000011011101001110011100001110101000000001011111111000111000010010110100010111001001001111101010110111011000111011011111101001011011011000110110010111101001111111110101101100100000111100111111110110111011010001111101001010000011100111110100110001111111010110010110111110111101011100111011001111101101100110101000001101110101 
01110100101111110100011011100001001000101111011010000001100110100111100000110110101000100011011111111101011101010111001011111110011000100001011100111111101100111111100011101100111100011110000111001101001111001110001110011010000001110111101100111001010000110100100111001001101110101010111111001100111000101011111101011011000000100110010111101101111111110101101110100010111101111101110110111100110001111100011010000011100111110100010011111111010010110110110110111101011100111011001101101101100110101010101101110111 
01011000110110010001000101100110110001111101100010001011111100010010111001010010101001100110111111001011111101010010110110101101001111011100011110111001100101000110000111000010111010001100010001110001110111111100011110000101010101101101010100101101111001100000101010100101110110001110001000100010111100000001100111001110011010011101101010001110011100010100011111100010111001010001000100010110001010011000110101110110011111110100101100110110011001010100101011111100000001110011111001110011000001000100010011101001 
01110001000011000100111101001010101110010110010001101100111001001100010010001100001000011011010000000111001000100100101101110010100101001100110110110101111100101101110001100010000110110101101111000000100001010001111100101000110001010110101010001100111000010001011011110000010110100000100010000010000010011110110000110111100001110100110100101100111101001000111111110101101000001111110100001100110100011001010100000001000110111100000000100100100111000010111010010001101000101100011101010001001111001000110111100101 
10111100011100110100010001001000010110010110101011100000101000111110010000000111000011100111110000000110011010011110011000111111001110110011000100100111010011000100101001000010100001000001000011101100000100001101011001000011001100000111010011001101000011000001011001010011111001001100001011000011110000111110111101001011010110010010010100001011101011101001000010111001000001100010010010010110000011000001010001110001100101100010100011000110100110110011111100110010010001000001101000000100011101100001001001111111 
10110100011011010100011100011000110101100110100010100011001001011011001001010000110000011101100111100001000001101110110111100000010010011011100011001000110010011011110100001000111000110110101011001111001001100100011101101001011000111100100111001010001100011100001010101111111010010001111101101101101011011101100010100101011010101111001110100100111001001011111101100010101101000101010101000100111111111111110000100011110111000011111110100001011010110001000110100110010101011110011100000001101110101111111110111011 
01010001011000000000110111010010011101010110001110101101111111000001011000011111111110111000110111011011010111000000001001001100001001001011101110100110010101010110101100101001010001100101011110101000101110111101010001011010000111110111001111001101010001010101000000111110010001001111111010011001110000110011101010001110001101110011011101010110111000010110101000010100100101110000010101110011011001100010000001101100011010011010100011110101101101110110011000001001100000111001100011111010010100110001111000100011 
10110111010101000100010010111011011011011001101010101111101111010001101110110111100111111100111110011101100110011000110101110100111000000110100000010111010010000111011011000101000000011011100010100001000111100111010001101110011110011110101000010100101001000110100001110010111001011000110000001000001100000011110010000000011000111100010001001000110010100110111111001010000111010100000000000001111000111110000110010010110010110110010000101010101100101001100001100111010011111111101001001010010110101000001010000001 
00111100011101101001101111101101110101001000011101100111010011001000111010000011111001010111000001000000001001110011000100101011011011101011110110001101011001101011100101000110101001111111010100110100101011111111100110001001010101000111100111010111110001110001110000000011111100111000110100100110110100111101100100000101010000110110010011110001100110110110110011011011010000110000101101010000100110001000101101110101011100101010110110110000001001111000100000111111111011011010011101000101011011111111001111001001 
01010100010011111110111001011111010100110111101011111011001010001110100110101010000010101010101111010100001101000000101110100111011011001000111001000101010111001101001110010111100110100011100100001101001100101110001011101000000010110010101111000100100010100001101011010000110101111111111000010001101111000101000010011110111101000100101101101100011101001010111000001011111011001010100111111110110111000111111111100100001110111010111010110011000110111101011100111000011101001111101000001000101100101010100011110101 
10111011101111001110111110000000110110000110001110001110010010100110010010100000110010001110010011111110111111000000111111011111100010110001101011101010101011101100110111110010100000110111110110010010111101101010011111101101111111110001101001011110001110010010100101001101010101111011011111110001111011101110111110010101011011000011001100111011100111011100111010000001011001001111101010010011010010100000011110110000001101000101010111011101011010011111011001000011110100111111001001110000000011010101001111001011 
00101111010111100011111110111001001111100101101000001000110011101010110111010001110111110000001001111101110001101101111110100000101111101010001000011100100111101011101111000011110110001001000100101011011000110010111011001010111011111110101111100000110001111001101010010111110101111101101110000000111110001010111010111001111001110011011011001101000001110000111101010000111001001000010010111110001101110100111111100001111101100111011110011101001100010000011001011101001000101010001000111001010011010010110110111001 
00110001100010011010001111100111111010101110011001010011100110000011100101101011101000000111011111111101001001011101001110101110010111011110111001010101101100111010000001110001011000011010000011110100111011010000001100111100100011111101001100110100111110100100001000001001101111110110110111011110111011001111000110110010010000000111110110001100011111011101111111000011110101101111111011011011110111110011011010001111000110101100000111101111011111110111001110111001101110101110101111001110101000000100011111101111 
10101110011101111001101011010101110001111001001101010001110100011111010001111101110001000011111111100100101011011010110000110010100111110100110001101111111001101111101001110010101011010001111111110100010001011101011101011011010100011010101110010010110000001011010010110100000011110100100110111110011111110110111110010001110010001100100011101111011111101000011011110010100101110111101001011100110101111101011001110111011000111010111000010010000111011101110010111101111010111000111110011011000001011001111001101101 
11011001000111000000001111111110100110101010110000001100101011100111001100011001111111011111100111001100010111101011100011101101011000111101000011100011011000000000101101110001010110000010001001100011011110011001011100010101101100110100010001110111111001111000110010011111000001001110110000000110111010001101011101100000000101100100010011001101000010011011110011000101011110111101011010110011101110111000101111001000001110110011000111110011110011000111100111100110100001000011010100010101111110000010011110001001 
10101111001001111001101100111110010111111011010101000100000001101100011101101001101000100000001111110100010101100010000000001100101011111001110010000100111011100000110100001100001010101001001011011100011011011100010001010001011010100001001000101010100000001100100111000111110110010011101111000010010101001100111011110001110001000101101100001011111100011100110100011110101100001010111010001110100100100010110111001000011001101101001110110001110000110001001100101110111011001111000101100010011111001111001010000001 
01010100001001101111111111001111010100011011010111101101001101001000110001111010111110110000010011000011000000010011101001100011001011011100101011110110011111011111100101110010110110010101010110101111101001110111110011111010011010000100101101111001011001011110010100011111110101001011111111111001011101110011011011000010011101000001111100000010111100111110100101010001110100010010000111111000011001000100000010110100011111010001010010110010100111110100010011110101110010011011100011011110000001101111010111111101 
01011101110110010110010001111011001111000010111101011110010000100111001110111111101100101110100001110110011111100000110001110110101100101010100011000100110001110001110011110000100110011110010010011101111101000111110011001011111011111000111110101101111100000000111010110010101110011000001110000111110100110101000011100100111001100000110001100010111001001101101000101011110101101001101110111011011000100110000011011111000101010100110111111001101111110011001001110101100100110010000110111000011000000111011000011101 
01111101010110010100010100111010110101100000101101000010111001001011101100100100111101010010111001001001011111110001100000101101100101001011001001011010001100000011110101001100110010100111011100110110001101101110000110000000011100101100000110101111010010110011001110000100010010101000111111100010111001111110011010111001110010010111101111101101010101111001001011111101000111111110001100011011001001110001010011110111110011111100001101011111001000110010011100001100101010101110100011111110100011010001110001000111 
00000001101100001101011110110100010011110100100000010110001101111110100111111100010000110010110011110010100010000110100000110110010010001010100000010010101001110110000111000001011100110011001111100001000001100011011110011111011000111001001011101100001100011000011010000101000001000001000010100011011101100000011100010101100011001111001000110101011010100000011010001001010000111010101000101101011010011000001010001101011011110110100011000111010101111011101100111111100010011100000101111101110011110000101100111101 
01110111001111010110001101110010010010101011110101101011101001100101110101001011110101101111101011111000110110111101111001110111110101010100101000111000010111101110111101011100001101110001011100111001010011001111000001011101001011010110011000000100010010111111100110011110001011010101010011011110111100011011010001001000111001001011010001001101011110000001111011001100100011100001111111001100101100101011100011001100110000000001010000100010111111011100001111010010100100010111110111100111101010001010001010100011 
10110100110001011000101110110001010001011010111111010000101110111000000000000100111110110001001110101011001010011100111100101000111010101011001000001000011011011000011100101110001100000010101001001000000101100010011111010001100101101010000111011001111010110010001110000110100000001011101000110100011001001011010010010101101011010000101110000110010010000000010011101010100110010001000001111110001011110011001110000000000010011010010110001000100000100011101111101100101110001111011000000010001010100100010001111001 
10010101010011100100110111010000100111110000100010100100011001000100010011011100101000110011110000010101001011110100001101110101100101000010100111111011111000101001110000100000000010100100101111000011000000010011111000101000010001010101101011111101000100010001011001011001000010100100101001100110000010101010010010010111100111111100110001101100011111001000011110101001100000001110110110011100000000011001100110000001000110111110100000100100111111100010100001011001111001001100001100011001001110001000110111100101 
00101111010111100101111110111011011111100001101000001000010010101000111011001010110111110000001001111101100001101001111110100000111101101110000010001100100111001011101011100011001110001001000100101011011100110010111011001010111001101110101101100000110001111001101010011101110101111101001110001000110110001110111010111001111101100011111011001101000010110001111110010000111001101100010111011101001101100100110111100000101111000111011100110100001100110001011101111100001000001010011100111111010011110110111010100001 
11100011110010100101000011010010010011000111011111110011011110010101001110111001011100010011100100000111111010110110010001000100001011111011011110100010101110000111001110101001111001011011011011101011100101111011101011101100110100100000000001111101011101000011010110111000100011001011010101001101110011011010100011001001110011010011000011000001011101111001000001011010000100001000010110100100110110111000100001001011110100111111001001010101101010010011100101000101100000100101011101001000011110010000001010011011 
01110100001111111001011011000010111110010011100001101001011100101111100100101101000101101100100010011110101101001000100101000101111110010101101100101001001011001101001001011111010011000000011010110111000011001000010011111101100110000111010100011101001110100000111101011111110001111010111001011100110111100011110101010001001100111111011100110001001011110010011110001110001000010111001010000111101011001110001110011011101111111100111010100010010000101011010010000010100000010011010101111000110010110011010101001111 
11101010111111011011011001011001111011101010000011000011111001110110101000100110111101010001110110101000100101110100100111110000111100011000101100111101011111101101011110010001100011110101011001111000110011101001101011111100001111000011110110111111110100100010010100111100010111100001000001100000110001000011101100010001000001011110100010010100110000110001000011110010101101100111101100011100001100111110101011011011010001001001101101101110110101100101100011000100000010100110100110011000111001100010011000010011 
11100011100110101001100001110010000010010111011111110011011101010101001110111001011100010011100110000111111010110111011001001101011101100011011110100010101110000101001110111001111101110011011010101011100100101110100001101100111000100000100101111001001101000010010010111000000011001011000101001101101011011010000011001101110011010111000011000001011101111001000001000010010100011010110110110100100000011010100001001011111000011111001001110101101001010011100101001101110000000101010100101000001110010000001011010011 
11100000100010101100100001110010101010010100001110000011010001010101011110111001011000010011100110000111111010110011011011001111011101100011111110000110100010000101001100101001111101100011011010001011000100111110101001111100111000110001000001111001101101001100010010001000001111001010101101000101111010011110000011011101010011000111000011000001011101111001000001000010010100011010100111100101011010001010100101001011011010111101001101111101101001010101101100001100110110000101000110100000001110010000001011110011 
00110011101001010010101111100100110110101100001110011110010111110010110011100101110110101111010001110111111101000110101111001111100010000111010001101010101010100110110111110110100001000111110110000011001101101010111111001111111101010100001001111110001110010010100100011001111100011011011011110001110001101111110110110101011011000011001100011011110101011101101010110000001101111111001010000111000000010100111010011100001001001111011000011100010010001111011001010011010000000111001011111100001011011110111111111011 
11111011100100100000100000000101010110110100000000100010011111011101111001111001000001110010010100000111011100001111010001101011110011100001011010101010001001000100010011111100000101001001010001001000000100000010101000011000011000001011101111111100001011101111010101000001001100100101010111000111100010010010000000001100111110011010101000010010000100001001111010010001000010100100000100011000000000001100011100010100001100010010101001110011100110100110111000001000100110101101100000101001111100000010011011011101 
11010101100010101000101000110101010001011100111111110001110010000011100100011110110011111001001011101000000011010000100110100000101001111001010011011110101001000101010110000001010011001010001100101001000001000011000100010000000010101100010111110100111100101000011010011100111010000000000011111101011001100010110000100101000001010010000001010111110001010010010011010001100000110011100011100110000011110000100000010000110010001110011000011011000011100011110100001100101100000011111010101000100010011110010000000001 
10101101000011101000110011101010100100110100101011111111011001010100010010011000100001011011110000010101001000100001001111010001100101000010110110111111110001101101110000101000001110110001100111001000000001000001011011101001110100000011101010100100000100011001011011011101100000100000100011010000000110111110110001100011101111111100010101101100001001001000010110000001101000101111101011001100100000010000010000001001010110111100000100100111011111101010101001110000111000101100011110010001001111000000000011000101 
01110111001111010110011101100011010000001011110101101110101001100101100101001001110111101111001001101000111110111101111011010111100101011100101000111010011101001110110101011100001101010001010100110101010011000111100001011101001000010110011000000000010010110101101110111110001011010000110011111110111110001011010011101000111001001011010101001101011100010000111010011100010011100001001101101100001100100011100011000100110100000011000000100010101101011001011010011010100111010111110111100111011110011010000010000011 
00101010101110101011111110100001100110000010001010000110011100110110010011000000110010100110000011111110111111000100111011011100100010110011001011101010111011101111110101100011100000010111001010011101011001101100101111101101111110110111011001110100101101110000100100001011011101101001011111100001111011001110100110110001111011000011001100111011000001111101110010000001000011001101001010010111010110100001011110010100000101000101010111010101011011011101110000000001011110101011001001110100100111010101100011011011 
10010101000001010000011010111101010001111010100101111000000010110010100100011110111011110001101000100110000001100000100000011001101000001101011001010101001010010110111010101001110000011110100001011101010111101011100000000110001110101011101110111001111001100101110111001101101011000001100100110101011111100100110110111000000100010011101100011111011000100010011011011110001100111001111111111011001011010111011100001001100111110010111010101010011101010010101000001100101100000011011111000001111010100010010110011011 
10010101010000111000110010010001010001010010100001111100010010000000110101110011111001111011001101101110000001101001100000111100001100100110110000010101001001011001110010000101000000011110100001011001110101100111000010000010001110101000100100100001110000010101101111001011101001000101100101110101010111000101110110001000101110000001001110010101011000110011010010011111011111111100100110011010001011110001111101001000100111010000111110111010010101110110101101011100001110000011011001000010111000100110010101001011 
