00011001110000111001010100100110110010101111011111110101001011011010000001011100001100000000001101101001110111000011101111011001110110111001001010000110010011010101010100000110011011100001011000110000010010001111011011111011100100111101010100110000011111001011011010101001000101111010011000110010011111111101100101110001111001100010010111000000111101101010001001101100100001101001011110101001111101000001100101010101111001101010110101010110000111110110101111111101001011111101100011111111111001110111010101111011 
00001110101000000011101000101011110000010001111110111010010011100101110011100111011011000000111101010000010010011111000100010010010010011010100010011001111000000100011000001000100110111110101100011011100101101110010011001001001100111100101001000001100010101000110010110101011111011011101011011000010011000000011100001100101111011011100111110110010011011011110001001111011001101001101000010111100110000000001110100100011011011011011101110100110010011110000000101100100010100000000001000100001010110010100000011110 
00001110101000000011101000101011110000010001111110111010010011100101110011100111011011000000111101010000010010011111000100010010010010011010100010011001111000000100011000001000100110111110101100011011100101101110010011001001001100111100101001000001100010101000110010110101011111011011101011011000010011000000011100001100101111011011100111110110010011011011110001001111011001101001101000010111100110000000001110100100011011011011011101110100110010011110000000101100100010100000000001000100001010110010100000011110 
00011001110000111001010100100110110010101111011111110101001011011010000001011100001100000000001101101001110111000011101111011001110110111001001010000110010011010101010100000110011011100001011000110000010010001111011011111011100100111101010100110000011111001011011010101001000101111010011000110010011111111101100101110001111001100010010111000000111101101010001001101100100001101001011110101001111101000001100101010101111001101010110101010110000111110110101111111101001011111101100011111111111001110111010101111011 
00111111001011011010100000100110110111010110001011111101110000110101000001110110000000010011100010100000111101101010010001110010100011001011111000111100010110101100000001010101010001011110101011101010010011111111101000000001010111111011111110011010101011110101111000010100111110101001100101000100011001110101100101111010111111101100010101110100100011111010111101010011100111111010100110101111011100101001001000110101101111000100100010111011000101101000010011101001001010100010100101010101010011010010110101101100 
00111111001011011010100000100110110111010110001011111101110000110101000001110110000000010011100010100000111101101010010001110010100011001011111000111100010110101100000001010101010001011110101011101010010011111111101000000001010111111011111110011010101011110101111000010100111110101001100101000100011001110101100101111010111111101100010101110100100011111010111101010011100111111010100110101111011100101001001000110101101111000100100010111011000101101000010011101001001010100010100101010101010011010010110101101100 
10010111011010001110111111011110011100100011111110011011000100100001001001111110000111010011110110000010111101110111101110010110001100011111100110110011011010000000100110000101100101000001000110100011010111110010000101110110011000110000110011101101111101010011011010010111010010001000010000001101010010101011101111011101100101000101001101000011001010100000001101011100000001111100110010101010100000110010111001011110111000110101110011000110000001001011110010000001111010111010011011100010110101011101011000000100 
01010010010001001010011010111000010101000000111001000101101111001101011011100011000110010001010000011110001101000000011110000001110111100110000111100111000011101001001010111100110101111111000011000011001001101100011011011010101101100010111100110111000101011001010010111000111101010111010010111101100000010101101110111011011100010000011000010110001001000100000001000110011000111110100101010110011111011101101001000001101010010011111101001010000001000110010111000000011011000001101110010101000011110000100101000101 
00001000000010101110100000010111100001101011000001010010111010111011010000111111010001001100101101001110101011000111000011011100001011110011011101011011001110001011010011010110110111011111110101001011111011010100111110011111101111010011010000010101011001011011100101001111101010011101010000110111010010001000101000100101000110010111101101011100011101000110011100010001001100000011011101100110000101100100001110010000110110101111000111111010111111100110000101110011111001101011000010111001110101010111001011001001 
11101110111011000100111100110001110011111100001100110010001001100001110101000011010011001001101100001000011000101110011110000101010100001010100010110101011001001000011111100101000000111001000110000101111011111110111000011001101100110000101101011010010100000110101110000101101100001100101001000001101010101001010111001011001001011011111110000111001000100011000111001110010011001101010001011011010011101110011011111010111010000110011110100011110111001011001100000010110101010100110100111011101000010101101101100101 
01000010001011100100101011100010100110000011000110011110101101001110011100100111010100010011000000000100000100100001011010101100101110010011011110100000000001010011111101110101001101110101111101011101111111001110010111100001100010110110100011000000100111000110001000010001100101110110111011011111001100101101001110111000000100000000101100001011000000101001111001100110110011001000111010001001101010001101100011101100111110100100011111111011101101000111100100011100011110101100011000010001100010001000100010010010 
11100001010011001111010000001010100000010000100010101000110110010111100000111100111001111100111100000001110011000011011000100001101110100010001011011000011001000101101111011100100100001000101010001110110101101101001001111000001111110101110100100101110100010100101001001110100101100010000110111010101101101010001110011111111101100010111100110110110101111010000101101100111011101110001011111110101000111100010100010010010001100000101010001011011100100010000111011100000100010110110010011111101110001001001000010010 
11000101001000001101011111001011001010100111010001011001100111010111010110111101010011111000010010110110000111001101000111110000101111011110011111110101110011101001101001011111010011011000001010110010110010101001110000010111100000001011000110011100001011110000001010100000011111101101010001010100001100010111111010010001011010011010101110011100000111100100001000000010001001001110000011001000011000100111010011011101101110010110011111000001100001000000000010101010000100111101010100010011000010011101100100011101 
00101000100001101101110100111110011000110111101000111101101000110010101000001000100110100010011101001101011100111000110100100110011011111011011000110011000000000101000101111011110101010111100101101110010111011111111010011100011100011010100101011100010111011100011100000111101000100100000101000010000001101111001100010011011101011111011010100110000111111110010011101101011101011000011011111010010101001100011111000001110000000100010110100100001100110110011100100000000110001100101111101111001001110000011011010101 
01010010010001001010011010111000010101000000111001000101101111001101011011100011000110010001010000011110001101000000011110000001110111100110000111100111000011101001001010111100110101111111000011000011001001101100011011011010101101100010111100110111000101011001010010111000111101010111010010111101100000010101101110111011011100010000011000010110001001000100000001000110011000111110100101010110011111011101101001000001101010010011111101001010000001000110010111000000011011000001101110010101000011110000100101000101 
01101110010110101011100000011000111011011001001011010111001111001010001001101010101111100001010011000100101100011001010110001000101111010101110101010010100100100000011000110100000101101000100010101110101010010111111010010100001011100111101001100100110100101010011101011101100001011000010101101001010001101010010001110000010011101100101000100100000011011000001001110000010010111001000010100111110101001011000010010111001110001010101000101100100111010111111101000001101110010110010101110101101111011110100100111010 
11000001111001011110100000010100111100000101101110101010000111100011001010001111000100000001011011100101001101110110011011111011110011110010111101111111011111111110100011111000001000111100001111001100100100111111010010010011011000010000111101000111000000001110111101100011100011100101111100001010011001110101001011000000010001000011010011110010101110111011101000011100011110101010110011110110011100001100100010100001111001100000101001111110010000101000101010110011100010001101000001100101011011111010110000011111 
01010011010011001101001000001011100101100010001001100110001010001011110000111001001110111010011100100010010011010100111101101001100100011011000011110011100111011001000101010001110000001110101010011010100001110011011000000011011110000000001010110100100110111101110011101001010001110000011110110110001111111101110100111010111110010010111111110010010011110000110011111111000010101110101000111000101110110111101010011011100101000000100001001010111000011010011000111101100011100101111011000011111110100101000010111001 
00010101011110110100001000101011000111000110111101100001110111000000111000000000100111101110001001010010001100111001010110100101101010001001110010110101111000100001100001010001110101101011010011100001111100001111110001111100011001110010101100000110110001101001000101010000001010011010111000010100110000000011111001000010011100110001110011110011000010110010001000111110000110110001110011011111001011110100101100011100111110111110010101110101110000100011011001101010111001011100001110110100100101010111000000001010 
00010101011110110100001000101011000111000110111101100001110111000000111000000000100111101110001001010010001100111001010110100101101010001001110010110101111000100001100001010001110101101011010011100001111100001111110001111100011001110010101100000110110001101001000101010000001010011010111000010100110000000011111001000010011100110001110011110011000010110010001000111110000110110001110011011111001011110100101100011100111110111110010101110101110000100011011001101010111001011100001110110100100101010111000000001010 
01010011010011001101001000001011100101100010001001100110001010001011110000111001001110111010011100100010010011010100111101101001100100011011000011110011100111011001000101010001110000001110101010011010100001110011011000000011011110000000001010110100100110111101110011101001010001110000011110110110001111111101110100111010111110010010111111110010010011110000110011111111000010101110101000111000101110110111101010011011100101000000100001001010111000011010011000111101100011100101111011000011111110100101000010111001 
11100001010011001111010000001010100000010000100010101000110110010111100000111100111001111100111100000001110011000011011000100001101110100010001011011000011001000101101111011100100100001000101010001110110101101101001001111000001111110101110100100101110100010100101001001110100101100010000110111010101101101010001110011111111101100010111100110110110101111010000101101100111011101110001011111110101000111100010100010010010001100000101010001011011100100010000111011100000100010110110010011111101110001001001000010010 
11000001111001011110100000010100111100000101101110101010000111100011001010001111000100000001011011100101001101110110011011111011110011110010111101111111011111111110100011111000001000111100001111001100100100111111010010010011011000010000111101000111000000001110111101100011100011100101111100001010011001110101001011000000010001000011010011110010101110111011101000011100011110101010110011110110011100001100100010100001111001100000101001111110010000101000101010110011100010001101000001100101011011111010110000011111 
00011100010011101110011110100010100100000100010001100100111000100101110111111101000010100010011010010100000111010100010110110011100000010101100010100010011110110100111000110000111100100010100011000100111010110100100111101010010110101011100010001100110010101110011111111011010011011111101001011001111010111011011100100101011101111110101110100101110001000110100110011110101111101110001101110100101010000001000001000011011110010001000100000100001000001000110100000010100011001100111011101011101001001110000110011111 
11101110111011000100111100110001110011111100001100110010001001100001110101000011010011001001101100001000011000101110011110000101010100001010100010110101011001001000011111100101000000111001000110000101111011111110111000011001101100110000101101011010010100000110101110000101101100001100101001000001101010101001010111001011001001011011111110000111001000100011000111001110010011001101010001011011010011101110011011111010111010000110011110100011110111001011001100000010110101010100110100111011101000010101101101100101 
00001000000010101110100000010111100001101011000001010010111010111011010000111111010001001100101101001110101011000111000011011100001011110011011101011011001110001011010011010110110111011111110101001011111011010100111110011111101111010011010000010101011001011011100101001111101010011101010000110111010010001000101000100101000110010111101101011100011101000110011100010001001100000011011101100110000101100100001110010000110110101111000111111010111111100110000101110011111001101011000010111001110101010111001011001001 
11000101001000001101011111001011001010100111010001011001100111010111010110111101010011111000010010110110000111001101000111110000101111011110011111110101110011101001101001011111010011011000001010110010110010101001110000010111100000001011000110011100001011110000001010100000011111101101010001010100001100010111111010010001011010011010101110011100000111100100001000000010001001001110000011001000011000100111010011011101101110010110011111000001100001000000000010101010000100111101010100010011000010011101100100011101 
00101000100001101101110100111110011000110111101000111101101000110010101000001000100110100010011101001101011100111000110100100110011011111011011000110011000000000101000101111011110101010111100101101110010111011111111010011100011100011010100101011100010111011100011100000111101000100100000101000010000001101111001100010011011101011111011010100110000111111110010011101101011101011000011011111010010101001100011111000001110000000100010110100100001100110110011100100000000110001100101111101111001001110000011011010101 
00011100010011101110011110100010100100000100010001100100111000100101110111111101000010100010011010010100000111010100010110110011100000010101100010100010011110110100111000110000111100100010100011000100111010110100100111101010010110101011100010001100110010101110011111111011010011011111101001011001111010111011011100100101011101111110101110100101110001000110100110011110101111101110001101110100101010000001000001000011011110010001000100000100001000001000110100000010100011001100111011101011101001001110000110011111 
01100110110010111100101001111101001111100000110100101101010011101101110011101001100100110111000001010000110110101100101011101011001100110110011101101100010100101110011000001111001111001011110010011000000000100000001110010101011100111110010010111001001101101010101101001000010000100011001110000111100011001011101101010100000001111001110101001101000110111000010101010111001110111101011111101000110110100010010111110011111001110101001111010011101011010011010011111010001101011000111011010010001110111001000010001111 
01011011011100100010111000101101000111111011101001010111110010101000110010010011111000011010000000101000000011110001001000000101111101001100000011001001100100000001001100111101110011011100100110100101101000010100000110011100101001001110011000000110010111010111111111010011110011110001010010110111100100111001111100011000000100111010001000111101000101101000001001011000101011001011010111111000001101101100101011001010111010110111111101001010111010101111001110011111111000001000100011011000010001001110011000001111 
00001010001111000110011010010101000111001110101011100011101101010001110101110010010001000111010001001001110000011110110111101111001000010101111110010100101010010001011100100110100001010111101010000001101001010100111110110001100011100100100101000110000110111010100100011001100101111000000001011010110101100111010111100011101011000100011101011110000000100111111011010010010100001001010001000111011010011010011000010011001000100100001001001111000101101001110110100000111101101110111100111010101000111111101110001111 
01011101110110111011000110010011000000101010111111110001101011000010101100001110101001010000101100001101100000101000010000110111000001110110010111010101110011111111100010111001100001100000010000100011111101100101001111011110110010110001101110011011101111101111001110001010110000000110100101010000111001110101110110011110101101101110110010110011101000101010110011101101000111000000000011100001011001101110100110111110101100001110011001001101100011010100110101110100001110011000011011001110001001101001111101110101 
00001110011001000111000111011100110100000101001001100010111111100010001001000001000001111101100100111111000101101001110011011110000101011110110010101110110011111001000110011101100101100011100000110100101010000011100110000101101011110100001011110111010111010110111111001101000100011010100111001100111011011001101101100001011100010000101010010001010011100110011000011011011111000100011100011011110001010010011011110101100010001100110010011111000111000101101111010001011101110111101100111101100100011101011000010111 
00111010011001100100110111001011001100000000000000010011110100110001110011011101010111011001101010010110100011110010001101111010001001011011101110001110001000011000111100001011010110111101111011011001001010110011000100101000111110010001110011011001010111111001100100100100000011011111001110010101010111001100001011101111001001100110110011111011011101000100101110010111011101011000101001001011111100101000001011011010011000011000101110101010001010110110010101010000110110101100000100100001011101011110111101110011 
01110110110010100010010101111011010111011011110100010000101101101100100010011101001011011010101000001111110011011011001011100111101110110000110000001101111001100100111000011101110110111100110111101101110110000011100101011011110111011010110011100000001000010000010010010100001001100101100000100101001011111011001001111010001110111001001011101111101000101110000010101100110010110100110011001101110000100001000110000001110010011010101111110111111010110110001100111100001101101111000100001100110000000010111110110001 
00001010001111000110011010010101000111001110101011100011101101010001110101110010010001000111010001001001110000011110110111101111001000010101111110010100101010010001011100100110100001010111101010000001101001010100111110110001100011100100100101000110000110111010100100011001100101111000000001011010110101100111010111100011101011000100011101011110000000100111111011010010010100001001010001000111011010011010011000010011001000100100001001001111000101101001110110100000111101101110111100111010101000111111101110001111 
01011101110110111011000110010011000000101010111111110001101011000010101100001110101001010000101100001101100000101000010000110111000001110110010111010101110011111111100010111001100001100000010000100011111101100101001111011110110010110001101110011011101111101111001110001010110000000110100101010000111001110101110110011110101101101110110010110011101000101010110011101101000111000000000011100001011001101110100110111110101100001110011001001101100011010100110101110100001110011000011011001110001001101001111101110101 
01000010001011100100101011100010100110000011000110011110101101001110011100100111010100010011000000000100000100100001011010101100101110010011011110100000000001010011111101110101001101110101111101011101111111001110010111100001100010110110100011000000100111000110001000010001100101110110111011011111001100101101001110111000000100000000101100001011000000101001111001100110110011001000111010001001101010001101100011101100111110100100011111111011101101000111100100011100011110101100011000010001100010001000100010010010 
00111010011001100100110111001011001100000000000000010011110100110001110011011101010111011001101010010110100011110010001101111010001001011011101110001110001000011000111100001011010110111101111011011001001010110011000100101000111110010001110011011001010111111001100100100100000011011111001110010101010111001100001011101111001001100110110011111011011101000100101110010111011101011000101001001011111100101000001011011010011000011000101110101010001010110110010101010000110110101100000100100001011101011110111101110011 
00001110011001000111000111011100110100000101001001100010111111100010001001000001000001111101100100111111000101101001110011011110000101011110110010101110110011111001000110011101100101100011100000110100101010000011100110000101101011110100001011110111010111010110111111001101000100011010100111001100111011011001101101100001011100010000101010010001010011100110011000011011011111000100011100011011110001010010011011110101100010001100110010011111000111000101101111010001011101110111101100111101100100011101011000010111 
01011011011100100010111000101101000111111011101001010111110010101000110010010011111000011010000000101000000011110001001000000101111101001100000011001001100100000001001100111101110011011100100110100101101000010100000110011100101001001110011000000110010111010111111111010011110011110001010010110111100100111001111100011000000100111010001000111101000101101000001001011000101011001011010111111000001101101100101011001010111010110111111101001010111010101111001110011111111000001000100011011000010001001110011000001111 
01100110110010111100101001111101001111100000110100101101010011101101110011101001100100110111000001010000110110101100101011101011001100110110011101101100010100101110011000001111001111001011110010011000000000100000001110010101011100111110010010111001001101101010101101001000010000100011001110000111100011001011101101010100000001111001110101001101000110111000010101010111001110111101011111101000110110100010010111110011111001110101001111010011101011010011010011111010001101011000111011010010001110111001000010001111 
01101110010110101011100000011000111011011001001011010111001111001010001001101010101111100001010011000100101100011001010110001000101111010101110101010010100100100000011000110100000101101000100010101110101010010111111010010100001011100111101001100100110100101010011101011101100001011000010101101001010001101010010001110000010011101100101000100100000011011000001001110000010010111001000010100111110101001011000010010111001110001010101000101100100111010111111101000001101110010110010101110101101111011110100100111010 
10010111011010001110111111011110011100100011111110011011000100100001001001111110000111010011110110000010111101110111101110010110001100011111100110110011011010000000100110000101100101000001000110100011010111110010000101110110011000110000110011101101111101010011011010010111010010001000010000001101010010101011101111011101100101000101001101000011001010100000001101011100000001111100110010101010100000110010111001011110111000110101110011000110000001001011110010000001111010111010011011100010110101011101011000000100 
01110110110010100010010101111011010111011011110100010000101101101100100010011101001011011010101000001111110011011011001011100111101110110000110000001101111001100100111000011101110110111100110111101101110110000011100101011011110111011010110011100000001000010000010010010100001001100101100000100101001011111011001001111010001110111001001011101111101000101110000010101100110010110100110011001101110000100001000110000001110010011010101111110111111010110110001100111100001101101111000100001100110000000010111110110001 
00001110101000000011101000101011110000010001111110111010010011100101110011100111011011000000111101010000010010011111000100010010010010011010100010011001111000000100011000001000100110111110101100011011100101101110010011001001001100111100101001000001100010101000110010110101011111011011101011011000010011000000011100001100101111011011100111110110010011011011110001001111011001101001101000010111100110000000001110100100011011011011011101110100110010011110000000101100100010100000000001000100001010110010100000011110 
00011001110000111001010100100110110010101111011111110101001011011010000001011100001100000000001101101001110111000011101111011001110110111001001010000110010011010101010100000110011011100001011000110000010010001111011011111011100100111101010100110000011111001011011010101001000101111010011000110010011111111101100101110001111001100010010111000000111101101010001001101100100001101001011110101001111101000001100101010101111001101010110101010110000111110110101111111101001011111101100011111111111001110111010101111011 
00111111001011011010100000100110110111010110001011111101110000110101000001110110000000010011100010100000111101101010010001110010100011001011111000111100010110101100000001010101010001011110101011101010010011111111101000000001010111111011111110011010101011110101111000010100111110101001100101000100011001110101100101111010111111101100010101110100100011111010111101010011100111111010100110101111011100101001001000110101101111000100100010111011000101101000010011101001001010100010100101010101010011010010110101101100 
01010010010001001010011010111000010101000000111001000101101111001101011011100011000110010001010000011110001101000000011110000001110111100110000111100111000011101001001010111100110101111111000011000011001001101100011011011010101101100010111100110111000101011001010010111000111101010111010010111101100000010101101110111011011100010000011000010110001001000100000001000110011000111110100101010110011111011101101001000001101010010011111101001010000001000110010111000000011011000001101110010101000011110000100101000101 
