00111101001100010010010010111100100000000110100001001101111000110111010010000011100010001011010001010011101000111111000011100010111010000010000100011001001000100110001000010000111100000100001110011001110111010110001101000010100000100110100000110000010000011011000000100011100100100000101010111010001100100011101110000001001110110011001000000001101100101000000100101001011000000010000000100010010001001011011010101111100001010010110101000000010010001011111000110001010010101110100000101111111010010110111110011001 
11001011110111101011001111000111011101011001011011110010000110110010110101101000011100111101011011101111010011010000001011111001100111111110011000100110101111111001110011001111100110011011111101111110100110011001111110100101011001000001011111000110111111010100010100100110110011000010111001010111110011100110010001111110000101101100100110100111010001110001111011000110100111101111111111011101101100010110000110011001111110101101011010011111100100110110001111000010001101011111110111001001011101011101000001101110 
00000110101001000011111000101000000100101011100001000100000101101111100010001100101110110001010001110000100010111011101011101101101100000001001000110101011101100111001000110001101000101001010111001000011101000110101101000011101001100100000100011110001000011011001001010111010101100000100100111010100010101000001000100111000101100110001000101100001100101001100111101000011000010000100101000001111001001000101001001111000001010110010101101000100101001000101000010001000000101110100110100100110000010000110000010001 
01111101011110001001001111010100100110101101111011111110111010000011101100111011010001000110100101101101001101000100000110011110111011101100001111001111100010011000100110000111110111010111101011100111000011111001010010100101001111011010110010100001110111000011111010101010101110101111111011000101000001011111110111011001111010111011111010011011110111011010011110100101100011101111101000111111011000110111111010010000011101100000101110110110011010100110110110101110111011110101101001011011001101101100001111011110 
00010101001000000000010000001000100000000110010000011111111001001101110010010101000111000010010100011000100100100100110000001101011111000111100000011001011000010010011110110000011011000110001001000101001000110010000011001010101111111010100000111101000100110001101010001101001000011001000100010000001101110011110101111000011110000011001001101100001110001100101111101011111001000001111000100010011011111010110000100111011011001000000101100000010011000011100000111101000010000100001000111100000010100010111010001001 
00011110000000101111110011101000101011110110000100011111010111001001110101101011100001101000010000000000111100100100111001000001001010000000110011000000110110010100111010110011001011011100001100000110011100111000010100110100010100000111110001100100010101001000011010010001100100100100100100011101100101101110110111001101000010000000000001110010010000000000100010011000000100011000111111010110001110100111101010111001101010110000011110000000010100110010111010000101010110011010100000011011101111000110000000101001 
10111101011101001001111011101101011111111001100000100111111000011001011011001100001111011011001110101101010010111010101110111110111101010111110101100101010011010010111011011110001000111100000101001111111101001101111001100110011011011110010110001010010100101011001011110110110100111011101000101101010111010100011011100110010001110011101001100011101010101110111010010001111100000110111101000101010011010101101101010010110101101000101111010011101110000101001101111010100001111110011111110101111111100100101111101010 
11110011001111101000011111010101111011111110000101100100100110101001101010010010110101101101111101000111111001010110110010000110010010110111000011001111001101101001010011010011011011110011111011001011111101000100000111111110010001111110111100101101010100001010000110011001101010111101010001011010010011101111101010111010010011011011011111101111001111111011111011001111110011110111011100110101101011111110111110101110101000000001110110111100001110001001010101001101101101100000010000010001111110111010110010000110 
11010100110011101101001101100010110110010001110110010011000111001101111001111101010111111100100110001100110001001000110100011111000011110111111011001100110111110000010011101111000001110011110100100010111001101001100101110111110000111111011111001111101111101000111111011011111101011111110100011101000110011100000011111010101100001100111111111010010001010110110111110000111110110101111011101111111110111100100100010000000101100101011010011101010011010110000111000100101001010001010011011000111001011001100101110011 
00111000001100010100100000101000110101011011100110110100111100001001101100010111100010000000100111110000100101111111110101001001011000100001000111011001111000000110100100111000011001001111011000000101011101101101010001011110100000111110100000010111000010001011111011001001000100101101000110101000000100001001110110100001111101110000101001001000001100001010000000010011011001000101111010010010000011100011111111100101010000011010101000111000000011100001111000101001010011000000100010110100100110101011101110000001 
10111111101000101001001101101010111111001100001111111110101101000001011001111110110110110100101000011010110110110100001100100010100101110111011010101111011100111110100111100001000111110010011010110111110010101110010100110101111010111010110111101001110111001011111010110000011110100001100100011101000111011110010100101010111000100000110011000110111111110011001011110001110101100001100110011101110100100110010111111101110111010100110110111001010100100110110011100001111101011111011101111100110000100000011010100010 
11001111101111000000101100101111010001001001111011100000101100111100111110010000100110010111111111101011000011011011001001110100010101111011111100101011100011111010001101010100111110000111001010111111110001100101100000001000111110000100000100001010100011110111100101110010110011011000111101100110001011010101001001110011111101111101101111011011111101100101011101111111110111110110000011111000010001011010010111000111010101000111100000101111101000011101101101111010100000101111000101100100011100111001011011110111 
11111011110110101101000111100011111011010001011010110010000110110000111001110101010101110010101110111110010110000000011000100110000111111111111011100010110110011000100111101111100111111010110010100110000110101010110010111111010111011011011010101011110111101100100110101000011010111111010001001101010101011101010101011100111100101101110011011010010001110111111011000111100111101101101011011100001110110110100111010010011110101101001010111111101100110110010110101110111001010001011101010000001101000011000001100110 
00000001110111001010000000011000000001100111100110001000000110000110101001100110101001010110000011000010110100000011001111001111000000000010101010111100111001000011000101101010010011100000011010001011000001011111011100001010001101000010001011111010101100010000110000110111110011100001101000100001011001000001100100101111000101101000100111001000111001100101010111110010010000111111110100000011100001011000100011001111011111001001111011101001001000001100110001101000101110001111001010001010100000000001110111111001 
10010100101110110001001100110110001001111110100000001001001110001000001000100011101110110010011001101100011101111110001001110001100011110010101001000100001010111110110010000100100001000000011111010101001011100010001101111001111000110010011010011001000001101010110000000101100001111000110010111011011100111100011000011001000010100100000100100010101000000000010100100111101100001010000001100011000110001010001100000000001111010100001101000010100111111000000000110110001110100010011010110011101001110001010100100011 
01001010100101110100001101011000110100010111111111001000011101000100110010110110110000101001110001110010100101000001010001000011000010101100000010000010101110110101000111000001110101000111011001111001000110011001001011001001100000000001101101000100001010010110110110011001000010000110011100010010100101101100100100010001101011001100000110011000011110000101000101101100000010111100000010110010111110101011000010001111000010010111110000101110010010111110110111000100011101000000100010011100001000010010110100010001 
10011011110110000110100100111010100101011100010011100001011110010110100101110100010111101001100111001111101111111111000110110101010111101011100010110101011001011110001011111011100011100111110010110010000001100010101111110000110111000010011011011001001101111001110000100110000011001100010001010011011001111110111000100000001100111100011011111110111101010000111010100111101100111010000011000110101000111101100000100110011010110010111110000001001101101111001101001100111111100010111110110110110101110000111110110011 
11000101010100001101000100001000101000010101111000001111100000010100101100110111110111110000010110001000001101101000101000010011000001100001100000001100010100010001111100110101110100010010000001101011011001001100111010110110011000110100000010011010101101110001110000110110001010000110100100110011010100001111000000100110001000100011001110100101011011010111001000100001101100010010001010010001110010011100001110101110010111100000100100110011010111001011000100111000101111100011111000001001001001000110111000010011 
11111110010101000011101110011011011011110111000010111011011010111000010011000011010110100110110000111010101101100101101011101001101111011111110111000001100100101011011011111110110000111001011100000011110100011000110000111101000101101111111101011100011011100100100101101010000001100101111111111100000001110110111110001011111000001110100010111001101110101010001001011011111111110100001011011101100001010011100100011010011101101010010111001110111010111111110000100111100010001010011010100000110001100001110100110011 
10111000001010110000110111100011111110001000011001111110001001011000010101101101011110100110111100001101001010001110000000110101111101011111111111001001000110111000110010001000001010011011100101100101011110000100010101111101011110110101100100000101000111100111000110101001000100111000111110111110000010111111101001010010111110011111011001000110000110111111101010011001101111000000010000101001011111100111001101110011100000010010000000010010110000110001010001100111010000110000110001110101001001111111010000010101 
01001110010111111000111111010011101101011110110110010101110110001000001010000000100011010100001000111111110100000101011000101110010110111110011001101011100011001001001001110101000000001000111101100010111110001111000011010110011111001101101001100100110111111100111101110101100000100100011110000110011001111100100110001011100011000110001100110110110110000100110000001101011010111001011111001110110010001100011010011010110001011100111001100011011000111101111001101000010110011001011110101001010011100001101111010101 
01000110010111111010000001011010000110001000011001100101101000010101010111001001010010011011011010101111111110100001100101100100010011100010001010001001010100011010110100101001100101110011010100110011101111000010111100111000110110101110010001110001101111011011101110010111101001110011001110101111110110100101011100100001111110001100100101110010010011101001001111101100000111101111111100100010001101111101111011100110101111011111010110111101100110111001101101110111111101110000101000000110010000000001011011110101 
11110111011100110011000100111110000111000011011011011101010010111111101011100101011011110011010000010001000110111111000001010110110011011000001111000000011110100011101011110101011011111110110001100000111101001011001101100101111000111011000001000100000010000100111011111111101110111000010000111111111010101110110010110110100010000001101111110111100101110001100101001010111011111000010111000011110010010011011100010110101111101111100001010011100100101110101111101000001110011100001110111001011000001110010110101011 
10100001110111100100010110010001011100100011101001001110011010001101010010110001100001100111011111001000011110011001010110111111011111000111111110011101000100010101111011011110110000100111011101100011000010011111100100101001100001101011110101010011010100110001001111100011111110110101110011111111110111101110110110100011101100111000111000100011010100111100111111111101000100011011100010011110101111011110111011011001111100011101110011111101101111011001010001101000001111111001111001110101110100000100001001011110 
10011010010011100100101110000011000101000100010110110010001000100010010010100000010011001011110010011110010000010000000001001000011111000111111000110100111110110000011101111010000010100110001101101000010101000011001111110001100111101010111010010111110010100000111001000000100101110011000011010101010001100010000001100101101100001100000001011001011100010111101111101010001011011001010110110011000111001110100100000011000110100001011011101011000100010100110100010011001000000001000000101010100001111000101100000111 
11010010101100101100001110110000011111101100000011010010111000110001011010100011001101011011101000011100110000100001110110001011110110000010111011110011001001111100100100100000111110110001010011111001100011010001010000010011010001101100001011000000110001010101001011000011011011100100011000111110011100010110010000010100110010100000010100011101111011101011100110011100011010100110000111111100100001110110011011010100111010000111100000110111000001001110100000001001100100000111111011110000111100011100011010001101 
11000000011011010110111010010101000000110110110100001101110001001111001111101011000011000011010001000001101001111110110011011011111010001001000101100001101011000111001100000111010000001101001101001010001011010101101001110000001001101100100001010010001000110001011101101111100011000100111101100010101001100011101011000010000111011000011000101101000110001100110100001010101010000110001010100011000001011100101100000001100000000011000101000000111011010001101010000001010110100000100010101111110111111111101101011101 
01010101111111101001001000111101110010001101000001001000000001011111110111010111000001101010101001000001000110100101101101101010100100100010110010110110001101001001101011100101000101000110111100011011011000100100101001111100110111100101010110010101110100110100001101000000111001000101010000000100110001001101100001010010110101101010010111011001001111101010101010100110001000101001110111010100110101010000110111010001001110111111100100101110000000000110001001111010111110110101010110100100101100011111110011010101 
11100010111110100011011111001010101110110010110101011000100111111111110110110010100001010110010100100010101100101001011100110010010011000111010100101110000001001001111111111010000111101101011000111011110110010111000111001010010100100111010111101001101011100101111010011001110111010001010101100111000001010001101001111011011111010001010010110111110000011111101000110001010011110010011001001110011100000110000110101111101000111001000011011110011100101000110001000100101101000111111111011101000101101111101011111001 
00000111001111011100101001110101011111101000100011011101101101011111100010011000000011101110001111110011000101101101011100000010010011100101100110001010011101101100111010001000100011100101000100101100110101000111101110101010011100111011110101101011101101100101011010110001111111011000011001111010000101001011101101111011000010011111111011001100100011000011001111100011011110011101000010110001001010100100010111101000100111111100000001011010010110100010111001110011111000101010111001000001110000110111101011001011 
00111000010100100110111110000111100000100110100110101110001001101110000010111001001000001001011001010011110111011001000101001101010110011101011111110001010011000010010111000101010010010101101101001000100000001110100001001100011100111111000010011011101000100101101000101101111011010100110001011100110010100010010010110101101111101010111111001110001100100100010110001000011000010111100011111011000111010101100100111000010010100111110101101100111100100000101110101001111111101011011011001001010001101010001000111111 
11011100110000111100001100001010111011010011100101011100101010000000100001001111101101000110100101111100000010001101101010011001100110000111111101101001011001100111101101110110101100000101010101100110010011101000001101100101110011000000101100001010000111000100011001100011001100010111110010101010101000110000010100101110100110011100011001011110011010010011101110101100011010100011101101100110111101110010000110000100110100101010010110011011101101100110010010111110010101000101100111000010100000100001101001110011 
11101101111000001011111000110001000111101100000100001101100000111111001111001011001101000011101010001110011110111100111110111100001101011010110101111101010011001010110001110010101110011000110111100110011101100010010001111010011111101100001100011011111101111000001001100111101101101000101111111101001001010010011111111010011101100001000001000011011111100011101010010011101101010011111101101111000000010101111100110000101111001001001111010101100101000010101100101001110010101111011101101100110111101110000011101111 
00001000001100011001111101001011011111010010111001111000010010001111000100110101101111010011000011010111111010011001100010110000000011000000100000000100110011101110000100001011100001110100000000011111110010111000000100010010100010011010100110101101001000000101011000000001011100100000010011001001011110111101000001100011010101100001010100101010101011111110001110100110110010001100100000100010000011000001001101011101110111110000011000000000100111111010000110111011100001101000011001111111000110000111100001110111 
11010011110111111011001101010011110011111001011110010010010110010000001100111101011000011100111100100011000100110010101101110000000101101111110011110110110111011011110001101111000011101011110001000111111000001011000000111111011111011000010111000100111011001101111101010100011001001111111000101110101011001010010100011110110000001100100111111111011010110111111111010100100111111101101111111100111110100100100110000100011110111101001110001111100101110110000111000100011100010001011101111000000111001011000001000101 
01100010100100101101100010100100010000100000010100101101000110111011110011100100101101010110010011001111111111001100101011000110000010010101001110111001100001101000101100000010001101110011000001111000100011011000000000101101100110010101101101001010011001100011001111100010001000000000011001101101011000101000100100110111001010001111101100110100111000111010000100100100111010000100110101100100010000100001010001001011101100101001100111001000100001111000101111100001011011101000101001000110000010110100100010001111 
00010001010001101000110010010000100011011111110000100001010010111011111010101001100001101101110001101101100110011011010001111001101000000001000001000101110011010011011111111000000010010100100011011111010101100000000001010000011100001010000100011011000001111111000100101001101101000001011101101110010000110011100100100011001111110011001001001000000110000110100100011101011001010001001011101001001110100101100100010001110110100100000100100101000101101000011010011001010101100001111011001110110101011100011100101011 
01101100111011100111001101111101000101000001100000011001001000110111110001100101101010010011000100110010001010101001001011011001001001001011101111010000100001000110110000101100100100001100101100100100001110011001011000010100001100000011110001110010001101011101001000001110010000111111010010100101101010010110010101000100001100001101100100100001100000001110110101010010001101011000010111010110100000100001101001000001111110001100001011111101100001110100010010010010010000001011101110101111001100001111000100111001 
00101100001100001110100000101110001100000100110001011111001111001111110001100110101011110011101011011001101010001111010000011111011011010000001010101101100000110100011110010000111000000011101110101000000111101100101011000000001000100110111000011010100110110010010011101011100010111000010100110101010110110101000001001101001110011001011001000100001101001000000000101011011000100010000000100011001001011010001011010011110001110110111000010110011011001101001000011010010101101010010000100001000100101100010111111001 
11000010111101100101100010001010100100000001010100001111010011001011101100101101100101101101101011001101001110000101001000100110100101000100101000111010111100010101101010101001001101100000010000011010011000000100110001001000001011010001000011000111110110100111001001101101100101101010011010010110101000111010110000111100100110001111011101100010111100001010100011010001011000000010110000010101100101001100100110011011001110111010100001101010000000101110011000110010101000000000100110000011100110111101101000100101 
10011001000100011000111110000110111110111111011101110000100011000000101100001010010101111010111111011111000101110110110100110100010010011100010000000110011110111011000101010011011111100001010011111010110101100110011101101001111011011100111110101101110011110010101111010111101111100011111100011100011111000101000010111011010111111010111011011110011111111011001010111101101011100010001000110111010111101110010111011110000011110001100111001010011110101011001001100101101111110000010000010000110000110000100001000111 
11110111110111110000001100010101010100001011100000100000110011111010001000000110010100110101111110110010101101111011010100110000010100011011000011100001101111001111100101011100110011000111010111101001100011100111111111001011001011001000101110110011001011111111001001101111011011011111010111100011111011100001010100111000111111001110111110011100101111011011000111101101111011110101001011111001110000110010100101000011100101000110100100111111101111001100001010111100000011000000011010100110111010111011011011111111 
11101110110000110010010111011101001100001010011100111001001010101010100111010010111000001011011100101011110110001001101101100100000010110011111110000110110011111111111000001000000010101000000110100000101011100100010110010111010101101001000010111001011101001010010000011100011111010111101110100110011001101011111010101010101110011110011111110101011100100101000101100100101111000111010110011010111011011100000100111010011111000000100011011100000110011100110000011010001101000010001000100001000000101010000001010111 
01110110100110110011111100011100101100010001001010110011011000110110101101110100010101011100011011001001100101111111100010101100001011001110100101100000010010010101101111011010110010010101000101001101000100100101100001001100100101111111110010000000110011100001111100110101010000010000001111000100110001011101111101100000101011001101001100101111111011010111000110100110001100100001100001011110100011010001001010010001111110111011000010100110011010010010110100001001110000000111001101100001000000111010011000101001 
11111110001110100111110111010001100001010010110011010010110010001001111010001111111110101010011000011011111000000000010010010111000001100001100010000110010000000101100110000110100110001111110110011101111001100101111001101100011100001100110100001001001100000000010011101101000010010011101110001101010110110000001011011100010001101101000000000111000001010110111101100101101111000110111001010101100010001110111100000001100111011110100010100100100100110001100100001010011110000000000101010100011001110001111000010011 
00000101001111111100011101110111001100110100111001000000100100001101101100001110101101011000001111000101000000001010110100101111000000101110110000100101010001010101001010011010101111110010100110101010001101100011111111100010101001011000000010010011101110011001010010010100111100110010000000000001111100011001001000110100101111011001000111000010010101010001111110111110000101100110110100100111011100111000011010100111101011010101111000101000000101010100000100001010011001110101000100001111000110111110001011100001 
01011000100000010000001100000111110000101110001011001111011010111111101011110011001000111010101100011000100010010110110110010111001111101100111110111100111101101010011100111101111101011110011110000110101011100100101011100010001001100010110110100110101000010001101110010100101101100011100111001110000011111111010010111100101011011001010000101000011100110001101000010001011100101011111000010010000110111010000101110011111011000011001110000111011100101111001011001000100100010110101011010100110100100011010111010011 
11000000000000100101101100110100111100101001110111111100100101001000111001010001010010001110011110011000110100101101011000011001010111111111111000001101111000111101110110010110001100101101010000110000010010001110110011101111110111111100101100100011101101111010010111010110111010001110001101001000101101000010001001100100001010110110110100000011010001001100111100011111010010101110101101100100011001001000000011111100000001011001011011110001001111011101000011010001001110101000000010010101010001010011011010001011 
01000110100101100100100011000111011000111010111111110010111011100010110000010001110010111001010111100100001011000011000001101011111111101101011111100010101100100111011010000111010000100111000001000001100110011101011110111101110101011111011011000110110100110101111010111101011001010111011010010100100100100101101001000100100011111010111110111100100110011100010100101000011111001100001010110110011101110010110001001111010000110101110011000011000110100011010011001010000111011011000000010100010110100000111111000011 
01101100110010000100101111001110000110010100111000011011011110101010101000110011101000101000100111111011000110011100110011011011010111000000100100101001101010011010111010010000001101001111010110110111000100000101011000101110010000011111101000111101010110111000111011100101001001001001110111001101111101011101110101111001100101101011100111100110010110100100111110001110001110100001111010011111101101010000110100110111100011001100010101101101011011001001111100010111100011110100111011010100111011110100100101000101 
01100111111111100011001101101101100011000100100011110100001101110111000101001010101101000100001111111101101010110100011101101111100010100011101100111000101001000011101110101010111111110010010000110001011100110111011010010001101010111011101011111110011010100011111111100111100111101111101001000100101001111011010110100110111001110100111101110111111100000001011110110000101001000011101111010111101000011101101110001111111101111000111001111101101110111100101100011011111001011010000001001011000000000101001001001011 
00000000100011001100101010011001010000101000100100100000001111111000010000001000100100011000111101111101111011100000111110101110101011101001100000010010100101010101011010001010100010100100000111011111000010100101110010000010000010011000100111011010111101111001000100100001111011101110110111111000000001110001011001011001001100110110000000001001011001101100111011110111000100000011101100011100111111001000000001101001010010000010011111100011011011110010100000000111100011000111110000101101100111010100111000011001 
01101000100111000000100011011100101011001001111100010101010000011100111011001010001100001110100101100110111011100101111111100100000011110010010101001110111010000111001011111100110101110101110101111101110000100111001000110111010110000011100011010010001010000000010011001010100100111000111111111111110010001011110001001101101101110011101111011000101011001011100101010101110011100101100010011110110011110111111000001111111101000101011000111111101011011111000011110011110011101101010011000111000000001110000110011001 
11011100100100100010111000111000100010101000111000110010111000000111011010011110101110001010001011100011111010010000001101111010111101001110110011001101010101010100010001111010011011100000100101100100010110111111101001011100101000010100111011010000100010010100010010110100001101010101011001010111111000011101011011001000101011100010011111101011100011100111010010011101001111111110001010000011001101011100100110100110101110110011100001011100101001010011001011110100000010101000110010111111010111010111000100010101 
01101000111001101011011010001101100010111100011011110111001011111100100100110101000100010101110010001010111001101010101000100100001010000101001001010011011111111011100111001110100101101001001000010010111101110100101011000001111110101010110001001110100010101100101011000001010110111010101100100011010101001110000100001101110010011011000010010100001011011000001000101111111001110001100011100011110000011000001110101010100011100101100011101010000101010110111110101101100100101010111100010111101100100001001001100111 
11111101111010000111011110011010101001010010101110100001101110100101101001111000000100001001000111111010100000001010011111101101110010010100011101111100000100011001110110110000100010100000101010100100011000000111101110011010000100110001000110110110101000001110011001001010000100100110100001101101111100100000000110101101011110101110100110101010011000010110101101100001000001000000011010010111000010100101110101011100000111010001100000010001010011010010011010111101101110110111011001011010000010000010111000011001 
10111101100101110100000001010001100011000011001100111001100010101010111011011101110001101000110101000000101100100100011110100011100011000101011100101011100010010101100111110011100000001100000111101110010000000011001011111101101111111000000011101000001010001110110101100011110110101010011111111111001010010111001010110010000010101111000101110111011110100111111111111000110001111111101000110111000101111001111000100100101100000110001011010000010100101011110011100001010111000010000000111001001110110010011101110101 
01000000101001011110000001000000011101011100000101010111100110110101001000011111111111101100110001110011000111110110001101111110000111001011111111010010011111100110000111000110101111100101101011110101110100111001100110111100101100000100111110001101001001111100010001100110111111101001001010110001101001011110011101101110000100000010111100010001111011010110100000111000101001010100101111110111010100000100111000110110010101000010100000000111101111111001101010000011000111010111111011001100000101111011010000010001 
11001000010000000000000010100010111100010010000001101000101011101000001000111111111001100111100001111110100010001100110000110111100000001000101111000101010001110000000110110111000101111001001001100000010001110001111111100001001110001111101111010111001101001010011001000101110110010111110011001110101000001001100110101100000011111001000000001110010100110001011011100000010010100000110101000110100010010000110100111110100101110001110011011000111011010000010011101011010101100101100101101100100110010000001101110111 
01001111001000011111111110000011110000100000000010110010101110101111001101111110101011100001111010111001001111001010110001001000111100110110101010110101010111111000110100010011000000011100001010000010010101000101010111010000001010111110111111000100110101111011101100011001110010001110100001101000100101110100001110110010010110001100010000100111110110010100011000100000010000000001010101110001101101001001001111100100010110011010011111000000000100111000010000100000000110101011101111001000100111100001110001101111 
01101011110111101100010111110001100101101001001111100011001001100000100100011001110100111011101101101110000110110000011001100100011111000011001011101110111000111010000000101111010011000000010011011001000100010101100000001010011011000010111001011001110001000101100000111011010010001100011000111100110100010100111100001010111100100111010111111000001100000010001000100001111101000010000000111111011001111110001100011001000010110111110111000101111000001000011100101100011111111000000001010111010101110100010011101001 
01001110000000001101011101001010010000110010000110111000111010000110110111010010101100111100000001100010100101001110101111010001000011010000000000000011011000000100000000001111111111011101100100101101010101010000100010001011010101010010111001000111001100001101100011101011000011001000111100110101010100011010010000110101001000111101101010001111100101001010110110110000110000101011000001110010011001010111100000011111010100101011111000011000111001100010100011101011111011110111000111110011010111010010110111000011 
10011100101001010000101110001000011100100111010010010011111001010100101110000011010100111011111011110000101110111011001010001010111011110000111110110111100100010011111010001111001110100001101111110111011010101100100101011100001011011000000001010110111101111000011110100001011011110000010010100111101011010100100001011100110010010000000110011000010000100111111100101100111010000011001110001100011110011001011100010000000111011111001001010110100000011000100101001001111110011101000010011011000011101111000010100111 
11110111010010000001110100000110001010000100111100011001111000000101111101001100111001101001001001110001010001010110100010001001000100101001100010010011001011111001110010000100011110000000100011001110100000101010100011110011110010000110010100110011010001001011011111111110000100011001111101110010001101101110111110001101011111110001001010000100011010011101001111111110010000100010100100011110010100001011010110111010000011001101101111010011110101100110101010001001000111100110110000101001011000100001111111100011 
01001111101111000011011000110010001001010111101111110011001100110010100000000101011110011111000011110111111010101111001001001101001111101110011000110110010100010011000100001001111111110101011100000001011000011100000110110000100101111010001011011111100011101110111101010111111100101011011011100010101111110100001101111110101101111000110010011100010000001100101100010110010011010001101100010011011110101000110001010010110111110001001010100111010111101101000111100010110000011001010110011000100110110100001000100111 
10111110101010011110010000100101001111110010101010110100111101110000011001111011011010010100110100111011101000111010010011010101011111111111011100000001110011111010000101011010110010101111000011100100100111111111000010110011011110111110101010101000101011011111101110000111001110110100101110110011101110100000001101101101001001110100101010001111010011110001011101001111110111011101001111101001001010101001001000100000110011010101011111100101100011110011110111000101010001101110011101011000010011000100011100101011 
00000111001100111011110000000001110000110010110111000001000011110111010111101101010111000011000011110001100111000001010100101000100000111100000111010110010101101001100101101110111110111100101010001010101011011110100100011000110100110000110010101110001000001001001000011011110110110110011001001000100000100011001011101100111010110100011000000001101001011010101001110000110001010100001101110000010010101111110110001100011100010000010010001100100000010110001011100000001000001011000110001110000100110001001010011011 
11010100000111000011111001100010111011111011001001111010011000101000110000001000000110010001011001001100100000001101100000100010101110000001011010010100101111001110000100001000101110010011000111111000100010101110100010000011111001101110111001011000101000011000000001100111110011010000110110110000011011001000100100001101000110010001101011110001110101101000000101010111011111011000101110011010011111011110111001100010110011001001101010100000100011101010101010111110110001101100100001001100110111000101000101110011 
01100101111100011011010001111110110011011010101011100100111011011101110101000110101101111101101101110111101011101110010111110000000000010000000100110111110011001110101111100101111111111001101010011111101010110101100000100010011001010100010100010010001000001111100110100110001010001000111110101100000110010111111001001011011110111011010111000111110010101000010010000101010111100100100001001000111000010001010011011000111011111110100101100100111010110001101011101111010010011110111011110001011110000111111011111111 
11111101110010000000000100010110101111101011010110111010001010100011101100011100011110010101010000100101111101011100001010100111100101110011000111101101101101111101100000011001010111011010110010101100010001110000111111111110001001110111100111111111111001101101000011000001000110110000101110101001110011011001001011001110001011011101100111110110100010011101110101010010000010111101101000100000100110000111001000111001100111101010010101100001011101000111111110110111111001111000100010000111100110010101001011100111 
01101000011100000010001000010001011010011000110011000111000100100011011010000010000010000010001011001111000111100100011101000100100000010110011100111011100000011010010110111000000101111010100101001110001100010111011100111111001111000101000110101101011001110101010100101010111011001111100010000001001010011011001010110010110001010100001101010110111111101011000010010010101010101000010001100001011000011101100010010001101101000010100011111001001011011100101010011001110111110110000001011111100110000100010001101101 
10111000100100111011101110010001011111010110010010100100100001000110011101101010011010001100100011110101111100101011000111011101000111000010101100111011001001111110000001100100101110011111100000100100010111011010001011011101010011000101011001101110001101001110110111101111111010011011101100101001001111001100100111010110011110111110111011101010001100000110111100100011111000100111000100000101010010011101010011011011111100001001110100000111111010101100100000010011000101111101010010001001011101100000000100000001 
11000111111101011110110110000000001111001100111110001010001111010111010001011010000010101010011101100111101000100100011100011011000000000111110010101010110100101101101110001010100111000101011010011101000011001011001101011010111100111110011110101101101001001111111010111011100111010001001001111010011101001001110000111101111110011111011010101101101100010111111100100001001100111001101001110100111001010000000110101001101010111001110100010100011110100110000111110010001100111001011011110010011011101100010111111001 
10011111101011100111011000101100100000111001100101100011000001110111100001001111010100101001110111000001000010011010010000000001111000000001000111010000111100110110100100010011101100101000010010011101101001110000111100111111000000110110100010101011001101110100000000101100111111000001001001110001100110010011011001110100001100111001110011001101011101010001011000111000100001100111000000111001001110001110000111100100011010000010000010001101100111000110110110010111111001101101101110011111110000011110010001001011 
00011010001110111010100001000000010110000101010001111010010001011000010111101100011001110011110011000101001101011001101010011011000111111011101000001011110000100100001001011111011001011111010001011001111111101100110001011001001111001111111001001001110100111000100010011011101101001001001101011100010111001110100011010010111001001001101101001111100100001001011110001100111101110010010111101010101000111010100001100111100000101011111111001110101100101100100001000010000010000000100111110101111010110101100101100111 
00110001111000100001100110001101001110011110011110100000010011100110011111101101110100110111001011111100101100100110101011110101110000000000111010011110000011011111011100000000100101001011101010010010011100011110000100011101100000110111101100100001111100011111111101111100100010000111110011001110010101010000000101110111011011000110110100011111000100010111101001110011111001001111010011100100001100000100110000110111101100000111100111011111010110001001000101101100010101000100100100110010000001010011101100000011 
10101100101111110100000011111111000100101010001111110111101111001011000101011101101001111001100011011111110010000100011111001010111110011101010111110000101010101010000011101111000001001100111000110001000110101011010101000000001110101111111111100101000010000111111010001001010110111001010001000101101000111100101001001100100111110110111000100010011011001000101111001110110001111111010101101110000111100011110001111011100110001111111011101100101100010001001010010100001100011000000110110110010110111001000111001101 
01001001000101000111100100010000001111001001001111010100110001011111000111000000010011001000001010111111100111001011011100010111001011000001111000111101111101010100000111010110110100011011001101101110010111000000011011101000000001010101001100011011011011111010110100100010010001000001111011010111001110000111100010111001100100100111111111101011110011110111010110110111110111100111110011000000101001000011100110001100110001110010011011011011110011100100001000111110101010101000001101101001110011110111111101100111 
01001101110001100100110100100101010110100010010101010010000111011010001000001000011010110011101101010001010100001001111011011001100100010110001010100110111110000100101010000011111010010001101110111010111100111000110110111001100101001011110010101101001101111011101110110010000001001101010100011000101100110110110101001100001010011001110001110010010000001101000011111100001010111101101100111110010110100011000101010101111111110001000111001000001000111000011001000011001001011010110001000111101100000100001110011011 
01100111101110010001001101101000001111011001001011010111110110000100000100010110111110111110101110111110011000100101111110000100001101110110111000011110000100111100101010111010101111111010010100110100110101111011011110100111100010000111111111110100011110001010101011010000000100111011101010010001011110010100011111011110110000100110000010111100110001111111101011100100100110101000110100001100111000101010011011001110001100011000101010011011010010110111110101100111001000011110000101010110001110000000100011000101 
00101011111111011111111110110101000101001101111010110101010101011111100010010100001111111001011010000011011111110010001111001010001110010011110010111110111110011000111000011001011010110110110010011011000110011110100010011110010100111111010011111100110100110001100110111000000001100000001101110001010111111111001001110011011100100010110110110001100011101100010001011110101101011110001010010001110000101100101001100001011010000000001001100100000010011111101101010001101010011010011000010111011111100111110010000101 
01101111001001000001100000011110011010100110011001010100011000011011111101111001101000101011010100001110101000110110110011111101001011011111001111001110111100010011001100010101100111111100000111100001011111001011010101010010000100011011010110011100010101010101101011110001101010000111000111101110101010011011111111110101110101001010110100101000110101010110110011101001110111111111101011010011000010111101110001011110100101100101011110001111010100101111000010011010000000000111101111100011000011010101110101111111 
11011110000010100011011101000010111010101111100010000110110010001011011111101001110011101110000001000111011010011101011000001101001001100011100111110011010011101000101000111001011111110110001101110101010100110100000001111101110100111011110011111000010111111010101011100011110111001001100101001101110001110111110101011001101110010111000111100111000010001000011010001000101100010001110001001110001101101110101001111101111101010100111100001010110100110111100110000111011010001000101101011001101111010011010110110111 
00101111100111101001000110010101000110100110110010100101010100001101001111100111111001111011101111110011011111000000011101111000010001111000110110101111000100110111011011101001010001100100011100001111011101010011111101110001100111011111000111111111011111101111010110111000101010111111001101000111000000110011001011010101111001111101101101100111101010010111111010011001100000100111100001110001110101010010000110111101101100101110000011011011010100001001010101000001011101000011011010100011010000111000110011001111 
10011111100101011010011111110011101100100101011100000101011011110001100101001101010111100101110010001110001100100111111100000101110110011111111010010011001001000011010111110011111111001001000011011010000110111111100100001111101101111011000001000111100101111001111101110001111001001111101110101001001110100101111111111111010111010010110001101110100110011110001000110001001000011010010001111110001110101000010000010010101110110011000110111001001010010100001010101101101000101100011101100110110110000110000010000101 
10011010110001101100101010000011001010101110001000110010111000000100011111010010101110001100100011101010110001010000111010101001110100110101110001011011100001111100010100101000000110010001100011011011100010010100010010011111001101001101100000111001011100010011001101001000010000001110101111100100110001110011101011010001011101100010000100001001011011000010010010100101100000000000100000111010000100001111101011101101111001001010011111101000010011111000000000010111110111101111010000110111100101110001101001001101 
10000111100111110111011011001000110010111001111100110100101110100110100010011000101011101110101011110011100010011001011001100101010001000101001011011010010101101100110010111000111011100001100101101111010111000011101111101110000101101011110100111010110110100111011010000000000111001010111111000110001101010010101101101100000010001001011011111100110101000010101101000010101110001100100000100101001010111110110111101110100110111101011011011100111001000010101011111110111010010011111000010001111000010011010000000111 
00101010011001111111011111011001110101101100011010100110010011011000100010100010100100100111010100101110101110001111000101111110111010010000011101001101110110011100101101110101100101110010110101000001001100111001011000101100100101001101000111011100011110110100000011011011011101110110001110100001011010110001000001100010100000000010000101111011100100100010110011001011001111001011110001010011100011100100100001011111011100100100010001101011001011001101011101001110111000110011000111010110100111101110010100111101 
10011100001000011100010110010010110100111011001100000111111010010000011010011111010010011111110011100110010101001011000000010000110100000000010111010011010100101101110001010000010100001100000011101110100100000010101101111110110111000101000101000001100001001100011000001100111001010000010110011111010010000000111011010111100110011011000010111011001001111111101000001011110111111100110000101000110111101000010001000100000010000101000111100110010011000100100011100100000010101001111111101000101101100100100110110001 
00100110110100101110001001110110100001111100001111001101110111100110010101111101101011110000000100000111010101000100110001010101111100001100010111011000011111101110001101110000011001111111010010101000111101110111111110110011100100100111110110101000000100001111100001110110101100011110100101111010110111101111010001100011100100111100011001100001100111100100000010010001000101111110111001110001000001100110010111101101111110100001110110011001010111110111001000111110000011100010000111101110110000010110111101010001 
11111100101100000010011000011001100000001010111011001101111001111100010000100111000100100010101100010011001100110101000111001001110111110110011000010001001111110111100010010000001111000101001010001011100101000111111001010011100100000111110010100000101100100001100001010011000010000010001110010100000100101011111101011100000101101001001010100000001000101101011111010001001010000101101000100000010010101110111011101101100001010111011000100001110110100110111100101001001010110110101010001001100000110100111111101001 
10110100011011010100110000110111010000110110001000101000100110110111110110100011101101001011011011100001011001011011000000111111101010100000000001010000100011100001011100011100000010000001111101001001001110100011101001000011100111000100001000110110101010111100000101111000010001011110011011100011111001010011001110011110100111010101011000111010001000001000100100001010000110001110001011100010001101001001101010001110000001101101110001001110001011011000001110001100100010100100110010000000010100000010100101010111 
00010010101101010000001110000010011101010011111011111010111111100011000001110110111000001001010011011001100101010011000001000011111110110101001010000010101110111111111111001111010001100011001101001011101011011101100110000101101000000000110010000000000010000111111110111001010000000010110010000010010010000101100000101111000100010110101110011111100000101000010101101110110011111100100111010001001110101010100011000110010100110010110000001010010010111101101000010110010111010000110011010000000100010011110110110001 
11101101000010010111001100110010001111011001111110010111011001010110000100100101001010010011000010101001000010110001100001111101110001001000111011110010000010110100101100011100110110011000101110000100100101111101001000001111101110000000101011010100101111110101101001100011000101011110111111011111101110010011111111100111111100101100110000110000110100000100100101000010000100101100000011000011010100000001101010010101000110101110100001001011110100110111001110110010010000011101111001101010111001101100001001110011 
01111111010010001110010011010010101011100100010111011100111010001111101011101000110101011001011011001101101010011101001111100100010111101011001010110100000111101010101001010011100011010100110001100111101010100010111110001100010100110101010111101101100000010000100001011110110101100110101011010110101010011101110000000010101001110110011000111101010111000100110011111100111100011000010011100100011110100011001000111010111101100000000100100000001110011111111101001011100111001010111010010101110101110010110100001011 
11011101100010010010011000111100010100011110000101100110111100000010000111000010111111010101000101000001101011011111100111101001111011110101001110011101000001101111011000011011011100101000001101011001001011010101001101100101011100000000110011110111100011010010111100000110110101010000001010010010001001010001011111100011010010110001101000110110101000001000010100010110101000011001000111100011100001011001001000101101110011010011100101010011010011011001000001011011000111111100100000101101100010100110111110100001 
00010110001010011001001001101110101111010100110110100100100100100011100011001111011010011000110100111110100101100110110101000010111010010110100101010010011010111010001100100001110111111100001110010100110101001000011011101110111110000110001000001101101011001001100100011110000111101011101110000000000000001000001010001111011001000011001001011101101011000001000010010111011010101101001110110001010110100000100100100010101010101011010100110010000000000110101110000111000000000010010111001010000011011101110111100011 
01011101000011011100101100110000100001111010000101011101110000001111110010110100101010010110101010001001101111011101100010011110111011110111000000011001001010100111111111011101011101110000101000010100001001110110001101011011000111101001110100100110001000110111011010111101100110110101001011010000110001100101101100110111000011000001111010100011001110001010001001110011001010010101111010000000001110010110111001110001011001101000011000011100010010011001000010011111111000010011001010111010100111100010010011010101 
10110111001001010010011011110011010000001010000111110001111110111111110111011000001100000110111000100101111010010100110111100110100111011010011111110011111111101100000011010011001010101101011000010100101110110111011101001101100101001011110101110011000110001100101100001000110101110010110000100111111010010011011010011001100111011100100011001010100110111000111011011011000111111000110000101110001101100001110100110011100000111101011011001110111010110100110000010011010101001000010101000101010010011101101011101101 
10000011010101010100100010000010110011011100001011100000110100101100100111011010010100101100101001001000110000010110010010110110000101000110000000001110111110110011001001010010011010110001010001001111001101111110100111100011100010111001111100000110111101110010110110110011011011000001100111011011110111110101111000110001010011110010111011001110011111000001010100101111100000101111111001100111011001111000110110101111000001101011110100010010011110101011001111001101011011010100011111011000110010010000110001100111 
