01000111111001100101100000100111111001000100000111011111011110011000011000000011111000000010001001101111011010001010011100101111000101000110001110010000111000010110110000010100011010110101011100111001100100000101001001001011110111000110001000101101000010010000110000101001010111011000000010000101110100010111010101010000000001001111100001010110100110000000111010010101101100111001110001111100001001000010000011101001100111111101010010101101001010110010011011111100001100010010111000011011000011000110011010001100 
11011100011011000100011010001100001100011110100101000111111000000001100101110110100011001101000110111011110110010111101000011010000011110101001101011000010100110101010110100010100100111011001101101011111101110101100011001001111110110000000100100101100100000111100010001100111111111101110000101111001100111000110011100001100001010011111111101000010101111010100011011110110101011111100011001110100110011010110100110011000000111111000111111011000111101101011101111101110100001111111101010111010101100010110111001001 
01000111111001100101100000100111111001000100000111011111011110011000011000000011111000000010001001101111011010001010011100101111000101000110001110010000111000010110110000010100011010110101011100111001100100000101001001001011110111000110001000101101000010010000110000101001010111011000000010000101110100010111010101010000000001001111100001010110100110000000111010010101101100111001110001111100001001000010000011101001100111111101010010101101001010110010011011111100001100010010111000011011000011000110011010001100 
11011100011011000100011010001100001100011110100101000111111000000001100101110110100011001101000110111011110110010111101000011010000011110101001101011000010100110101010110100010100100111011001101101011111101110101100011001001111110110000000100100101100100000111100010001100111111111101110000101111001100111000110011100001100001010011111111101000010101111010100011011110110101011111100011001110100110011010110100110011000000111111000111111011000111101101011101111101110100001111111101010111010101100010110111001001 
01000000010101011010101101000001100010000010101000000110000101010011000110010001111001011010010001101000111000000000101010010001011000001001111010010110100001001010110111011110000001101110011100000100000100110001001000011111100000011001111001110110011100000010011110011011110010100101011111010100101111100100010110111000000101111011110110111011111001100100100110000011101111110101001010100101001110001001101101011001101101101001101001001110101110101011001110100000010011111100000101101010001111011100010100001010 
01100001000010100111110010110000111001101111000000101000111111001010011111110001100101101111110101011001011001000001110111001010011110000001000010100010000100011110101101001100110001000011111110001000110110010110001000111001010110011000010100111010110011010110000000011110101111011110011001001110010011001001110001100110001011011001001010000001001111011101010101001100011001110111010100100011110000101000111100111001111100010110101011011011001011111011011100010000011101100011100011011111110100001011101100011110 
00110000110101000001110110100000010111101100010001101010111111001000100010001010011100101010010000111010000101101000000110010011100000101001000101011001000011001000001010011001100101010110010011100111101111010010100000000001110011010001100000000110010101001001101111000100100001010000110010010011010010111010101110010010111000111110111011101111101101011010000001111001110011000100000000110010010011100011011011001110101000011100110000100011000110111000000110010110100001110111101100010011100111111000111110011100 
01000000010101011010101101000001100010000010101000000110000101010011000110010001111001011010010001101000111000000000101010010001011000001001111010010110100001001010110111011110000001101110011100000100000100110001001000011111100000011001111001110110011100000010011110011011110010100101011111010100101111100100010110111000000101111011110110111011111001100100100110000011101111110101001010100101001110001001101101011001101101101001101001001110101110101011001110100000010011111100000101101010001111011100010100001010 
00110000110101000001110110100000010111101100010001101010111111001000100010001010011100101010010000111010000101101000000110010011100000101001000101011001000011001000001010011001100101010110010011100111101111010010100000000001110011010001100000000110010101001001101111000100100001010000110010010011010010111010101110010010111000111110111011101111101101011010000001111001110011000100000000110010010011100011011011001110101000011100110000100011000110111000000110010110100001110111101100010011100111111000111110011100 
01100001000010100111110010110000111001101111000000101000111111001010011111110001100101101111110101011001011001000001110111001010011110000001000010100010000100011110101101001100110001000011111110001000110110010110001000111001010110011000010100111010110011010110000000011110101111011110011001001110010011001001110001100110001011011001001010000001001111011101010101001100011001110111010100100011110000101000111100111001111100010110101011011011001011111011011100010000011101100011100011011111110100001011101100011110 
10001011011011100011000111011100001100101101111000110011100110011110011010011101100011001010110000010001110110011000010101110110011111010011110100100111010011001101100101000010101001001010001011001011010111011000111010111110100011000101110110111101100101100110100110110111111010111010010101111111101101011101111100100111101001100101010001111100010100100001011010000111101010001011010110000110001001010100100110011010101111101101101011010010100010101000100110011110010011010000110000010001010011111111100010111010 
10000011000101111000101111101101011110111010111011001101110101000101001000001010011011101000110100011001000111111000101101101011111010010111100101010110101101110010001100011010001111001010110111111011001000000001100110011001000011110010100111001110001110110100101101000100001010001010111110010111011110100000011011100100101000010100100100011011000001101001110010011000011100001011111100010111001110110010011100011110100100110101010110001100101101000111000101110011110010011101110001011000001111010011011011011111 
10000011000101111000101111101101011110111010111011001101110101000101001000001010011011101000110100011001000111111000101101101011111010010111100101010110101101110010001100011010001111001010110111111011001000000001100110011001000011110010100111001110001110110100101101000100001010001010111110010111011110100000011011100100101000010100100100011011000001101001110010011000011100001011111100010111001110110010011100011110100100110101010110001100101101000111000101110011110010011101110001011000001111010011011011011111 
11010101011101101000000011001101001100010100100000110011100111101001100011100100010110101011101011001100100000100001101100011000111000011000001100011111101000001000010000101101110101010100111101011110101000100100110011111010010110111001100001100001011110001110100100110110011011101100010111101111011000010000111111101001110011101000101110110100111110011010000011011010001010100011101001101111100101010011110110110010001110010011111100100010000011101011110011000101000110001001100111101101100110010010000111010011 
01110011110000111110001111010100010110010000001111001110100001111110010011101000111011110000010100101011111110001111101010001010100110101101111011100101010010110110011000111100100111011001010110001000000010111101010111101100110010000110100000001100110001010110010101110011000001010010000011101101111111000011110001111111011101011010011101111001010001000101111011111111111101000101111001000000101111011001001011101110110111000100110011010101100011110011111001111011001110000011001001100011101001111000010110011101 
01110011110000111110001111010100010110010000001111001110100001111110010011101000111011110000010100101011111110001111101010001010100110101101111011100101010010110110011000111100100111011001010110001000000010111101010111101100110010000110100000001100110001010110010101110011000001010010000011101101111111000011110001111111011101011010011101111001010001000101111011111111111101000101111001000000101111011001001011101110110111000100110011010101100011110011111001111011001110000011001001100011101001111000010110011101 
10001011011011100011000111011100001100101101111000110011100110011110011010011101100011001010110000010001110110011000010101110110011111010011110100100111010011001101100101000010101001001010001011001011010111011000111010111110100011000101110110111101100101100110100110110111111010111010010101111111101101011101111100100111101001100101010001111100010100100001011010000111101010001011010110000110001001010100100110011010101111101101101011010010100010101000100110011110010011010000110000010001010011111111100010111010 
11010101011101101000000011001101001100010100100000110011100111101001100011100100010110101011101011001100100000100001101100011000111000011000001100011111101000001000010000101101110101010100111101011110101000100100110011111010010110111001100001100001011110001110100100110110011011101100010111101111011000010000111111101001110011101000101110110100111110011010000011011010001010100011101001101111100101010011110110110010001110010011111100100010000011101011110011000101000110001001100111101101100110010010000111010011 
01010100110101010110011110011101101101010000100011111101010110000001011011010001100100110010101100011100000000100010110001011101100101110000011001000000110101111000100100100010000101110000001101010000010110010010110111111000111011010010100100001010100111111110101111000101011110010110000100101100001100011001110100100000111011100111110111011101010101101110101101111010010001001100101100010010101010000011000010001111010101000011011111111011011110111000101101110001011100000111001111010100110001011101010100010111 
00111000100011100100110110001101010101100111011001101111110110010011101010001110110000111101001000100100010110011001001010101011111111001011110101110111100111000111000100110100010110110010010101010011100010110100110001011100010001010001001100101101111000010000010011001110100010110010001101001001001100100111011101010000001110111101011011101110011101110001001010011011000101100110111010110111100001110111011010011000101011010110001001010010011010100101001010101101111001110011011101000110111110110110100001101111 
00000111011100100111000100010100101010001110101011000011001100101011000011000111100001010000111011010100111111001011100001011111111101110101001111101001111110011110010010111101111000011100010101100101010100111100010010011100100000110011100000001010110110110000101011010110100111111010000001000111010111000011001001100110001101001100100100011001011110001101010010111010001111111110001000010011100011011101101011011101000110000010101100001000111001011101000010100110001101100110000000110010100001001101011011001011 
01000111101101111000110011001011001011011001100011110111010001010010101100011000010000011011100001100010010101110001101100001100110110110100101010101010111011001110000100100001011010000111011111101001000011011100001111100111100000110111000110010110001011000010110001001100010011010111101010100001010001010111000000101111000110111100000101110101000100100100000100110011100011110111011100010010011100000100100001111100000000110110100100100000001001111001100011110101011111000000111100101101010110010010101100011101 
00000111011100100111000100010100101010001110101011000011001100101011000011000111100001010000111011010100111111001011100001011111111101110101001111101001111110011110010010111101111000011100010101100101010100111100010010011100100000110011100000001010110110110000101011010110100111111010000001000111010111000011001001100110001101001100100100011001011110001101010010111010001111111110001000010011100011011101101011011101000110000010101100001000111001011101000010100110001101100110000000110010100001001101011011001011 
01010100110101010110011110011101101101010000100011111101010110000001011011010001100100110010101100011100000000100010110001011101100101110000011001000000110101111000100100100010000101110000001101010000010110010010110111111000111011010010100100001010100111111110101111000101011110010110000100101100001100011001110100100000111011100111110111011101010101101110101101111010010001001100101100010010101010000011000010001111010101000011011111111011011110111000101101110001011100000111001111010100110001011101010100010111 
00111000100011100100110110001101010101100111011001101111110110010011101010001110110000111101001000100100010110011001001010101011111111001011110101110111100111000111000100110100010110110010010101010011100010110100110001011100010001010001001100101101111000010000010011001110100010110010001101001001001100100111011101010000001110111101011011101110011101110001001010011011000101100110111010110111100001110111011010011000101011010110001001010010011010100101001010101101111001110011011101000110111110110110100001101111 
11111101000000101001110010110110010001101101000010101001001111001110000101100001001101111000000100010111011110101010011101001010000010111010001110010110001111110011100010100100111101101110010010110011010100110100100110101100111011001011100101010001100100101010111110101110011001101110000110100010101101111000100011110011101111011000011100000100001000101000001001100000111111010001001000110001110010001001000111100111000100000101100101010001000111001010001100000111011011101110011010100101101010000100001100101001 
10000010010110111110100000101000100001100100111001100010000111111000000101011100011000101010000011001010011001101111010001011010100011100011110010001011001111110100110001111100010110000110000111100100101000110011010011000101010010000111000000001100111001100001010000000101110001111001100001111001001000110111000011100100000101100111101101001110100011110101011110010100100100111000010001010011011010001100100011101101000101011111101000110101001110111011100011001010111110111101001001011010111110011010110110111011 
01100001010000111011100110000111011110010010100100101110010101101111000000011110100101101001011010100010001101111111011100010100011100011000011010001111010100111000100101111010000100100101100010000011110011111101000100111011110000111101111111000111100001110011000010010101101111110110110111111010000111111100000110000011100001000101100111010110001100101110111110011110001001000001101011000000001010101011100110111111110010101101111000001001101110011100011111010101011011111110101111110010000001100100001110101101 
10110111011011101010011011011000000111011011001011011001010101110010110000001111000100111001011011101010100011111000111110001111010100001101100000000010101001001000010111110110010001001010110110101001011000111010011011100111101010000011110010111111101000010001100111111101001001011111101011101101000101011100100100100111011100011100111000010010000101011111111111100110111101001111100011100011110100110000101010101000010100000010110101100011000001111010101010110010101101000011000100101000101101101101000001101111 
11111010110011101111100110111111010111011100001010100000111000101100110010100101011110001010000000100000010001100001001001110110101000110000011111111101000110000111001010110111011110011100101111101101000000001101011101111011100110000001110110001011110110101001110111110001101000010100001000011000010111111011100001111001110001000001001011000100000010100111111110111010101001011110010101001111010011110000100111011000110001111001011111001110011101000111111101010110110111101001100010010001010011111111000101110101 
00000111101100010100101111110001101010010000110001001110001101011011100101000001110111011101010011100011010110101010010000111101100000010011000101101101100101100011100000111010011011110001000011011011101011100110011010000111011011001111101101100001101010110000100000011110111011010000000110010010101101010101001100110110111110000101101110001011011100000100000001000101000011001110101000000111001001110111100101100000100110001101000111101100010111111101100001100011010111110000001011101010010111110000001010110101 
10011100110000111101110011001011100110100100111000100010011110011110000000000010100001011011110100011011110100101111000111011010100010111101100101101111110110001000101100001100010100101100000110100001101101001000010111100101100100000010110010010000100111001000000100001001011010100100111001101111101011100110100101100100010100110011101011000011111011100010100111000100001001110000111011100011011001011101111011010110101011010101101011010110011100110000100100110000100101000100010101010000100110100010011001011111 
01000111101101111000110011001011001011011001100011110111010001010010101100011000010000011011100001100010010101110001101100001100110110110100101010101010111011001110000100100001011010000111011111101001000011011100001111100111100000110111000110010110001011000010110001001100010011010111101010100001010001010111000000101111000110111100000101110101000100100100000100110011100011110111011100010010011100000100100001111100000000110110100100100000001001111001100011110101011111000000111100101101010110010010101100011101 
10011100110000111101110011001011100110100100111000100010011110011110000000000010100001011011110100011011110100101111000111011010100010111101100101101111110110001000101100001100010100101100000110100001101101001000010111100101100100000010110010010000100111001000000100001001011010100100111001101111101011100110100101100100010100110011101011000011111011100010100111000100001001110000111011100011011001011101111011010110101011010101101011010110011100110000100100110000100101000100010101010000100110100010011001011111 
00000111101100010100101111110001101010010000110001001110001101011011100101000001110111011101010011100011010110101010010000111101100000010011000101101101100101100011100000111010011011110001000011011011101011100110011010000111011011001111101101100001101010110000100000011110111011010000000110010010101101010101001100110110111110000101101110001011011100000100000001000101000011001110101000000111001001110111100101100000100110001101000111101100010111111101100001100011010111110000001011101010010111110000001010110101 
10110111011011101010011011011000000111011011001011011001010101110010110000001111000100111001011011101010100011111000111110001111010100001101100000000010101001001000010111110110010001001010110110101001011000111010011011100111101010000011110010111111101000010001100111111101001001011111101011101101000101011100100100100111011100011100111000010010000101011111111111100110111101001111100011100011110100110000101010101000010100000010110101100011000001111010101010110010101101000011000100101000101101101101000001101111 
10000010010110111110100000101000100001100100111001100010000111111000000101011100011000101010000011001010011001101111010001011010100011100011110010001011001111110100110001111100010110000110000111100100101000110011010011000101010010000111000000001100111001100001010000000101110001111001100001111001001000110111000011100100000101100111101101001110100011110101011110010100100100111000010001010011011010001100100011101101000101011111101000110101001110111011100011001010111110111101001001011010111110011010110110111011 
11111101000000101001110010110110010001101101000010101001001111001110000101100001001101111000000100010111011110101010011101001010000010111010001110010110001111110011100010100100111101101110010010110011010100110100100110101100111011001011100101010001100100101010111110101110011001101110000110100010101101111000100011110011101111011000011100000100001000101000001001100000111111010001001000110001110010001001000111100111000100000101100101010001000111001010001100000111011011101110011010100101101010000100001100101001 
01100001010000111011100110000111011110010010100100101110010101101111000000011110100101101001011010100010001101111111011100010100011100011000011010001111010100111000100101111010000100100101100010000011110011111101000100111011110000111101111111000111100001110011000010010101101111110110110111111010000111111100000110000011100001000101100111010110001100101110111110011110001001000001101011000000001010101011100110111111110010101101111000001001101110011100011111010101011011111110101111110010000001100100001110101101 
11111010110011101111100110111111010111011100001010100000111000101100110010100101011110001010000000100000010001100001001001110110101000110000011111111101000110000111001010110111011110011100101111101101000000001101011101111011100110000001110110001011110110101001110111110001101000010100001000011000010111111011100001111001110001000001001011000100000010100111111110111010101001011110010101001111010011110000100111011000110001111001011111001110011101000111111101010110110111101001100010010001010011111111000101110101 
01001111011111101100111110110110011110100110011011100010011010001010101111111001110011111111101100110010110010011011110110000100101110011101010100010101110000100001111100101110001101111100111000100111110010010111111101011101011001010000001011110001100111110110001100101110111000100011111001111011001001001110010111100111110101111010000101000101101000111100101001100001010000111000000011111001110011000111110110111010010001010100010011011000000001011100000101010111000011110001000101101100100110000010111001111111 
10001110111100111010100111011101110010001111011010111001010010010001100000110101000100000101001111000001001101101110011001011111010000111111101010010100101110000110000111000010110001001110100010010111100011001111001010010110010111101111101111011111101001101110010100100010011111001001011110000010110100000011100011001000111010010010110000101111100000000101000001000000000111000101010010000110100111110100011000001110101110111000001100000110000110001110111010111100011001101001010001000101101000111110101111000011 
10001110111100111010100111011101110010001111011010111001010010010001100000110101000100000101001111000001001101101110011001011111010000111111101010010100101110000110000111000010110001001110100010010111100011001111001010010110010111101111101111011111101001101110010100100010011111001001011110000010110100000011100011001000111010010010110000101111100000000101000001000000000111000101010010000110100111110100011000001110101110111000001100000110000110001110111010111100011001101001010001000101101000111110101111000011 
01001111011111101100111110110110011110100110011011100010011010001010101111111001110011111111101100110010110010011011110110000100101110011101010100010101110000100001111100101110001101111100111000100111110010010111111101011101011001010000001011110001100111110110001100101110111000100011111001111011001001001110010111100111110101111010000101000101101000111100101001100001010000111000000011111001110011000111110110111010010001010100010011011000000001011100000101010111000011110001000101101100100110000010111001111111 
11011100011011000100011010001100001100011110100101000111111000000001100101110110100011001101000110111011110110010111101000011010000011110101001101011000010100110101010110100010100100111011001101101011111101110101100011001001111110110000000100100101100100000111100010001100111111111101110000101111001100111000110011100001100001010011111111101000010101111010100011011110110101011111100011001110100110011010110100110011000000111111000111111011000111101101011101111101110100001111111101010111010101100010110111001001 
01000111111001100101100000100111111001000100000111011111011110011000011000000011111000000010001001101111011010001010011100101111000101000110001110010000111000010110110000010100011010110101011100111001100100000101001001001011110111000110001000101101000010010000110000101001010111011000000010000101110100010111010101010000000001001111100001010110100110000000111010010101101100111001110001111100001001000010000011101001100111111101010010101101001010110010011011111100001100010010111000011011000011000110011010001100 
01000000010101011010101101000001100010000010101000000110000101010011000110010001111001011010010001101000111000000000101010010001011000001001111010010110100001001010110111011110000001101110011100000100000100110001001000011111100000011001111001110110011100000010011110011011110010100101011111010100101111100100010110111000000101111011110110111011111001100100100110000011101111110101001010100101001110001001101101011001101101101001101001001110101110101011001110100000010011111100000101101010001111011100010100001010 
00110000110101000001110110100000010111101100010001101010111111001000100010001010011100101010010000111010000101101000000110010011100000101001000101011001000011001000001010011001100101010110010011100111101111010010100000000001110011010001100000000110010101001001101111000100100001010000110010010011010010111010101110010010111000111110111011101111101101011010000001111001110011000100000000110010010011100011011011001110101000011100110000100011000110111000000110010110100001110111101100010011100111111000111110011100 
01100001000010100111110010110000111001101111000000101000111111001010011111110001100101101111110101011001011001000001110111001010011110000001000010100010000100011110101101001100110001000011111110001000110110010110001000111001010110011000010100111010110011010110000000011110101111011110011001001110010011001001110001100110001011011001001010000001001111011101010101001100011001110111010100100011110000101000111100111001111100010110101011011011001011111011011100010000011101100011100011011111110100001011101100011110 
10000011000101111000101111101101011110111010111011001101110101000101001000001010011011101000110100011001000111111000101101101011111010010111100101010110101101110010001100011010001111001010110111111011001000000001100110011001000011110010100111001110001110110100101101000100001010001010111110010111011110100000011011100100101000010100100100011011000001101001110010011000011100001011111100010111001110110010011100011110100100110101010110001100101101000111000101110011110010011101110001011000001111010011011011011111 
