01111101111100010011001100101111110000100111011110001001100111011010101100100011111010000000011111111101110000001111111110011001111011100111110101100111001111011110100101000110010101011011110100110110111101010100111110011111101100110110100111010111101111100001010000111100111010001010110010011010110011001011010110001011011001110100101011100101101001111000010101111101011000110001111010111111001110011000101000110111110101010111001110010010110110010111100110001110111010010011101101101010101111111101101010010110 
01111100111011100110000100100110011010011000111100100000101000100010010111001000011111100010000000110010011110011000001000001000110001110101011010111000000001100010101011100011000010010000101100101110100000011000010100010010000011010101010010001111110101101011011011100010000100101101000110010011010111000100111011100110001001100100000001010111110001101010010010100000010101011010000010000000000000001010111110000001000111100001001010001100001001100100100000000110110110001000111001111110011101110010000000011010 
11011100100111100111111101110111010001110100010111010011110101111010111011100101010010101100100011101000101100111101110000010011101001111111101110111000100011101111110111101000010100101111010001011101110011110101010000110111111111000100110111010100100111101100011111000111111110011101011111101111111011110001101111100001100011111001100001101110001100110010101001001100011010001111110011010011110010110011100111100011010101101101010101001111111010110010100000101110100010100101010000011110000111100011010101111001 
11011101100011010010000001100110111110001011111100011000000000010111100011000111001011100110100100001000001000000010010011000111000001100110010100101010001110100100000001001011000110011000100001001001110011101110001000010000111110001100000000000010100010111101101101101000011000001111101011010101010101001100110000110101001100101100010010010010111100100000010000101110000101011110010010011011000100000010110100010011000100110001101011111101100010110110001100001100100110000100101011101000011000000100000100011101 
10101110001011101100100101010000001100011000100001111011011001100111010011011100000101111110100001010000001101110001000001100010100101001000001000011000100100010001011011111001100011000100001011101000000010111011001001100100010010001001001000101000010000111010101111000011000100100000101101100101001100110100101101110100100110001011110100011011010010000111100011001010110111001110100101001000110000100110010111001000001010101000100101101101001000101000011001100111001101110100010010100101001000000010000001101001 
11001100000010010000101000101110110000110000111001001101101110011111110101100011000100010110110101001100000110001100011001011011000010111101000001010110000011110001010110000011110100010001011000001001010101100100111100001100110111011001000011110000100000100001111000101100001010010010001110110111010011110111101000000111100000010111011000001100000011101001010010011110011000110000001000100000001001101101010100001001010100001001000001000110100110010111001101000001100100100111011000001000011100101110001011000101 
01000101001000110101010100110010100100001100001000000000011101101100110110110011110001010011100011100010000111001100001100011101001110111100000010000101100100000000100010000011101001011011110111000011101101101110010101000001010101001010100000111111011011110111111010110110101010110100101100010011010000011000010100001100110111110011100010010000100100111000100100111010010100001110000001001110001000100110001101110000010100001011001001010000100110000000000000101000001011101011011011100110010100001010101111111010 
01110000011011010010100101110110110110000110111100010101101010100011110011110100101011100100001000010000001000101000000010001110100000000000010110010010010010100010010011000011010111101010100001101100111001101111010000000000001111001001000010110011010010110101101100100110010010110000110101100010100011111111010011110001100000000001010010100010101000010001110000111110001111101110101100001101011111010001010001000100101011111000110001101101101001101000001001010001101000100100010010010001110000000110000111111001 
00101000010011111100001100001010101101010001111010110001101010011101000010001111010000010110010000010110101001001000100010100011100101111100110000111111110011001000111110101011111001000110111001001010100000010100100010000001100100001010001011101011110011000111000011010001111010111011101011110011000011000110001000010000011001010101110000010100100110100010000100000010010001011111010000011001010110000110010000011001110110100010011010110000100111110100001000001000100111100010111100111010100001000001000000000111 
10010111101100111011111111011010100001101001110001111001010011011100001001010000100100011001111111111111111001100111101100110000100010011111101101100011011000010100111111001100011000101111010110110111001101110111111111010011101000011111100100101000111110000010100110111110000111110100010100001100111100111001110110101111100011001011001111101000000000011101100111111101101010100000101111100110101011111101011001000110011001011111100101000111111010001011010111110011101001111110000011000101010110111010011111110011 
10111011011111001101100001111010100010110111101110110100111101100100110110111111100101101010100111110011010001100101110011100000101100001001101001100110110111001111110010000101110011000011010110111011101001101101011101101000100000011001110111010111100111001001001101101011011111100010101010111100010010111101101011100010111001001101101011111011101001100011111110110111011011010111101110110111000111101111011100000001111000111111000100001100000001111110011110011101010100011110110101100010001100001000110100111001 
00001101110110111100001000110111001100110000010100100011101000101100000111111110000010010010100001110000000100111100010001100010011011110001101001101000010111111000010010111010001100000110100011110001010100101000010110100110111001111111001100001000000010000101001111001010100001010100110001110001001110001000010001000110000101000100100011001000010110100011000010101110110101011000001110011001101101100110111110100101000110110001011110111010000011100101001100101000110110001000101010100110001111100110110000001111 
10000011001000011001111111010000100101101011000011011101010101011100101000111111000100011101111111011101110001100111110100100110001010001010100111000111111110011111010100001100111100101111010010010111010111101111111111101111111000101011111100101000101010000000100110011101111111110000110101001100101100111011100100011001100110011011111111101000000000010101101111111001101010100101100101110111111011011101000001111110101000001110110101110111110111011011011011110001001101110111000110000001010110001101111111101101 
00011101001110000100101010100000001001000010100010001110100101101010010111111101011001101101110110100101111001001110101010110010110110000111000111101100110110011011001011000010111100110101111101110010011111010101011100111001100110010011010000000000111111100011010110110110110111001111010100011100011010111110010011011111101111000001100001010001100101000001000110011000101000010010111001101000001010011110011100100100110011010111100000111001100101011100011010100101111111001111111111110011110001001100101111101101 
11010000000010000111000010000100111011001110000000111101111001000000011110010111100001100001101011101000011101101010001101111000000100000011000101110011001101011000101100100100101011100000001011001010000100110000011101000101100100100001111111000000100001010100100000100010010001001001111011001101110110111111101100101011001101100011000111101110110000110101000001001100011101011010110100010101100011001100110110110101101110011011001100001001111011000000001000001110000000101010001111000100011000110001000111000111 
11100100010100010110011100001000001010101000001111010010000101100101111110101011001011010001100110001000100010010110000111011010000010101110010111101101101110100010110111101000000101111000000000000001010000010110010111101101110110010100100000101101011011110101011110101110111110000111000001010011000101011101011001101010000100100111000101000101111001111000110010000110010111100000011101001101101010101000010010100001000110010001001111110111111110100101100100011000011100100010000110111110001000111101100011000001 
00111101110001001010100110110101010000000101000111001101111011110000111101110100000010101000100111101011110110011011000101100100011110011011101101001001100111001111111001011100001011011101001010111001011011001110000010110010011011011110010111011101110001100001101101001001110001100000110010001011010100110111100111110011110001100101001101001111001011100111011111000110101001000011011000100010111100101010000111111111111001111010101000111110111100111111111110010101110101010000010110001011011000111001010011101111 
00111011010110110000011100111000010111111001101001001100101011100111011101110011111011111011100110101001111010000010101110000010110111110111110110111111011111000001100101111110111111000100111100100011100011110100000001000000001101100000010110110111100010111010110001101001001101001011111011101010011111010101000001011101011000100010101110110010010001010111001000010000001001100001110011010001101010101110010011101100011100001011001011011100001100101110111001000010010010101000001011000101011000100011010001000001 
00101010100111000000010101011011001100110111100110000010001011111100100011111001110000101110011010010111110101011101011111011111101000111110001011000100101101001101001011101111010100010111010000110111111010001111110011101001011011111100111010011101011000101101001111101001000101001011011010101101100111001111100011111011011000111100011101101111011111001111011011110111101001010101110010111001110011011001110110001111101011100000010110101111010101111111101111010101010101010000100100111011100011110100000010000111 
10011111010100110100000101011100110110011010010001101101111100000100011010100111011011010010110101010011001010000000101011110011100101100001011010100100001000000001110011101111000101011110111111110001110100010100111011101100001000010001000001011001011111010000000110111001101111011011111101011100101011101100010101000111100001100001111111000101110111101010000111010110001011001011110100100110011011001100101111010000000100001001100001011111110100110001010001001110101101101110110100100011101011000110011011010101 
10111011111001101111010111010000001111001111000111011010001001101000100010011100110011101000001010111111111001110011100110100111011101000010110010101011111100000110101001111100001001001100100111100110001010011011000011100001101000100100111100001111010111011110100111000011110101100111100000001001101100111000010111111100011110101000001111100011101110110111101101101001100110001111110111011110110110110110101011011110001011111110110110111001010101101000100010011010010011101010001101100011101110010001110100110011 
01111000111100000110100101101110010000111100011010111000101011011010001111101111100010011100001010010010011111110001110101000111100010001000001110010011010000000111010101001101001110101111101000101110011001011011111011110010000000010100101000110101001000110001011101000110000011000101001000110000101101011010110110001111111001110101010100010101110100011001100111110010001101000100000111011110010011101101010111000001111011010111101011001011001111011010011010111111110111010111000011100101111000001110110101110011 
11110101101011011101101000010000100011000100110011111100000101100011100001000110000100001001101101001110100111000001111000001000111110111101010000110010000011100010001011010101101111110100100100111010000001110100100010000000010100001011111100001101110101110101010101010010001101101010100101100011001000101000111111011110010111101001010010001101101010110010110110011110010111110010001010101101101100011011011001111110101000111001101000110000111010011010010010011111110011101101111101000001011110110001010100011111 
00000010111101101101010100100011001011100001111101000101101011101110010110111000011101010101011100110001000111101000111001001101110010110011001110000101010111111110000000001000111101000100001111110110101001011001100111101011011100110101001001000010001100010100011010010111011010100111001101000001101011110101110111101000010110100110111100001000110000101100010000000010010111001010101100010010111100011101001101101010000101100111100101111010001111011000101001011001111010101000000001100110111111101000011110001011 
01101010111001010011111101111011101010110001111111000100000110101111110001101000010110011100010101010101101010110111110001000111111111111100111010000100110011101111000011011011110100011111110101111101111011001101110101101011111010010010101111111001011010101101111111011001001110110110001100110001100001000000011000010100110010011100110000110001001101001010110110111010100010110000001011000010011100110001000001000100010001110110110111111100001110111111110111110011101011010101010100101011101011011110111000110011 
11010000100011001011001001001100110010001011000101111001110100110010011110000110100011110111100110101001010000101100000000101010010111000000110101111101010000010110001100100100001101100000101011001100001101111000111110001101000100100000100100001010100111010101100100100010010011011000111011001100110111101010111101011110001111101111010111101101110100110011000001001100011101001001101000000001110111100110110010100001101110011001010000001001011011010100001000011111000001000010101011000110011001000001001001000101 
00011101000011110110010001001101010101000100110011101111000100001011001101011100111110001111100100000011010001100000000110010100011010101001010000010011010000101001101001010110010000011010100001001010110100100010111110101011011001111001111100100001011000000001101111010101001001010110111100000100001110101010110001011101111010010011010001100010100111010100010100100010101000011011010000111010110000110011011011100000000001001001001110011000110001001011100110100000010000010001110000101001101111100010011111110101 
11001001110011001011101110001110000100111100010000010101011001001001100101101010100000000100100101001000110001001010001010100110010100001111111111110100101111001101000001001110100111010001101011001001010100100001100010110101110111111100000111011101100100000111010000111111000010100110111000111011000011010000001110110000011000000001101001110110001100111010001011101011010000110100111000010010101001011111011011101010001011001001011111100100100111000011100011010101111101111110111101101101110001101101010010111101 
11100001110001101011001101011111110111111001011001110001110010000101101000000111110100010010101000010000000010110001010101001111001011101100011010110111101001100100110100101100101011000011000010011101011001101010100011000010011001101100101111101101110110011100101001000101001000010110100011100000000100100001101110100000010000111110010011100110011010111110110001011111101111101101000110010111110100000011100011011010001100101000011111001010001010101011000100011010000011110100000000001100001011100011010000010011 
11010000000011101010110110010000000111111000010011010110010101111100011010011010010101010101101000111010001100111010111000100010000111011001111011100101100001111101011110110011111010100000000010001111000000000011110011101000100110001101101000010100110001100111100110111111111010011101011011101110001000110110001001110010100000101000011001011000101010101101000110101000000111001101000100110010001011010010111010010110110001100010010000110011100100010010010100011100000101100000110100010100000111010110000111101001 
01100110100101111111011010111001011100010010110000001000101010100101111001001000111100100111010001110111110101000001111010001010111001100011011000010001101101111010000100000010100101011110011001110100101011111010001001010100010101010011100111000111110110110101100011000111100111111101101111110111001101110111111111100010001000100101001011110100010011101010010010110010011000000101001000100111010011001100001100110100110100010000001000100000011110100010000010101011000000010001000000100100101101101011011100010111 
00011011010111000100101101110011101001110000111000100000100100000000011111000000101000110000111001110110000110000010110000111000101011101111001011100101100000101010111101110110101011000011010101110100011110101100010110110001000001011010111100011111010001110110101011011011010010000010100110000011011100100110001100000111010011000100111010110010111001110000001101101101100011010000110110100100010010101000111010001011000110000101001100000000010101000011011001001001001111110110011011011110101001000100100100110001 
00110001011000011000100010101010001110000011101000101110001010001110000100011000100101010011011001010111010011010000001111101100010110110000010001000110010110000000001001011101101011110000101100100010001100011000101111000000000010111111000000100011011100000001100010111000000001000010111000010000000100001110010100011111001101110110001110010101010111011101010110100011100101100000001010100110101100011101011110011100100100010010101010010010011101001101111101000000010111011110101011100001011000010100101000000110 
01011011001010010011111101101000010011111000010111101011010100001111110010001100000110000101011101000000001100101011101001011000000101001010101110001110010101001001110111001011110011100001110001010010011010001110001011000101010001011111010110011010010100111010101011010001101000010101010101011001110100000000110010110001111011110111100000110010011000010011010111111001101100000000011101000000000011110010011101000101110001101010011101000011100000000010111100111101001101101000101100110000111100110010101000100111 
01011110001110111010100101010010111111011111011100111001110000010011110000011101110110001000111100110111100100010101001011111011100111001001110011001000001110100000101111010001010011111010111001001000001001110010010010111101011011000001010101010001011011101011111110010011110011100010110110001100111001110100001001001010011111010010101010100100100110000011110110011101101011110011001010000101100101000011011000001100101100011011101111001111010011110101110101101010011101011110011000010110100101101101011111100111 
11101011101010100100001001101011001011000111001110010111111100100100001100011001111001110010010001010100011011010001011110000000100110100110111100111001001001011000110111100100111110100110110100001100010000110011111011100111101000111010001100101101101111100011111001110000111101000000010000001111111101010110011110010000101000010011001000110101110000001001011000011001100100100110100101000110001011111010111011101100100000100111000011100110000000101001100101110001010010101101110110001010010101010001111010110101 
11010110111011111111001110010100111110000111101100100000011010110001101001111011001000001011101000001000001101101000101010000111011110011011010001011010100000100010010111011000111110010111011110010101111000111000010001010111011001011100101101001001010010011001001101001011000101110101101001100100010111110011101000110110010100011110111111110001001110000110100001110010000001111001011000101001110001111000011001111100011101000100000010000101011100010111001110011010000110100101010111000010110010110011000101011001 
01001110110000001100001000001001001010110001110101111011001001010010110001111010010111100000011011000101110111111001111001111111111000100001101100011011001111100000001111011111000000101101111000100000010110111111010101011100111111101000010010100010000100010000000110111001010101110011011001110001100110111101011011100011110110011111000101100000001001011000011011011100101010010100111010011000111010011011110100110001110000100010111100100110111010111010011101001111111010110010000111111001110011011111011001001011 
00111111001110110110001000101010111111101011000000010001111010010010111011010001111010001000111100010010100100010001101001101011110101000010010011101101101011000000101101010000011001000111111001001000010011001010001110111111101001001101010011010000010011101011001111011001110010100000110101101110110011110110000001000110100100100010100010000110101010100001111010011100010100101110100000001101010111010001000000000100001011111101110001010011101100001100111111010000100000111010110010110000100010000110001111110101 
00011001010010111100010011100110111001001010001001100110001100001000110100000111101001110111100111100110001101100010000000001000101000111011110100010011000110010110001101011011101000001111000101100010000011001110100010100100111010100110110010111001111000011110011100000000101101100011011011111001010111100000011001101010010011010011000110010101100011010011100111100101100010000011101011111000001011010010101100110010101111111010001100000011100001000011011101100000110101000111101111111111111011001101001001000101 
00110100110001101001101101001101101000011110000011110110100101110101001100101111000001011000100000000100101111011100101010010011111000110111001000000101110011101101110100100111000010100010111101001001110101101011000011010010011001111100001101000100100001111010000010000011000010000011100000001011011100011011000110010101110111110100001001101011000011110010010000000000011101010010011001100000001101100110111100000101010111000001001110001000001000000100100101011110110010001000110010111110110000111010000000000011 
11001011100100011100001000111001101010111000101001000011000001000110101001100111001100100010100110001001010011000011010101101001000110010100001010100001011010101001100000001101000110010100000100000010101000101110110011011001101101110011011101011010011101001101010010110111101000100010000100010111001110110011000110000110000001100000111100001010101101011100000110000001111001111000100100101101010101010101110110001000100110001011011110011111101100100000101010110100000000010100010000111000110100000011011111100101 
01001100101110110101111001111110010011010111001001110010010010011111111101101110101111110001101001100001111011110110001100100100001111111011110101011001101101001000111110111001101011110111110001000110010000100111111110011000001100010110001110100001101111001001001001100011111001001100110110011000100010010100101101101011011111111111100001101110100010001000100101111011100011111101010011111100100111011100011110010100001101010110001010111010111100111111010100110001110111010111111110110100010011111000100001111111 
00100000111100011011000001000001001110111110000011000011100111110111110100001111101000001110000100000011000100001111100000011000111110101111011010001111111001101110010010101001101111011110111001000011111010001100010000001011101101110000000101100101111011110010010000000111111001001011100001111101110000011100111011011100010010111100010001010000000101010011101001000110010010101011010111000000100101101101011111110001000110000001100101000100011111001000001000001110010010100111100011001101011011001101100010010011 
01001101001110100010010101010101001010111111110111100000110001001010000110111010000110110100100101010100001100010100111110011001011110111111010110010100011001110000111011001110001010101000100001100110110101011011100010100111000010010101110011010101100110111011000000100000101111011101001011110010001111111001000011111111101011001000000111011111100101101101011110000100111100100010001110010101000010111001111111111001001000111011110010101000001110001100101010000100111000101110100000010101001101000101000101010111 
00111000111010101001010001101001100011010001101000011011001111100100000111101110100111101101011001101001000000101000101011001110010100110111101101111101111001110110101100101110101001100010101011100000100110011110011111001100100011111001101011110110011010001100001101100111001111101111111001111110111111101001100100111000001100010100010001100001101110011011010101010110001010110001010000110110101110100001001010001011100100111010100101000001011000011011000111100001000101100011111000100111101001111111000001001001 
01111100110001110101001011000100010001001100111000001000011110011100111000011110110111111011100011100110100101110001111111100000100001110010100100010011000111011110100011001001110011010011110110111000111011011010010110110000000110001101000001111010110000100100111101001000101000011111001110101001011001000011111111010101000100001100000010111001111101010011110010111110111011011110100111011010100101100100001100101110111101011110011101100100110010100000100001001110101011111110000110111000011100111000000111101111 
00011110111010101111001111011111101100111101000001101111100101011000001100110110101101011001010111011001110000010111000111001100010010110111011110001000111101001111111001101100001101010011001000110011100000100110001010010011011011011010110011010100010101100010101100111111010010011100011000110111101001100101110101011110100111101100110111000111111100001111011000001011001110101111111110100110111111001110100011100011110010000001111110001101001001111011001101001000110110111000111100110101100001101101100100110011 
00001100011011110011110111001110010111000011010111111100110110111001010111011000110010001101011001110101001100110100101010010111111001101101110101011110100101010111011110100110111011101011011111100100010010010001001110100011000000001111010010110101100010110011101001001001010111011101111111011100110001001000110001011001111110111101000000110101000001101011010001111111000110000111111011011010101010101010101011100011010101110100110101100000010010001111011101001011111011101011000111100111101001110100100001011011 
11101000000110111101100010101110011110011100011101101000100111011100000010010101000110111001010010001100011011111100011010001101101000101110100000000000010001000000101110100101111010110101101100100100011001100000101011011101000000011101111101010100000000110010110010000100011110100110101001001110000110011111111011101011011111100100011010100100001001011101000101010101100010111000110100010011001110101110011000100111101010100110000010001111111100000110000011111110101111111111000110010100111110010011101101010001 
10010010101000011101101111110010100001100001010111011111010101011101001010011000100100011101011010111101110001100011100100101000101010011001110001101011111110011101111100001110111000101110011110010001001110110111110111000111111000111111111100101000111011010010100100011100111110010001110100001000100000110000110100101011100000111111101111111000000100011001011101111001001011001101101111110100111111111001000011100100101000001110011101001111111010110011010010111011101101110111100101010001110111011110001111100101 
11101100000111010010100000100000011111000011111110010000011010100011110011100001100010100110010000000010001001100100111000010011101101000100100001110111011000110000100110000011110000100000110101000110011101010001110101101100100100100101001100101011001110111100010011100110011110011111000101110100101011101010010100001101011110010110010010100001110111001000100010111110011110110100100011011101000011011111011001000010010111010101010111010001000011000000000001101010000011001111111000100100100110001110101001010001 
10111010110110001010101011001101011011110011110111111110101000010001011001011100011100101100010100010011111000110101110011110010100001101011111101111010011001111100000101111000101000111110101110000101110101001000101101101001111011110111011011101011101111100010100111011000100001110011000010000000011001111001111101110011011000100001110110110001000110011111100101011010011111110010010101000010000111001111001111101001100111011100000011011100110011010000111001011111011110101000100111111100101101110111010001011111 
00110110010010010001011011001100011010001001111011100110100101100001110001111111101011001100100100111000001001001010110100111111100110001100110000011100011001001011001100101101110011110001100111101101110100011110111110000110000010010111110101111110001111100110011100110000100101111001101101000010110101010010101010101110001000110011101110001000111110111011000010101000000011000011101100010000101100000110100010000001100010111000110111100011101110111110001000000101011101000001010110110110010000111011000100010001 
11010001111010111111100011100100110011001110011001111101110110010011011100000110101110110111100110101000000011101010100000100100010111000001110100110011010010010000001100000000001101101000101011001101010101110000001100010111100100010001100101100010100101010000110011100010010010110000011011101100110111100100111101101010001101001101010110001111010000110110100000000100011101100000100001000101000110101000100110100001101110011001011010001001011011010110001000001110011010101010100001001110111101000001100001100001 
10011011010100100101101111101110111001111110001101010101011110100101101100100111111100011011111111111111000111010100110011111110001110000100001000001000110101110100001100111001100111000111110100101101100011001101110101001100010101110011000011100111110100101010111011111011000110101011001111001100001000100001000101111000001001101001100011010011100101011010010100100001100011111000001110111111011001100100100000100110101000000001110100101111011111110010110001001110001110110111110011000011011011101101000010010011 
11010111001111110110111010111110011001100101111100011100011000001010101011110000111111110010110011101100111001110001010101000101000111010110100100010001000111110011101101010100010100101001010110110100000101010011000011100101010010001111111010011010000100001101101011111000100111110100010111110000100111100011001100100011001000100011001110101111111110111111000110111001101101010100001100111111111010011110101000000011111000111010001000111010011100010110011101010101110001100101000001100001110011110011001011111001 
11110000010011000010001111110101111010010101000111001101011111110000010111101101100000010010111110010011110100110011111000011011011101111000000011000101100111010101010101001010111101101101110111111111011110001001001100100110010110010000110111111111110111000111101001000001101111011010001011100010111010100000101111000010110100010000010010011110000110101111011011111110100011110000111111110100110110001100101111001101001011101000001010010111001111001110101111000100000010001100101110111110011000110100101001100101 
01001100100000001101011010010101011001001010110011001010001010011111001101001000011010010001011000001101110100011010001100011110010011101011110110011001001001110100000101111010000100111100101001000000010010010010110010000111010111110100001000101000011000100110111000010100100100011100010101000011101001000010010100011101000110110010010010000000010010011100001001101011000100101000101001000101111010110000100011101111000010000100101001010011111110001001100001001010101011100001011000010101010011010111001011000110 
10111100011101001010010011101111011011001011110100111111001011111001101100011100001110101010010100101110101001100101010001101001000001110011111101111110011111111111100101111010100100111011101110100101001110000010101100101100100011111100011011001011110110100010110110010010111000110001000110000011010101110000111100100010001000110001110101111001010110001001000100111001011100111111011110001010001111001111001001111011100110011001000011011110110001001011000011111110111110000100100011101100110101110101001101010101 
10010110001101101011011000111110101100101011000000011010101110110110100111011101000100101010000010111111010100001100100110011001100000010000111011110100110000011101001001000111110000001011101011000000001000101000000101110011101100111111111001111110111000101010011000100001010000010001111111011111101000011011011100011001101000111100010001010000011010001001001101001101100000101001110111100010000010100101100000000011101000000100101011111110110101111110110010001011101011110000000000000001010100001110010001100001 
11010111010100000111010111111010001110111001011000111110101101101010110100000100100110100110001010011100100101010011110100110111111110001111011100101101100110111000011001010001100000111001101111110001010010110000101101001110101111000000100110100011000010101010000101101110100110010111101110101000100110100100100111110000111110011110001011011111000011001001000111000010001111111001001100000100010001011000100111100000011010010011100000010001010111110110011100100110100100100110111011101001100111000111100011110111 
11011001001111010111010011100010001011110001111101101000011010011011110010100000011111000100010101111001000000100001010100101000000111010000111101110010011101010010111101010000111101001101010010111100001011010100110101100101100110001111111010111011011110001101110111111100111111111100111111110100100011100100111001101010001000101011111110010101111100101100101111010110011111000111010001010010100111011011001101010001000110101011101011010010100010001101100110110001111001001000101100111100100110000000100111111101 
01100010011100101101111110011001010000110100000011100111111001111100011100111010111100101001011001110111110110101101111101111000010110011001001011010001100001011010111110110100110001000100011110100110101000011101010011101011001011111101111101111101011101010011110110000111100111110010000100101010101000110001001101001010110011011011101101101111000111011111101110110101111010111001101000000100011011111101001011101100110011001110010100101010011101101001110011010011011001110000011100010100100101111011111011100011 
00010011011001111101111111010010001001101011010011010111010101110010001001001001110110011101111111011101110011000111100110000001100010011001100001000111110100011001111101001100011001101111011110111111000110111101110111101111100000111101111100100010011110100110100111011100011111111000100100001100101000100011000100101011101100011001101011000010000001011101101010110001100010111101101101101110111000110101010000101110101001011110011101000101101101011011010011110110101101010101000101000000110110011011011011000001 
11011110010111100111011101010100110101111111100100010101110101110001111111100011010110111100100111101000101100101111110001010011101001001011111110011000101001110010100010100111010101011110011001110101100001001111010100111011001101000100101011011100100011111110000100000111010111101101001111111111111111111001001011000000110010101001010001101010101000000010101011011100011010011110100101001001010001100010100001110011010011101101010101101111010010110010000010111111101001000001110100011011000111100001010111010001 
01011001101001100011110110110001010010100101100101001100101011110111001101110000100010100101100011100010010011010111000101001000011010010011001110000001010101101011111001111000001111111110011010111111110011001010101010111111011011010100010111011101110111101100101111011010100011100111101011111000001100000111000111110011110001000101001001001011011101001100110010100110111011110000111101111001110110101000010011110110110011100111110010101010011110111111111000010000100100000001010111000011011000111100000011011101 
11010011100100000011110011110101010010100010000101001100010001110010111101110000101110100001101111001011110110010110000101011100011110010011001101000000010101111011010001000100001110111001101110110101111111001011011000111110011011110101010101010100111001111000001111001001111101101011111111010011001101100110100111110011100001110000010001001111011011001110011111000100101011100011111101111011110110101000011111111110110111101011110010101110111100111011111010010111110100000101110100111000011100111011010011100101 
01100001110011010100010110011001010011110100111111110100010101101111011000000010010101001001110101111100001011010001111010000000011110101111001100001011000111101010000111111001001111110100010101101111000111110111111010001100010011000000110100000001000111010101100101010110011101101110000000100011000110101000100111100110010111000011110110101111100101110110110011010110011101010110101000011101111101011011011000110110111100101011100000100101000100001011110011011010011001011110110111001110011010101011111110101001 
00100010110000001100000100010001110100001111000011110111100111110100010100011111000000111001001000110110011011011110101010110010111000101011000011101100101000000100000010101011100010110010101101001011111010101100001010011010101001110000000111100100100001110010001000000011000000000011000000001011011000011100100110010100100111011110110001001010000001100000101001100110010010101011110011100100010101100101011111010010100110000101100111000010110001101001100010111010101100011010111100011111001101001100110000000111 
11011000110010000111001000000100110010011100000100111011100000010000111110000101101011110011100010101000010101111010001101101100010100000011110101110011000000000000000100101100001101100010111011001001000110101010011100001101100100100000101101000000000101010101101000101010000011101000111011001100110111111110111111111010101101110111010111101111110000110001000011001100011100100000101010000110100100101000110111100101101110011001011100010000001011110000001000001111000001001010100011000110100001100001001001000101 
11111011011111001011100110110001010010001011100101011100111011010001111101110010100110111001100010100011110100010111000000001100111110011010101101110011010101001111011001111100001110110101001001111100110010001000001110111110101010110101011111011001000101010000101111001001010001101010111011101101100100100111111111110011011000000100011101001111011011000111000111000101101011010001111101110011110110001000010010111111100011111001111110101111011001111111111110010101100110010100010100011001110011111101010010101101 
10101000011011000000100011111101011100101110110110000010101101000110111010111110001000000001001001110010110111111011101100101010010001010111110111101010001001011000100101100001111101000110001110111110101110000000111010011010101101101100100011110111011010000010001110000010001001110111011010110011101110111001110111001110100000001000111100101011011010000011100101001001110001010111100011111010110111011000001110110000011111111111000100000001000010000001001101110100010100000101111010011100101111110011101110100111 
10110010000010111100111100110000111111110010100010011110111111110110010010011010000101010101001000010010101001100110101001110010000110000001101100001101110000100101010000101011111010100000000110001001001100101011010001110000010111010110111000000100110000110110101100101011111101101000011010101110001000110110001101110011100001001001010000010010111011100101100110100000101110101111000010010000100001010110101010011000111001111000011000101001000101010010011100011100100111000000110100010100000111010110010100100001 
10010000101001010111110110000100110110000100110001101111000000011011000001001000111110101101000100100010001101110000000110011100011010101110010000011000011000101010101101010111100000011110101001010010110101001011101011111111011000110000000100100000001000011000110100010110010000010101111101000101100101100010110001111111110110110110100100100010010010010001000100001001100100001011111000011010111000010011010101011010000101001001000000011000110111001011000011100001011000100011101001011001010111100111011111110101 
10111110000110000100110001001000001010101110101011011110100101001101111100111101001000100110101110101000100000100010001111100011111100000100001100101101111111111110100011111111001011011100100001000010111001010100110000100001011011101101110111011101000000100011000111111011011100010101110001001000001101111110000111101001000101000111110000101000101101010011110101000101111010111010000100110001011100101111010010010111100001010010011011100101100010010101010100111110000101110011100111111101011101101010100001110011 
10001110100101100111011101010100110101101100010000010001110101110101111011100111010010110000100110101000001100110110110101010011101001001111101110111001101001101000100110100010010100011111010011011100110011000111010000001111011001000000111011111101100011011110011111001101111110010101100011101111111011010001111011100010110010001001010001101010111001100011101001011100011010011110110001011000010111100111100001100011011011101101111101001001110110010110001010110101001000101001010110001110110111101011010111111001 
10100111111111000100011010001001010011001100110110000000011100010001101001110001101111010100010010100100101111010111110101111011101010111100111100000011111011100110111101111110110110110010100111111110001011011010010011110000011011110010011110010110000000100000010110011101101011011010011111011111111010100111001110001001001110110001000110100001110110011101010101001100010010001010110010011000011111010100110111111000001110100111011110011000011000001010100100010111100111010011110101100001010010001011100001010001 
11000110100010010110100001100000110111101010111001001000010100000010010001011111111111111110111001000111111000110100101111111101111110000110010001100100000111101110000110100010110100111011111000111001110110100100110100011010010111011011000011101001100101100001010100111100001010011000111111110110000111000111111010001011100001010111110000010100010001001000000010010110011001110000101000100001101011001011000100101000110000000001001001010111100010000111111001101101111101110001110010011100010011100000001011010001 
01100011111111010010011100111011011010100101000110110111001011001101011110000000010100001011000110110001001101000110100100000111111011101010110100111010000001000110010010000111010010110010001100010110100011010110000110000000100111111010010010011010110010011110011101000010000101000100010010010011111100111111010010000011101101001000100111011110010010101010011101001100111001010010010000110110001110110011100000100000011101101110010010000111001110011011010001011001010111011011001001111000011100010010111101000111 
00110100101001010001101101111110110101111100010011011111111101111001001101011111001101111110111110111000001001100101111100010010001100011000011100001001010001011000001101111000101010101000000011001111011001001001111110000010101011111110001001111000101110000010100101001000000101100010100110011000010110011110001010000001001000010111000100101000000011110000000101110100100101110100110011111001001010100001111110111010001101000110001001010010010010000100110010110111001000001111000011001000011110011010011011101101 
11111011111100010011010011100000001110001100010000000101111001000110001011011001100101110000110111011000011011000001011100111111001001011100110001011101101000101111111100110110010011010110101110011001100100111010010001101011010110010111111000110000100001011001001110010110111110010000110010101101101010101110011011000000101001110110110110100100011100000011111100001001011000111000110111000110110010111100100111100111111011011100111100000010010100011111001100100110010001010111111110011001001000010011110001110001 
00101011100001111010100101111101000000011101010100010001111000110110111111101101011001111110001010010001100001100111011000110111100001001111111111000110111110011100010100110001010000110001010110001000110110111010100100100101001101111001101100001001111111100000100111011000011011111000010100011100100000101011011100101011100010001111101011101100100000100101101101110001001110000101001101100110111011101101000111101110100001011100000101010101111111011111010011110111001111111111000000000001110110011010001110100001 
01001010010100100110010111011111011100011011101100001001011000001100001110110001111111110111111010110001110101111110000011110111000001010010101110111110011100011100110101101010110000001011010011000100110110001011011101111111100011010010010111110010101010001010101010000101110010010101011010011001111111011111000000100001101101000110101111110010010101001101011001100001101000001101110101011000010111100100110110010001010111000110010111000111000001101110101001100000001100000010000011111100100011101110100011100001 
00101000010111110100001100001010101101011101011000110011101100010111000011001111010110011101010000110111110111111101001100011000111111011011101111010101100101010011101110111100110001100011011111100010101100111001100000101111000101100011100011111101111101000110010010010111100111110000110100101010101110111011001101110010110011011011100001101111000011011111101011010001011010110001001101100110111011101100001010111100111111101100110100000110001101001001010111110111001011011010000110010011100111111111111000100111 
10101011010111101000001001110010101011100011001100111000111110100100111100110111000111110010111010101110110010000111111000101011100101011101101111100011100111010101000110101000001110101001010110100001001010110100011100010010110111000011011011111111110111100111011111101001101101111110110110111011011000011101001110000010011111000011001111001101111011101010111011110000011011110100000110110001000111100111111011100101101011100110111110100111001000010100111100011100100111001000011111110110001001011010100011000111 
10011110001111110100110111100001001010001111110010001110001101111010011111101000011111101100010111101111111111001110101010110000111100010011100101000011001110011011101011010010010010111100111111100010100110010101011100011101001110110011010001010010000011100101000100101110010011101011110011110110001011111110001101001010000100011000011111001101110111101000111001110010010111111010000011110110111100011101101010111010001110010000101111111001000111111101011011100000110010011111000001001010000011011110000010011001 
10100100000100101101100011000100110001011010111001100000000100110011100011111111101011110000110001001110101010110000001011111001001100010101101001000101111100011111000000101101100101001001100110110110010110001011101001101010100100011110101010101110100100010111001001101100001111011111001011010011100100001111111010110111101000001001010101110110011100111010001101100100011100000100100001111010011010010110100111110011010000100100110000111001101100001010000010010100100010000001100111101001011011010011100000010011 
00100011100010100101101100110000111100110000001111000101111101000100110011000010010001010101101111010001000100011110111110010110111111001100010010000101100000101011111110000001001010000100110001011010010100111101010001011011011100000001100000100100010001110101001000001101000111111110111001111100101000001111000011000101110111001110001010000110100001100111110011000011100011000100010111010101110011000000110110000110011001100110111100101001101110000100110010000001001001111011010000010011000011011100110010101011 
01000100100010110110011010000101010101000000010010011001100010011011101001010000101110010001101110101100100111011100101000010111010011011110010110011001001110110001111101111110001110111100101011000100010110010010100000010111101111100110101010101000011000110010110011010100100000011101111111000001100101000010110100001101000110100010010100001100110100011000000001000001000100100001110001001001011000010000100011111110000101100010100011110010110110000001100001100000101011100001000000101101111001110111011011001111 
10100000111101010011100001010101101110011111000010000100111110110111110000001111010001011110000000111100001001001001011010110010101001101100110011111111101010000100101110011011111001000110010101100110010000100100100111001000100100101110000010101011100010010010110101110000000010010100000000101100100100011001111000001100110110100110111110110000001110110001000000111011010100011110000101000110001000010111101100000101001000010100101101010000000111000100000101111010001001111010011011001011100011000100101101011011 
10111110110111001010101011001111001011011011110011100101100011010011001001001100101100101001011100011101011000110011110011000010011001001011011011101110110011111111011101101100110110100000000000111100010010010101011011011011100010101101000111000000100001000000100111001000010110001011010111101100101110100111101111100011001000000101011101101111011010000111011011010101001011010001101110010001110111011001110010011011101001110000110110110101011001110111111111011110101100010100100100011011101011110011010000010101 
01100000110100011001111110110110101011111011001100010000111010110100010010100011001001010001001101101100111010010111111001100011110000000111101111100000001111010110100110101011111111100000011110110100101011111101000001000111100110101100110011011110100001111110011000101011110011100100100111011011111001011100101110100010100111100110001110001111010000101011101101010100010111100101101101000100001111001000110100001111111110100100010001100101001110110000011001011111101110000100111101010110100110001111111000010001 
01011101110110011101011010100100101101110100011001100001001010100100011001110110001010010010010100111001001100111100111000001011011010100011001010101110111111111000010110111010101100100011010111110011000100101110110110000010010011000111100110011000010010100100111001010010110001000000110011010001000100110000010001001100010001001110101010001010010011110000001000001110110101011011001110011011110110101011111010000101000110110001111110101110010010100100001110101100101000001000011000111100111001010010001101001111 
11111011001011001101110000110010101010010010001110110100111111100100010101001010000100101010100110101011100010100000100111110011111111011101111000101111011101000101110110110000011111000011011110111110000001101011111000101000111100101110000111000011100001010001001111101101001110110010101110110101010011011101111110100100111001001101101010101011101101000001011010110010010011001010101110110101000101001111010100001101101001011111001110110110110000110010011110011101010001001111111001110011001011000000111100111001 
11001110110111100101011111010110110001010000011110010001111101010000111111100111011010101100100110101100100010001010110011011011101010001111101110110001101000111111100111110010010100010111010001011111110111100101000000101111111101001110111111001000100001110110011100100110111100011011000110101011111011111001101011100000110111001001010001101010101100100010101001011000010010001011110101110001010011101010010101101011011001101101001101001001100010110000001000110111111000110001000101001111110101101001011111011001 
10011100000000101001100011100111100101011010101001101010110101100011100011111111100011110100011001001110110010101101010010111000000100110111101011010101111110111101101111001000101101001101110010101001001100101001011001011111011000100101001101100101000101100001000010111111110010111001101011100100000011000000000110111101010110111111010001100001000101110011101010100011000110100101101111001001100110100111101110000101010110110011000010101010001000100110100100000011100010001110101001111000001001110010000000010011 
11000110100111100101011101010101110001111100010111110001111101011101111010100111011010000111101100101000101000101000110100011011100000011111101110111000101000111110111110001011001000001111001111111100110011100111100001101011111101000100001100011100110011101110001100000011101110110101000111101111110110110101001011110000111000101000101001011010111111100110101001011101001000011111110111011011010011100010101001101011010011101001011101101111100010110010010000101110111000110001010000111110100111101011010111111011 
01101101111101110111000011101111000000011101011001100001011000101101101001001011111011101111010111111111011100011000001100001111111101011110010011110110100110011010101100010100001101011110111001110110100010000100101110101010011000101001110111111011001110001001010011000100000110010110100101110001110011101001011000101101011010111101101111101111001100111010010001011111010001010000111101111111001100101001010101100111000110000111100011010110100000101001001011100111011001110111001101101011111000001101101001111111 
10100111011110111010000100001010101110111001001101110101111100100000100010100111110101001100110011110110001011100101111111100000111000010100001011100110111110001111111010101000111011010101010100111111100101101111001101011100101000001010100111110111100111111001001111101010011011100111001000011100110110111101101011100010111011001101101100111101101101100111100111010111111011010001010110111011001111101110011100010000011000111001010110100100000001110010011111111101010000011111100101111010101100101100110100111001 
