00010011001111000111110110010000001111111100111100001100100101001000100000110001100000010111100000000110100111001101110110100011101001100110001100101001110100100110010011010100101101111000101001001001110101101110111110100110000111111100001011001101100100000000100110100110111001111001001001011011011001010100000000000000000010110100001000011001110100100000000001010010000010101111010110111011111010111100101000111000010010000000111110011100100000100100011011000000100100100010010100100010000100100011010011101010 
11111100001010001111011010001000001100011111111101110110100100010000110011011100000100101101010110010011100010111111000010100000001100111110100001101011000010000100011000011101110111110101111100001111100101011111010010010111001010101111101110000101011011111111110001011100100111011100111111011111101110000001110101111101100011101111000011010110011001111100011010111010111111010100110000101011101100110000111001110100100111110011011000011110100011111111101111111100000101001110000100101101001011111011111110110011 
11111100001010001111011010001000001100011111111101110110100100010000110011011100000100101101010110010011100010111111000010100000001100111110100001101011000010000100011000011101110111110101111100001111100101011111010010010111001010101111101110000101011011111111110001011100100111011100111111011111101110000001110101111101100011101111000011010110011001111100011010111010111111010100110000101011101100110000111001110100100111110011011000011110100011111111101111111100000101001110000100101101001011111011111110110011 
00010011001111000111110110010000001111111100111100001100100101001000100000110001100000010111100000000110100111001101110110100011101001100110001100101001110100100110010011010100101101111000101001001001110101101110111110100110000111111100001011001101100100000000100110100110111001111001001001011011011001010100000000000000000010110100001000011001110100100000000001010010000010101111010110111011111010111100101000111000010010000000111110011100100000100100011011000000100100100010010100100010000100100011010011101010 
10000001100001001001101000100011111100000111101101101111110100001100000101011010010101110111110110101001010110111001100111111101011100111111010110110100000011010100011101010101110010011111111101011010011011000010000001101111101101110101110100010010111011111100011100110101001001000101001100010010111101101001010001101101100001111110001110111110100111000000111101010001001110001111000011111000001011111000010111111111010010000010001111101111101001000111001000011110000010101101001010110111001100110011011110010100 
00010011001111000111110110010000001111111100111100001100100101001000100000110001100000010111100010101001010110111001100111111101011100111111010110110100000011010100011101010101110010011111111101011010011011000010000001101111101101110101110100010010111011111111110001011100100111011100111111011111101110000001110101111101100011101111000011010110011001111100011010111010111111010100110000101011101100110000111001110100111101000111100010100010000011011111101111011111100010011010000011101100001100001010110000101011 
00010011001111000111110110010000001111111100111100001100100101001000100000110001100000010111100010101001010110111001100111111101011100111111010110110100000011010100011101010101110010011111111101011010011011000010000001101111101101110101110100010010111011111111110001011100100111011100111111011111101110000001110101111101100011101111000011010110011001111100011010111010111111010100110000101011101100110000111001110100111101000111100010100010000011011111101111011111100010011010000011101100001100001010110000101011 
11111100001010001111011010001000001100011111111101110110100100010000110011011100000100101101010110010011100010111111000010100000001100111110100001101011000010000100011000011101110111110101111100001111100101011111010010010111001010101111101110000101011011111111110001011100100111011100111111011111101110000001110101111101100011101111000011010110011001111100011010111010111111010100110000101011101100110000111001110100111101000111100010100010000011011111101111011111100010011010000011101100001100001010110000101011 
10000001100001001001101000100011111100000111101101101111110100001100000101011010010101110111110110101001010110111001100111111101011100111111010110110100000011010100011101010101110010011111111101011010011011000010000001101111101101110101110100010010111011111111110001011100100111011100111111011111101110000001110101111101100011101111000011010110011001111100011010111010111111010100110000101011101100110000111001110100111101000111100010100010000011011111101111011111100010011010000011101100001100001010110000101011 
11011011111101100111110010101001011000101101110001100111001001101000000011011110101100101100011110111010001011110010011100010100101011010000111011111111100010011110010111111000010111001110011110000111011100101010000000001011001111110110110000101111010110111010011011001011100010100110100000000010110110011001111010101100010001000100010011100101011111100100111101101011011011010001010111101101010010111011100111101010000000001011111111010100101000101100111110001011111100010000111001000000001110011000111110110011 
10100010110010001101100011000110100110010110101001100110011001011011011101111001110101110011110100010000100111110101100111101000010101000010100001111011100111101111011011100011011110100011101101010110100100000001100111100010111011101100101101011010010111000101010000010010010001000001100111010111011111001000010011101100110010000000100011010000010010110110110010111110111001101111110000111100010011011011000100011110100111110011011000011110100011111111101111111100000101001110000100101101001011111001000001100010 
11111100001010001111011010001000001100011111111101110110100100010000110011011100000100101101010110010011100010111111000010100000001100111110100001101011000010000100011000011101110111110101111100001111100101011111010010010111001010101111101110000101011011111111110001011100100111011100111111011111101110000001110101111101100011101111000011010110011001111100011010111010111111010100110000101011101100110000111001110100100111110011011000011110100011111111101111111100000101001110000100101101001011111011111001100101 
00010011001111000111110110010000001111111100111100001100100101001000100000110001100000010111100000000110100111001101110110100011101001100110001100101001110100100110010011010100101101111000101001001001110101101110111110100110000111111100001011001101100100000000100110100110111001111001001001011011011001010100000000000000000010110100001000011001110100100000000001010010000010101101101000101001100010110010011110010110100011111000111001101011110000000000101111100100010000101011101101000101101000101001011100000101 
10000001100001001001101000100011111100000111101101101111110100001100000101011010010101110111110110101001010110111001100111111101011100111111010110110100000011010100011101010101110010011111111101011010011011000010000001101111101101110101110100010010111011111111110001011100100111011100111111011111101110000001110101111101100011101111000011010110011001111100011010111010111111010100110000101011101100110000111001110100111101000111100010100010000011011111101111011111100010011010000011101100001100001010110000101011 
11111100001010001111011010001000001100011111111101110110100100010000110011011100000100101101010110010011100010111111000010100000001100111110100001101011000010000100011000011101110111110101111100001111100101011111010010010111001010101111101110000101011011111111110001011100100111011100111111011111101110000001110101111101100011101111000011010110011001111100011010111010111111010100110000101011101100110000111001110100111101000111100010100010000011011111101111011111100010011010000011101100001100001010110000101011 
00010011001111000111110110010000001111111100111100001100100101001000100000110001100000010111100000000110100111001101110110100011101001100110001100101001110100100110010011010100101101111000101001001001110101101110111110100110000111111100101101011010010111000101010000010010010001000001001001011011011001010100000000000000000010110100001000011001110100110100000100100110100111100011110100101100010001011001001101001010000011110110010110100110001111100010111111000111011011010001011001111001111111111100010110010011 
10000001100001001001101000100011111100000111101101101111110100001100000101011010010101110111110110101001010110111001100111111101011100111111010110110100000011010100011101010101110010011111111101011010011011000010000001101111101101110101110100010010111011111100011100110101001001000101001100010010111101101001010001101101100001111110001110111110100111000000111101010001001110001111000011111000001011111000010111111111010010000010001111101111101001000111001000011110000010101101001010110111001100110011011110010100 
10100010110010001101100011000110111110101011010111001101001011001011011011110101100011100001100010111110010010001101110011101111011010000001010001100000110110011101001111001111101111001000100111110001101010111101100110111010001100110101110101111110101111100100001101111001011100001010001010000111001101001010101010001011011000011011111111110100000110101001101110000110000000100111000011111011010110010001000100111000110101001010011011010100000010011010100000111010000000110100100111001100001101011001110111101011 
00010011001111000111110110010000001111111100111100001100100101001000100000110001100000010111100000000110100111001101110110100011101001100110001100101001110100100110010011010100101101111000101001001001110101101110111110100110000111111100101101011010010111000101010000010010010001000001001001011011011001010100000000000000000010110100001000011001110100110100000100100110100111100011110100101100010001011001001101001010000011110110010110100110001111100010111111000111011011010001011001111001111111111100010110010011 
00100001110110111100110101000110101011011001011000111100101100001001100001100100100111011100101010111000001000110011000001011001111100111010000110000101001000000010101100001100110101101111011000101100001111011011010101000101001010011001111010101100010000101101011110111011011011101111101011001010001100010001000111101010111010001010001000111000001011100000000001010010000010101111010110111011111010111100101000111000010010000000111110011100100000100100011011000000100100100010010100100010000100100011010011101010 
11100001001001101001000101100011111000011011010000110001001010101110111101011111001010111101001111100110001100110010011100001110001110011101110011001001010011011100110100110001000100011111100011110011100100001001111011001100100111101111100010111001001101111110001011011101000101100111111011101111011110111001101001010011101000011010001001010001000110001000000110110000101000011001001010011111001001101010001111000001100110111100001011010110101110011010101100011001111001011000011110000001010001101111110111111011 
10100010110010001101100011000110100110010110101001100110011001011011011101111001110101110011110100010000100111110101100111101000010101000010100001111011100111101111011011100011011110100011101101010110100100000001100111100010111011101100001011001101100100000000100110100110111001111001001001011011011001010100000000000000000010110100001000011001110100100000000001010010000010101101101000101001100010110010011110010110100011111000111001101011110000000000101111100100010000101011101101000101101000101001011100000101 
00010011001111000111110110010000001111111100111100001100100101001000100000110001100000010111100000000110100111001101110110100011101001100110001100101001110100100110010011010100101101111000101001001001110101101110111110100110000111111100001011001101100100000000100110100110111001111001001001011011011001010100000000000000000010110100001000011001110100100000000001010010000010101101101000101001100010110010011110010110100011111000111001101011110000000000101111100100010000101011101101000101101000101001011100000101 
00010011001111000111110110010000001111111100111100001100100101001000100000110001100000010111100000000110100111001101110110100011101001100110001100101001110100100110010011010100101101111000101001001001110101101110111110100110000111111100001011001101100100000000100110100110111001111001001001011011011001010100000000000000000010110100001000011001110100110100000100100110100111100011110100101100010001011001001101001010000011110110010110100110001111100010111111000111011011010001011001111001111111111100010110010011 
11011011111101100111110010101001011000101101110001100111001001101000000011011110101100101100011110111010001011110010011100010100101011010000111011111111100010011110010111111000010111001110011110000111011100101010000000001011001111110110110000101111010110111010011011001011100010100110100000000010110110011001111010101100010001000100010011100101011111100100111101101011011011010001010111101101010010111011100111101010000000001011111111010100101000101100111110001011111100010000111001000000001110011000111110110011 
10000001100001001001101000100011111100000111101101101111110100001100000101011010010101110111110100000110100111001101110110100011101001100110001100101001110100100110010011010100101101111000101001001001110101101110111110100110000111111100001011001101100100000000100110100110111001111001001001011011011001010100000000000000000010110100001000011001110100100000000001010010000010101111010110111011111010111100101000111000010010000000111110011100100000100100011011000000100100100010010100100010000100100011010011101010 
10100010110010001101100011000110111110101011010111001101001011001011011011110101100011100001100010111110010010001101110011101111011010000001010001100000110110011101001111001111101111001000100111110001101010111101100110111010001100110101110101111110101111100100001101111001011100001010001010000111001101001010101010001011011000011011111111110100000110101001101110000110000000100111000011111011010110010001000100111000110101001010011011010100000010011010100000111010000000110100100111001100001101011001110111101011 
11100001001001101001000101100011111000011011010000110001001010101110111101011111001010111101001111100110001100110010011100001110001110011101110011001001010011011100110100110001000100011111100011110011100100001001111011001100100111101111100010111001001101111110001011011101000101100111111011101111011110111001101001010011101000011010001001010001000110001000000110110000101000011001001010011111001001101010001111000001100110111100001011010110101110011010101100011001111001011000011110000001010001101111110111111011 
10100010110010001101100011000110100110010110101001100110011001011011011101111001110101110011110100010000100111110101100111101000010101000010100001111011100111101111011011100011011110100011101101010110100100000001100111100010111011101100001011001101100100000000100110100110111001111001001001011011011001010100000000000000000010110100001000011001110100100000000001010010000010101101101000101001100010110010011110010110100011111000111001101011110000000000101111100100010000101011101101000101101000101001011100000101 
01101111000111110011101011000101011111000101000000100000111100110001010100001000101000011101110010111100001110111101101001001111100010000010110000110101110000011111110001010001001000110101111100000111110100111101001001111011001001001010110001010001011101110111010111111011110101000110011100100110010000011000100110100110000111111100100000010111001010110111110100000011010001111010110110100100011100111100000010010110101111110000100111010100011100110101111100100110011110001010111011111110010001001000111100000101 
10111011100010101101100001110000000110010110101000110001110110010111110100000100000000010111100000000110100111001101110110100011101001100110001100101001110100100110010011010100101101111000101001001001110100111001001010001110001011111110111000100110001011101101100000101110000000100001110111010101111010100010000101001011110110100000100000001011100101111001111010110001110000111100010010110100001100010010000101100011110101100110110000010110011000010110000110000000001000010011111100001001011111011100001111011111 
10110101000001010010001000100000111110101011010111001101001011001011011011110101100011100001100010111110010010001101110011101111011010000001010001100000110110011101001111001111101111001000100111110001101010111101100110111010001100110101110101111110101111100100001101111001011100001010001010000111001101001010101010001011011000011011111111110100000110101001101110000110000000100111000011111011010110010001000100111000110101001010011011010100000010011010100000111010000000110100100111001100001101011001110111101011 
00010011001111000111110110010000001111111100111100001100100101001000100000110001100000010111100000000110100111001101110110100011101001100110001100101001110100100110010011010100101101111000101001001001110101101110111110100110000111111100001011001101100100000000100110100110111001111001001001011011011001010100000000000000000010110100001000011001110100100000000001010010000010101111010110111011111010111100101000111000010010000000111110011100100000100010111111011111100100010001001010100110101110110001000001100010 
00101011111110111110101110010101000111101100100100000100010001001101011110100110110111110011100000110111101011010000001011111000100100100000101110011000110011111110011101100110110100011001011111111100011101010010110101111111110010001010111010100100101001010010010101010100110001111001001001011011011001010100000000000000000010110100001000011001110100100000000001010010000010101111010110111011111010111100101000111000010010001011111111010100101000101100111110001011111100010000111001000000001110011000111110110011 
10100010110010001101100011000110100110010110101001100110011001011011011101111001110101110011110100010000100111110101100111101000010101000010100001111011100111101111011011100011011110100011101101010110100100000001100111100010111011101100101101011010010111000101010000010010010001000001100111010111011111001000010011101100110010000000100011010000010010110110110010111110111001101111110000111100010011011011000100011110100111110011011000011110100011111111101111111100000101001110000100101101001011111011111001100101 
10100010110010001101100011000110100110010110101001100110011001011011011101111001110101110011110100010000100111110101100111101000010101000010100001111011100111101111011011100011011110100011101101010110100100000001100111100010111011101100101101011010010111000101010000010010010001000001001001011011011001010100000000000000000010110100001000011001110100110100000100100110100111100011110100101100010001011001001101001010000011110110010110100110001111100010111111000111011011010001011001111001111111111100010110010011 
00100001110110111100110101000110101011011001011000111100101100001001100001100100100111011100101010111000001000110011000001011001111100111010000110000101001000000010101100001100110101101111011000101100001111011011010101000101001010011001111010101100010000101101011110111011011011101111101011001010001100010001000111101010111010001010001000111000001011110100000100100110100111100011110100101100010001011001001101001010000011110110010110100110001111100010111111000111011011010001011001111001111111111100010110010011 
00100001110110111100110101000110101011011001011000111100101100001001100001100100100111011100101010111000001000110011000001011001111100111010000110000101001000000010101100001100110101101111011000101100001111011011010101000101001010011001111010101100010000101101011110111011011011101111101011001010001100010001000111101010111010001010001000111000001011110100000100100110100111100011110100101100010001011001001101001010000011110110010110100110001111100010111111000111011011010001011001111001111111111100010110010011 
11011100101100100000101010100001011101110100000100011101010100100001111011001110101111010010011110100000011000111100101000110101010110111101011100000100111101101101111101111010011110100100000001001010111101101110111110100110000111111100001011001101100100000000100110100110111001111001001001011011011001010100000000000000000010110100001000011001110100100000000001010010000010101111010110111011111010111100101000111000010010001011111111010100101000101100111110001011111100010000111001000000001110011000111110110011 
11011100101100100000101010100001011101110100000100011101010100100001111011001110101111010010011110100000011000111100101000110101010110111101011100000100111101101101111101111010011110100100000001001010111101101110111110100110000111111100001011001101100100000000100110100110111001111001001001011011011001010100000000000000000010110100001000011001110100100000000001010010000010101111010110111011111010111100101000111000010010001011111111010100101000101100111110001011111100010000111001000000001110011000111001100101 
10110101000001010010001000100000100110010110101001100110011001011011011101111001110101110011110100010000100111110101100111101000010101000010100001111011100111101111011011100011011110100011101101010110100100000001100111100010111011101100101101011010010111000101010000010010010001000001001001011011011001010100000000000000000010110100001000011001110100110100000100100110100111100011110100101100010001011001001101001010000011110110010110100110001111100010111111000111011011010001011001111001111111111100010110010011 
10111011100010101101100001110000000110010110101000110001110110010111110100000100000000010111100000000110100111001101110110100011101001100110001100101001110100100110010011010100101101111000101001001001110100111001001010001110001011111110111000100110001011101101100000101110000000100001110111010101111010100010000101001011110110100000100000001011100101111001111010110001110000111100010010110100001100010010000101100011110101100110110000010110011000010110000110000000001000010011111100001001011111011100001111011111 
01101111000111110011101011000101011111000101000000100000111100110001010100001000101000011101110010111100001110111101101001001111100010000010110000110101110000011111110001010001001000110101111100000111110100111101001001111011001001001010110001010001011101110111010111111011110101000110011100100110010000011000100110100110000111111100100000010111001010110111110100000011010001111010110110100100011100111100000010010110101111110000100111010100011100110101111100100110011110001010111011111110010001001000111100000101 
10110101000001010010001000100000111110101011010111001101001011001011011011110101100011100001100010111110010010001101110011101111011010000001010001100000110110011101001111001111101111001000100111110001101010111101100110111010001100110101110101111110101111100100001101111001011100001010001010000111001101001010101010001011011000011011111111110100000110101001101110000110000000100111000011111011010110010001000100111000110101001010011011010100000010011010100000111010000000110100100111001100001101011001110111101011 
00101011111110111110101110010101000111101100100100000100010001001101011110100110110111110011100000110111101011010000001011111000100100100000101110011000110011111110011101100110110100011001011111111100011101010010110101111111110010001010111010100100101001010010010101010100110001111001001001011011011001010100000000000000000010110100001000011001110100100000000001010010000010101111010110111011111010111100101000111000010010001011111111010100101000101100111110001011111100010000111001000000001110011000111110110011 
00010011001111000111110110010000001111111100111100001100100101001000100000110001100000010111100000000110100111001101110110100011101001100110001100101001110100100110010011010100101101111000101001001001110101101110111110100110000111111100001011001101100100000000100110100110111001111001001001011011011001010100000000000000000010110100001000011001110100100000000001010010000010101101101000101001100010110010011000111000010010001011111111010100101000101100111110001011111100010000111001000000001110011000111110110011 
10100010110010001101100011000110100110010110101001100110011001011011011101111001110101110011110100010000100111110101100111101000010101000010100001111011100111101111011011100011011110100011101101010110100100000001100111100010111011101100101101011010010111000101010000010010010001000001001001011011011001010100000000000000000010110100001000011001110100110100000100100110100111100011110100101100010001011001001101001010000011110110010110100110001111100010111111000111011011010001011001111001111111111100010110010011 
10100010110010001101100011000110100110010110101001100110011001011011011101111001110101110011110100010000100111110101100111101000010101000010100001111011100111101111011011100011011110100011101101010110100100000001100111100010111011101100101101011010010111000101010000010010010001000001100111010111011111001000010011101100110010000000100011010000010010110110110010111110111001101111110000111100010011011011000100011110100111110011011000011110100011111111101111111100000101001110000100101101001011111001000001100010 
00100001110110111100110101000110101011011001011000111100101100001001100001100100100111011100101010111000001000110011000001011001111100111010000110000101001000000010101100001100110101101111011000101100001111011011010101000101001010011001111010101100010000101101011110111011011011101111101011001010001100010001000111101010111010001010001000111000001011100000000001010010000010101111010110111011111010111100101000111000010010000000111110011100100000100100011011000000100100100010010100100010000100100011010011101010 
10100010110010001101100011000110100110010110101001100110011001011011011101111001110101110011110100010000100111110101100111101000010101000010100001111011100111101111011011100011011110100011101101010110100100000001100111100010111011101100101101011010010111000101010000010010010001000001100111010111011111001000010011101100110010000000100011010000010010110110110010111110111001101111110000111100010011011011000100011110100111110011011000011110100011111111101111111100000101001110000100101101001011111011111001100101 
