11011100011101110111110001011111110011101010011110110101101110101111111110110110110111101111101001101111010010001101001011000111101111010011010110110111100011011111011111000111111111010100011110100011101000101100001000011111001011011111001001000001111011110111110000110101111110100101110110010100000110001011101110110011101001111010111011101100010100101111100100101111101001100110111001011111011101111000101100111011101101101011000011001010001001101011100100110011010001001110010100011110111011110101101000000011 
00110110111100011010100010100111111001110000110110100010000001001000001000101110011011000001000110100100011000100101110100001110011100001001100000000110000000011000000101100000000011010000010000001001000110001000101100011100000000001110001100100111000001101110000110111110010011000010101110000001001101000010111110001001010100000000110100010001100101110100101010000001000010101000101101010100010010110010101001000101110000000101110000001001110111101000111100001001011101001110000111110001101011010001010000010101 
01001101110010001101000111110110011100101001010000111110111011110000100011110101011110101110101100111110100001101110011111100111111101001111101110011110110110010011000100001011111000101001111100110001101110110101101110100111101001110010001100100011110101100110111110110110011100011010110010010110010111110010101110011011101111111111111110001011111001111001111000001101101111101101111000001110011111111001000110101110010010011110001011001100111110101000101111110011100001011110100101111100111110110011010001111001 
10011100001011010111000000000010101011111101111000011111000010110101101101010011001110000011000101101101100100110110111011001001000111011000100000110111000100010011110010110110010010001010101001000011110011000010011001001110110110100110111010111110010001110000100111100110101110001011010110111101000111000110110110111011100100011001000101011000001101000110000010010110001001101011100011111001001001000101001111100110110010011000110100011101001001010011001111111111000010001010000000110010100110100101000001011011 
00111101101000111011100000010001110110110001011011110101111100000010111001000111010011011111101100110110100111100011101010010010000110001001100100000110010011011000001001101010110001010000010000000001001101000011010101111110110100000110101100101111110001110011000100101100011110001000111010010101100101011001111010111010000100011101000101011101101101100110110000001000001101111001111110000101000001010011111101100111100011111011100001001000010111100010011010000110001110001010100010100011101011100000101001010001 
10001110100010001000010000101101110100110000011000001011000011001110011100100101001010011010101010000001011000001100110010001010111000011100110001000000101101001011111000100001001001100111101101111001001101010000010011100001001110100100100100010010010001000011000110001010100000000011001100011101010001111010000100001001011000100010101111011000010100011110011110100101010001100100011100010000000001000101101001000110111011110111101100110101111110101110111001100110111110000100100010000111000100000000100101011011 
10011010111001111101101111000100111010101010100000111110010110011111000110001101010011001010100000110111110010010110001011001010010001011011010110111011110011011000101111011001111000001101001110110011101110111100101110100001101101010011000100100111111001011111110100010011011110011111110011110010010111100010100010010111101101010011101111100101011001111011001100111111101111101110111110001011011101011001101100111010111011011011001011001111111011101010100101110011100001010100110001111001111111110001011011010111 
10010101010111011000101111110100110111100011010001010111010011111010101011011010010011100111101000110111111110100100011100100100011100011111111100010010110110101100011010011111110110010011101100011010001101110110100101111011111100001001010010100000000001011010111011000000011110000110011011010111111101101011110111011110011110111011110011111010111111101111111110111100000110111101101000001100011101100101101001101100110101010011011001011010111001101100010101010011110001010000111001101101111111010111111011010011 
00010100011111001010110101100101101111100010010011010111010011011100010011000111110111100111101110110001001110111100010100100111011101011100101010110110110111111010111100001100111110010011101010111011111110111001101110110011111100010100010001110100100001000111101011111101101100110010110111000100011100111011111111111110101000010011111010110100110110110111001001110010001111100100101111011101100001100100100011100100010111001101001000111111001001111100111101001110100110011111100011001101010110010001000101111001 
01011110011101011101110001010101110011111010011010110101100110001111100110011110110111101110100000110111010011010101001011001011101010010011010000111111100011011100011111000101111001110100011010100011111110111100001010101011001011011101000001010011111010110111110000110001011100101101110110110000000110000010101010101111100111001011111111101001010110111111101100101101101011100110111000011111011101110000101100101010101101101011011011001010101011101000100100010011110001000100100100101111111011110101101011010011 
10011100011010011101100000010011110101110000110111000010000001100001100001101101001110001101000110010101001110000111011110001011010111101000100000000101100011010000100001011011110001010010010000100001111101011000110101010000110100000111111100011111010001010111111100000110011111110010010001010101010111111111000110011101100001000010101111000110111000111011111000111010000101101101001101010111010111110010101110111000000001111110100001010110000010000000100110101111010011000010000011001110011011111001010011111011 
01101011111010110100010110011001100010110000000000011010100010100001011010101010101001110111001100000001011011111100011010001110101011010100110110001001001011100110110001001000001001000111100101011101111010010011000110100001000010000101101110110110100101010010010001001000100011000101001010010000110001110000100110001011000101000001111010111101000111011110011010010100010011100000011100010101010101010011111000011001111100100111111010110101111100101110100010101110001001000001100101110100110000010000010010111011 
11011111110011111100010110100110000000100000100011111101010011000111100010001111111101111111011001110111010101010101110111001001111001100010101000110011111001011011001010101001001000110110111110110101000111001101011010100110101100000001100000010001001101110110101100011001100111100111101110101000011101101011110001010101110110100100110101111101110110101001100100010101010001110111101011110001010110110101110010011100011111110011010011010001000101011010111110101110011110111010011000000110011011101000100110101011 
10110001100010010001100000001000010100000010001011111001001110000001000000101110010011011110101001110111100110101010001001000010001101111010010111011011010011111101100011011010111010101111011000101011001110110001111010111000101101000101010110100111011001011111100110011111110100011111110011111010110010100010001111110000111101011101101011100110110111111000011101011001101111010110101110001011011111010001100100111011101001011111101011101111110011011110110101110001110010100110111010101000101101101000001110011111 
10001100101000001000010000101111000000011100011001101011101001001111011000100101000010011111000000000001011000000101100000101010011010011100111001000000111101000011111000100001101001100001101101111100001101001010000011100001101011100101100100010100000001000011000110001010100000000011001101000001100001010110100111001011011010000011101010001000010100011110001010100000010001100101011100010100010111000101101010001010011101110111000100100001110110100111111100100110111110001100001010001101001000000001100101011011 
10010110100000111001111110101001100000000000110001101010010110011101111101000100011010010001101101000000111000001101010100111000101000011111101010100100000001001000110000110001001001111110001111111011000101111010001111001000000010001000100000010001110000000000011110001000101000001010001000000000010001100000001110000011010000111010111000001010010101110000011010100101010011010000001101100000000100001111100111010111010010101111011011000101011000011110101010100110101110010010010101000000001110010000100000101111 
10010000011100011010000010100111111001110001110110100110100111001001100100101100011111000101000100000110111100000001110100001111111101001011100000000110000000011000000101110000000001010010010000001001000111001000111110011000000000000110001000110111000001101110000110111110000010000010001110100100011000001010110110001001010100000000100101011001100101010101001010000001000011101000101101010100010000100010101001001101110000000101110001000001011111101001111100001001011101000110000110100001101011010001010000111011 
10000010101100110000110000101100100000101000011001101011110010001011011000101110010001111101101110000001010011000100100000101000011000011011100001000100001101100010001010011000100101100110101100011001100011110100001000001000000001000100100111011100010000000011100100100100111100001011100010001001000001111100110000000001000100000000111001101100010001011111110000000001011001100001001100000001010010100110101010001110100011100011111100100101101011101100110100000110101110010000100110101100000000110000111011111101 
10000110110000111000111110101000100000000000100011001110000010011110000010000101000000011001101101000001011011001011011000101010111000011101110011000100001001000000110100010000100000010101110111011000000011000100101001110100000011011101101110110011110100010010110111011000111100001011011010000011001011101010101000010001011001100001010000000001010111011110000010100010001001101101011101110000110011001011100000000111101101010111111100010101110100001010011011100011101110110110001000100011100011000000111000010011 
10101111111000010011101100100100101000001010000100001110010010110110010110010100010100011001000100011100011000011000011110010010110000010110101010000101110010001100001101010100110001011111110111011010000010010100100000010100000011011101111110010010010011011110100011110101010010100011011011011111111000010011110011011010010110110010111011110101001100111111010101010010100111111101101000011001010001100100110010101111011010100001111111001000101001111000011101010111000110110011111111101111110111010100111011011011 
11101101100010011001101101110110101001100010011001000110110100011111011000100001100000011000101101000001000000101011001100110100100101110011110010011101100101010001000000011011100011001000000110100100010111100010011011011111000000101110001011101000011101011010100001110100110000111100011011101100010000100000110101101000011111011100101001010010001111111011100001011110111100011011001100110100001101110111111000101011010101111011111001011000110001001100011111111010110100000000011101100001011101010101111001011111 
11010100010011001100110101110110110111100011010011010111010011111000100011010100110110100111111010100001001110111100010100100101011101011111101010101110111111110000011110001000111110100011101010111110011110111011101111111011111100000001010001110100100001101111101011000101111100010010010111010110010100111011111011111110100110110011111011110101111100111110001001110010001111110100111110010110010001100100100011100100110101000011111001111000001001111100111101010110100110011111011111101111111101010100111011010111 
11001110100011000100000000101101110100110000011000001011000010001010001100000101001000011011001000010001010000001100110010001010111000011010010001101001111101001011111000000101001011000111101101111001001100011001110001100001001110100100100100010010010001100001000010001010101000001111001100010101010000111010010000001000011001101010010001001001010101011111110000000000010001100000101100000000100100100110001111010101110001111010111100011101111110000111110100001100100100001000100110000100000010111000010011011101 
10001010011001111101111111100100110010101010100000111110010100111111000100110111000011001011100000111011111011010110001011000010010011011111010110110001010101010100100111010001111000001101001100110011101111110100100100111001101101010011100000101111011001110111110100111110110100111101010011111010011111000111101010010111101101010011101111101101011001101011001100111111101011100110111111101011011101011001101110111000111011011011001011001111111111111100010111100010100101110100111011111000001110110001011011011011 
11011111110111111111110110001100001100100100010110111101110011001111110010001110110101011101011001110111011001010101100111001101011001110010101000010010111001011011011110111000011100100110111110010111110110001111111010100110001100010001010001011010011001010110110100010001001111101110011110101100011101101011110100010101110010100110100111111001110110100001100110011101010001110111101001110000010110010110100010011111010111111011010111010001011100011011101010111110111100011010111001100100011111111100100110110011 
10010110101100111001111110001000100000000000010011101000011100111101111111000100110000010001100011001000111000000101001000111000101010011110101010010100000101001010110000100001001101111110001111111011000101111011001111011001010010000000100000010111010010000000011100001000101000101000001000000000010001100000011100010001011000110010110101001010110110110011011000100111010010010000001011100010000000001111100111000110000010100111011011100100001010001110101010100111100110010010110100000000001010110000100000101110 
11110110011100010010001000100011111001110000100110000010010001001000011000100110011001100001100010100110111110100101100110001110111110001001100010010110000000011000000001100000010001010000010000001001000111001000111111000110100000110110101100100111111001111110000111111111010001001011111111000001001101000010011111001001010100000000110100010101100101110101101110100010000010101000100101011100010010110110000001000101110010000111110000001101110111111000111110101001001001001110100111101001101111010001010000010101 
11011111010111011101110110001100011100101100010110100101110011001111110010111110110111001101010100100100111000010011100111001000111001110010101000010011111001011011001110111001010100101110111110010010110010000110111010101110101100010001010011111110000011010011010110001010101010000011001100000001110001010111110110001011010011000011100010001000000100111110001000100000010001100101001100010100100111010101111011001011011101010111010101100001100010100101111100101110001110001100001010001101001000100000100101010001 
11000000111001011000011011101010010100111111010001010001011111111001111001110011001010000011111001111000111110100111010100100000001101010101111100101110110111010000011110001000011010011101111100010010011010001111001101111011111001001101101000101110001001110010010101010000111110000011010100011001001011100110111000010101010011111101110001011101010010001110000001001000011000101011011000101001111010011010001000100101001101010111110010000110100110100110010011100111101010101101000011111001010010110000101000100111 
01101000111000110100010100011001100010110000010000011010100010001000011100100011001001110011011100001011011000111100010010001110111001010101100110001000001011100100110000011000001001111111100101011001101000010010101000100001000010000001101100110111110001010010010101001100100000010001001110010101010001011000100110001111000101000001111010001100010101011110010010000100010011100000011100010000010101010111011001010010111100100111101010111101111101001010100010101110011001000001100101000100100000010000110000101011 
01111000111000110011110100011000101010111010010000011000100000000000111101100011101001110011010001100011011100111100010010011010101011010101100110101100001001000110000000010010001000111111100101011001111001010010100000100010000011000011101100110011110001010010011101101100000010010001000110000001011001011000100111001111000101011001111010101100010001011100010110000100010011100010111101010000010101011111001000010011111100100111101110111001101101000010100010001011011001110001100101000100100000000000110000111011 
10100110110000111000001111101000100010000111000011100110000010010110000010100101000110001011101101000000011001001000011011001010110000000101010011000000001101001001110100011010100000100101010010011000001011010100011001110100000001001100010110110011110100110010110111011000110001001011001011000001001011001011101000010001110011100000010000010011100111011001100010100010000001101101011101110000110001001001100001011111001101000111111100010101111100001010010011110010110110110010001110100011100011000011111000010111 
10100010010011011111010111110100100110001010010111011100010101101101011100000101000010001011100001111111011011100000101010100100000001111111100001110001010001001110111110011000111111000110011110010001001100111010111000010001001100110110100011001101110000011011111001011011001010001011010111111101110000101100000111110101101101001111100001100111101011011010010100100000010111000010111100001101010101000111101001101111100001111011001011101100011011000010010011000111001111100100101110111001011011110010010111001101 
10011010111000101101100011001000111010001010100111111001010010011111000010001000000011001010100000110111110011010110000010101010010101011011010110111001110111011001101101011000111000001101011101000010101110011110101110100001101101010111000101100111101001001111010101000011111110101111101011110110001111010010100010010101100000010011101111011110011001011111001100111010000111100100111100001010001101011101101001001010101011110100101100111101110110111110100101100100111010000100100100000011000010000000101101000011 
00011000011001011010100000100001111001110001110101100110100111001001100100101100011101011101000110100111111110000011111000001111101001001101010100100110110000011000001101110000000001011110010000001001000111001010111100011000000000010110011001110111010111101110000110111011101100100010001100100000011000001100110110001001010100100000100101010001101110010111001010010101100011101000101101110000000100100100100001000101010001001101100001110001011111111100101100001001111101000110010010100001110001011001001010110001 
11010100011011001100010110111111010010110111010001110001011011011010100010010101100111000111110010100011010000001010000100000100100101110011110010011101110000010001000100011011000010101000001100101110010111110000011111011111000000101110001111001000011011010010100001110000110000101101001011101100010101101100110100101101110000001111101011010010101111111011100001011110111101011011100000110010001000111111111000111011000101110011001001011000010101001100010111111000111110000000010001100001011101010101111001011111 
10001110101100001100011010101011000000011100001001101011101001101110011000101101001010011110010000010001001010000101100000100010001110011100111111000010111101001010111000000001101000100001111101110100100101001110001011100001111001100101101000010110010001000011000110101010001101000011001101001011001001010110111111011011011010000000001110001000000100010110001000100000000001100101011110011100111111000101101000000011011001110001001100100001110110110111111100110110110110011100101010000111001000001001100101111011 
00010111010111001001011011111100100111000011100101001111010011011110101010011011011111100110101100010010110001100100011010000111101110101111111100011010010110111110011010111011010111000001100100001010001011100101101101111101011100101111010010010110010000011000011011001100011100010110001011100110001111101010101111100110011110111001110011011110110110101101100111111011111110101110011101010101001100101101101001101100001011100101101101110010110010101001011101100000000000000101011100000001101101111100010001101101 
11010100010111011000111111111111110111100011010001010111010011111000100011010010010010000111101000110101111110100100010100100000011100011111110000111100110110100000011110011000111110111011101110011010001110100101101111111011111101001001010010110000000001111111100011000101011110000110010111010111011000111011110011011110010110111011111011111100111100101111011101111110100110111111111100010100010001100101101011100101110101010011111001011000101001111000111101010110000100010000011001101101111101010101110011011111 
11010100010011001100111111111111110110110011010001010001011011111000100010010101100011000101010010100011000111110100110000000101001101011111101010110100000111010000011111001000111110100001101010101100011111011111100111101010110100000000010101010100110001101111101111100111111110010010010111010111010100111111111011101110110100110001111111100001101101111100001001110010000101100110111111011111010011110100100011100100110101010111111001111000011001110100111101010100100111111011010110001101110101000000111000010111 
01000101110010010100000111110110010110100001010100011100011011110000000011000100010110101100111000101101100000100110001110100111011100011111101111011110110110110010011100001001111000001001101110110000101110110100101110100011101101110011001101100011110001110110111110010010011110011010110011010010010111110011100110010111101101110001111111010101111001111011101000111111101111101110111010001111011101011000101110101010011011011011001011001110111010101010100101110011100001011110100101111000111111110011010001011011 
10111011100010010001100000000000010100000010011111111001001110010000000000100110010011011010101000110111100110100110001011000010001001111111010111011011111011011101100011011001111010001111011100111011001010111001111010110001101101010011000110100111111001011111100100011111010110011111110011111010110110100010000111010100101101011011101111100110110011111011011100110001101111101110101110001011011101010001101100111010111011011011101111000111111011001110110101110011001000110100111010111000101111111000001110010111 
01100101100010010100100111110111000100100001000100011101011111110000001011101100010100101100111011100101111000000110000100110101011100111011101011011100100110100010011100001001011000000101101110110000101111110100101110100000110101110011001101101010110111000111101000010110011110011000111011010010000111110011100110011110101101111000111001010100111000111011101001110111101111101110101011011111010101011000101110101110001011011010001011001110111010101100100000111011110001011111000101110000110111110010010000111111 
00010110110010000011011011101100100011000011101100001111000101010111101010011011011111100111101110011010100011110100011011001111101110001101110100011010010110110111011010111011010111010001100111001010011010100001100101111100011100001111011110010110010010011101011011010010011100010110001010100110001111001110101011100110011110001000111011011110111011101100100111011011111110111110001101010101000101101101001001101100011110000100101101110010110000011000001011100001101100000101011100000001101001111100001011111101 
10000010011011111111110111100100100010101010100001011100110101111101010000010111000011001011100001111111011011100111001010100110001001111111100001111001010001001110101110011000111010001110011110111101000100111100111000110001001101010011100011001111110000011011110000011111001010011011111111101101110010100010010111010000101101001111101101100111101011001011000100110000011111100010110100001010010101000011101000101000110011111011101011100101011011010010110111100111011111100101100010111101011001111010000111001001 
10001001010001111111101111101000000010001010101001111110010100111011100100110110000011001011101010101011001011010100111011011010010011001010010111110001010001010100001101010000111100000101111101111011101111110100100100111001101110010111110001101111101011110111110100111111010100101111010100000010100101110111111110101000010110000110111011110001111001011100111000000100110010111000101111010000110011100110000111000101010000000001110011001011110010111010001100101101011101011110100111000001101101111101011100010101 
10000111100000101000010000100100010000110000011010001010000011001110000000100101000010011010101010010001011000001100100010111000110010010000110100000000101101001111111000100001001111100101111101111101001101000000010111110001000110101100100100000010010001000010000110001010100000100011001101100100010001111110100100101001111000100110110110011100010100011110011110100101010011100111111110010001000001001000101101111010101111011111001010001111111011110110100001110011100011010100111001111000111111110001011010010101 
10101001100010011101101100100110101000100000001011000100110000011111011000101001101000011000110101001011100000101011100100110100100101100011110010011111100101010001000010110001000010001010001110110000010111100011011011010010101000100100000011001101011101111010111011110001110000111100111011101100011011100000110101101000001111011100101000010010001111011111100011111000111000011011001100111100001101010101111000000011010101011001101000011000110011000100010111111010100100000000001110000111011101010101110000000001 
11010110010111011010110111110111110111100110010011010111010011011100101011010010000010111111001001010101011110110100110100100100011000001111111100011010010000110101001010101011010101010001111111000010001010100001110101111110111100001101011100010110010011011101011001010000011000010100001010111110000110001110101011100110011110001000111011011101111011101000101111011000111110111110001100000101000101001101000101111100011110001101001101110110110000011000101011101001110100000101111101000001111001111110001011010001 
00000101110000000000011100101101101011001011101100001011000101010110101010011011011011110111101111011010100011110110011111001011101111001001010000110100110110000000011110111000101110111011101110001011101110101101101010111000110101111101110010110000010001111111100011010101001010010110011110010111011000111010110011011100000110110010111011111100111100111111011101111100000110111101110110001100000001111101101011100101100101010011110001011100101001101001111101010110010100010010011001110101111111010001110010011111 
