00111010101100110001111001110111111000110010011101111100111111011001011001111010110010011110000100110111011111101111001111001010111110001000111011011100111000000111111100110011111011101010101001110001001011011101101000110101111001100011110000111110011101101011111010001001101110010011110100011001011111111101110101100000001101110111010011001000110011000010111011110110101101100000101101111111000100001111000011110101011001111101100100111101011110110011111011000110110111111101111010010001011111110101110010111110 
00010011010000001011010010010010101000001100000010010000000110001010010001100111010000000000010000011000011100010001010100110011100000000011010101110001001010010110010100110000011100010110000011000100000011000011011000010101100010010001100000001100010110001110001010101101011010110010000100000100100000100001111000011110110101001010100100111001010011100101001010000100110000000011110000001010001001100000010001000010100110100000110111010111100100000001010110111110100100010101110001000010111000000000100011001101 
00110001010010011010000100100100101001000011111000010000010010100010010010110001010000010100010000010100010100000000111100100001100011010011011111110001010001100000100100011000110000110100000001000110000010000101010010010101100110000000010100101000010000111111101110001110111110101110000000001000001000000011010101111110011101100100100100110001010101101101000100000100100100000110000001001001101101110010000011101010100010100110101110000111100101100011101011110010011100110101110011011010101000000000001011011000 
00001011100010000000011001111111001110100001011110100010111000000000110100000000000010010011001000101010000001001010011001000101001000010100010010110000000100000100001100100001100111001101001000010100001000100011001010000011010111000001111101101111001010010011010111000000001011010101100101001000011101100001101100011011011100000101101010001010000011111100101010010101010110110001111011010011010011000010001001011101100100000000100110001101000001001011010011001000110110001010111000100101111001100011001000111100 
01001010111001010011101101110010001111100111011101011011100001011010100110101001110110111010000101111011010111111100110010011000111110010101011010000000011101101010011111010001111001101000111111100000110101011001000011011011111100111011110100011110011001101011101011111111000100010111011010111011001111110111110001011110011011011011101010010001010010001101110100010110101110111011110111111111100111101111100011110110110010111110010101110000000010001000100110010100001000111111101100110100111111110110100001100101 
01001110101100000101001111011011111110111001110110101110101001111100100000000110101101101111101100001011110111110111000011101110001100011110001000011110111110010011111010100111100111011011111110111011011011111010101111100100011001011001101011010111000111100010010001010001000001010101101011100111110101111100111011000001001010100011011011000110101011010000111011011101110111111101111110110010010010011101111000010101111101000011000001011001001110010100010100001101100011000011101100100101010111111111110101100111 
00001100001010111110001100010011110001100101101001100000000010001110000011100100111000000101001000001110101001010110101000100001010001100101110000110101000010100001100000011001110100010110000110010101101100100000100010011000001010011001100000101010100110100110000000000110111011100000100001000110000001001010111011001110111100001010100110100100000100101110100011000001111001001100011000001100001011000001001110111000000101101010101010110010011000000110001010111010011000110001110111001010101101101111110011010101 
10010100000001011001100010101101000101011101010011001001010001010101101011000110110001101011011010011010101001010110110100011101001000011010110111111111110101010000101001001100001101001001010111111000011111000011011111101010111000111111011001001000000000001101101111010110011111111000111001001101000100001111101110111111101100111010100101100011000111110101110011001111010010111001010011101100101000001110101111001110010101111001101000000010001010011100101101101011100000101011111100101110101011011000101100010101 
11101011111101001100111110100011101011110011100011111001101011101001001011110110000001011000001011110100101110110101101011111110111101101001100000010101000000101010110001011011001001011111110010111011101001110100011100110011000010111001111111101111100000001000111110110011110001001010111011110110001110001010101101100001110101111000100100000100101001010101000110111111011110100100111110100100000110000011111101100010011111011011111010011101000001101000100111111101110101000011010101011111101011100000110110011001 
11101000011101100101111001111110100111110110010101111111111101110101101111110010111111111011101111100011100011101111101011111110011110101100101010001110100101010001011111101111001111001010111100101111111101111101100101100010011100101110111011011011101011000011111101010011000001010001011101110011110110111110000110100001000010010111011011001110101010010010110101111011001010111001111110110101110000011111111111000101011001011101000001001000010110011111111000000001000011001000001100001101010111110110110100100110 
01111000011100100100001111010010001111111100011001111001001111001101001011111001000100111010010111110110100010100100110100101110110100111000110110110101001100011111100001001100010101111101010000100000111110101010000101010010101011111010110101010010100000110111000001010011000000010001110101111111101011001101100001011001111000100011101000110111110011111000011000110011101010001110100110101100111100011110111101101101111110000111000010101011011011111010110110100101010111010111111000011010011001011010010101101111 
00000111000110000100010100101111001110100000011110110010010010011010100101010111100110101001001000101011110010000110111000000101001001010100001110110010000001010001011100110100100010000101011001111110011010100010110010010101010110000001001010001001001100001001011001000110000010010100000101010011011101010011101010011011011100100010001000001010110010110101111010010110100101000000100111010011100101000010001001011100110000100001001000100010000001000011010001001101110010011011001000101100000010010011001111011101 
01010001011011011110000010001001000100000111100110100001000000100111100001001100010101000100111110001001001001000001100110001111001100100101110101101001110000010010010110010001100100011000100111011100110101000100100000011001000101010100010110010010101110010100101011001100100101111111011010000000100100010110100101011010010101001011000101000010000010001101001010001101000011110110000011000001000000010001000101111101101000101010110110011010111010001010010000011011111000001011000011100101100000001101111101010011 
00101110101010000001111101111010101000110101010011111110101100001111101010100011000010001011000001100110110110101110011001100000110011111000101011010010001110101001110001101111111011000111010000100111111100111011011101100110001110110111100011101111100110101011010111010001011011000000110101101101110011011101110010100111000010111101101010110001101111110000011001111111111100001000111000101110111111101110111010001010011111110011001001100111000001110101101011111101000111101100111100101010101101100110100010101011 
11111000111011011110101011011010110001011111110001001011101111100000011011111000001000010111110111010110001101111101001001111010111100101011110000011101101100101110101011000011011001010010100110010001100101110101001101101111101011010111110110110101010000100101100110111001111100101011110010100110001000101100110111110101100111011111000110000101001001000010000110111101011110111101001000100000011010111001010110101010001111011110101100011101110010111100000110100110000101100110110111010111111100001000110011111011 
00010001110100010110101101001101110100101010000000000001010000001100101111010111001011110000110110101011111010101110111000010000100001010010010011100010010011111110100100011011011000011101011110000000000101111001111100011110100001001111010010100100100100101001000100101110011011111110111010111100110101010110111000010001011110001000101010010101000101110101101000000000110101101100000000010110101111110000111101111011001101010010101010100101110001000000101011110110011000110101011111100000101010010101001110011101 
00000111000000100000010111100111001110101001101101100100110000011011001100000011110111101000100000100001100111100000110100001101100001010100011011100011010111111101011101111110001110101110011101111100011010001110100000011100001101101001101001101011111011011010111001100111001000010111001111111111100111010110101000001010011001101100111000101010010100110101101001000010100001000100110101010101100101000011101011101111010000100001110011101010101101000001001001011001001000100101000010101001000010111110101100100101 
00111011100100010100111000101010001000101101011010000001101010011111111011001001111010011111001110100010001110101111000011011001101011011001000100101001011010010001111110101100000111001110110100101010110000000001100010010111001001000001110101010101110010001010100110111100011100011011001111101001110111110111001000111011010111110001101001011100100110110011001010000000101001000101010011110101001111111011100010110101101110111101010101011110111110101101100000010100111111011010001001100100010100011101101101010101 
11001100101101101100110111101011110010011000010100111111100101111101001100001010111111101011001101101110001011111101000010011110010100011101101010000110101110000111111111000111101111000011110111011011001100011111110100111000011000110111001011110010101111010000011001110011010001010101111110110111111010011000100010000001101010111111011010001100111000010110111111011111011011110001111110110110000000001100111100010011000101011001100101001000011000011100010101101011100011101010101100001110110011110011110011100011 
11001101101101110011110111000100001001110110011101000000111101110100010110111010000011111010111011111011110110011011100010011111111100111111110011011010011011111101001001000101001111000111010110001011010010110000010111010001110011100010101101100111000101101011001010010011101110100000110100101101101010001010010110110010000011000001110001010100010001111000110011011001001000001100011111001111010011010010010111001101000111011001111011100100010110010111101011011111101000101111111000011010110111110010111100000101 
00010011011100100001100101111010110010010011001100010111101000001000100101010010110010101111000010000000011100101101000100011000100111101100100101110101011001010000001110000010101001101000100000010011110011011101101011100010000000001101100100100111111011010111110010001010100001011000100111101011000110100000110000000010011001000011101101010100100011100111101110101000111010110001100100000001000000010100100010101111011100100001010001010001101001010001000011001011101101000110100001001010100010100100001100010101 
00010001011100111100010010000000100100001101010001011100001011100101000010011100110001011101001101011000101001001111100110101111001001000101110100101001100110010000001110110110000000100000100111110101110000100100000100011111110001000101001010000100110110010000101001001111000000101111001001000001110100000100110100111110000100000011100100101000010101111000001010000001001001010110000011101001100011110011100101011100001100101000110111001011011010011011011001110001011000001001101101111010010000101100111000111011 
10000111100010111110100001101101110000100010101100011110010010110010110100000100110011010101101001011001000011001011111111110001001011010110011001000010111010100101111111111010011000000011101001011111000001110001111000001101100001000101000000111101011011101101001110100010001111010110011000000000010101110010111111100110111111011000000000101010001100000110100101001100010101111001011001110101000110000001010100010010110001111000011001010101110000001001001001000010101010101000000111100111111110101011101011001001 
11111000011001111111100100010000110001011110101001011101100101101111001011111000111001011100110110010100111110011101100111110010110011100011111001001101111110101010101011001110011001101010100111101011110111011100011101111000101001111110100111010000110101110110100000111100110100101011111010110101100011011100000011000100100011011011010100110001111111001010000101101001111010011111011000101101111100111101100110100010011111010110111101010011111110111101101100110010101111110101100101011010111010111100111101000011 
10110101000010001110000110011001110011011000100101010100011011100101010011010100001001000101111011001100100001000010111100100011000001101111100101011010100110110011100001011100100000010010000101011111001010010111101100011000100111010110001001000111000110010100010000000100101010100000100001001101000000001000010110001100100100011110010101000100100100010110100010010101010011000110001000001000111010010000001101101000001101000010101110011111001100111101101010100011110011010000010011101010000011001011011111010101 
00011101000010011111111011110111001001011111000110001011000101011011110111001111110001101111101110111011100000111001000001011111111000100001111101110010100101100100110010101100010000001010010111100011111011011110111110100010111100011111110001000101010000001011111110010111111101111100111100111100001100110001111110111111010110010011101110110011000110101101110010101111010111100111000011100110001001001011101111001111100100011000111000100010001010101100101111011111100001110011110110101010111001011101101110111111 
00011111001110110111101110100111011001011110011101101011111111010010010100110001000100111001001110101010100110110010100011011111110100001111000001000011011110011111001111010111011101000110011110011000010011110101011101110110011101111001110111100111001101101010010011010011000111000010100101100001001111101100111111110110000011010101100101000101101000111111010110111010000111101000010111001111010010101000110100101011110111010111111001101111010111111111101110010001111111110111111110111010011110101010011110100100 
01101011000111010101010010110111100010101100001011111111001000111011001100101010000001100100001111100101101010010101100010111100000111000010101100011101110000101101110001111101100101011110110000100010101111001101000100110010010010101001001001110100110001001000010011111100011110011100101011111111001111000011101000111111011110010100101000001001001000010000111100011110001100101010111011110110000110010011111000011010001110011010101110101011110101101010101011110010110110010101010101010111001011101110000010010111 
10001110100001001101011001001011010100011110101011110011111001110001001110000111100100100000101101110000110010001010101100000000100010010000100011000010000000101011101111010101110001100010110010111000011111011100000001000010001000010000000011010100110011010110101010111101110011010100010001001101001010111001110000000000101011100101011101111001011111100001101000111011000000111000101101001001011010011110101111110100100001000011100111100111101010111001000000010100101111001010011011010010011110011110011000101001 
11110011000110111000110000000100000001010100000111010001110110100011001110111101011000010001010000111001101010001110110110010001110010100101110010110101000000111000101000011000111001111110010011000100110100100101010000011011100111110010011100101001110100000001101110101100111111111111010000011000000010000011010110111110111001011110110101110101011000101001000100101010001000000010010011001101101100100011001111101110000010100000111011100110111001101111111011110010011110110100010111011011101010010000111010111001 
10000111110111111111000110001000110010101001111110001001010011100110010111001100011111000000101101101110001010100000000100110011011001010111110100011101000100010101100100110100100010110100000110011100110000010110001110011101000111001100000101001010011000001010100110000010111111111011101001000100010001100000000010011111000100001010101011100100110110100110101011001001010000010110001001000010011001001101011100101010001100100011101110011011111101100110001110111110100101010001010101000000110011001001110110000111 
01000010011101110000000100010001110110010100111000111110001110100000111000110000001110001100111001001110011101101110110000100000010111011110110000001001000010011011001100110011110100000111001000001000101110100001001001011000000000100110001001101010101111010001001010101010011010100011101011100011110011001100100001000000101111101101010000000100111101011111001000010000100100011001111100011001110111110110010100010001011111101101100111011111110101010011010000110000011000000100011001011100001110111010010010000111 
01101010101100000001111001110110001000010010010111111111111101011000101100111011100001111010100110110011110111111111001011011100111110111000011011100010111001101110011111101011011111101000111000110011010111111001000001100011111000100011111010110101001011101001111111111011000000011111011110111011111110011101101101100000001011110101010011011011101011010001011101111110001111111001110100110111110100111111100011010111111010010101010001001100100110111001110101000100000110001110101100110101011110110100000000101010 
00000101001010111110001111010101010110000000110000000111101100010111110111010100000000110001101011010000001001000010110100010000110100101111100101101010100010000001000001111000111000110111001111101000001010101101101000101001111111000110010000000011101010110001111000010000100010110100101000000011100101001011000110001110100100001001110001010110010001101110100010001001101001101110111001101001010000100100000101001111111111011011001001101111111101001110011000100011100101010011010010000000000010101010100011110101 
11110001011010001101100001000100110001000001010010001001101011101110101010110011001111010001001110010100101101110111000000111011111100100011100001001110101001100100101010001111010111011000100101001010000101111101010111011000100011010110110101010101110000101100111100010100101110001010100110100110001010101100010111011001100011001110001110010100001011001000010000110101010100101101011010100000011110110001110011110011110010110110110100110101110011100100101010000000000001111011010111010111100110111100111011110111 
01001110100100110101000101010101010001110011101111000110011001010001101001011100000100011100001010000111011100000000011011101001011101110000100001101100100101111100101001111101011100010000110111100110110010101111101101000111110111101001110101110100001101000001100100101111011111010011011001000110010000011101010111101110000111100011110000101001111111111000111101111100000000100010111000101101010100011011010011001010100110000101011000010110000111000111011110000000011111101000011010101010000100001100100100111101 
11100000010011111011000001010101110111010011100101111110010001110110101000111110000101100000111111010101010010001010111100110110011100100110111011010110100101110110010001010111111000110001001110010100001001101111010111111000111100111010000010001111001110110111011001011010101011101100110010010010000011010100100111001100101001001110011111100011011001001100100101010111011110111100101100001010111100001100011111000010010101011110101110101011100100110010011111101111001000100100110010111011000001100010001011101111 
01101000100110111000000111110001100011110101110011001011011101001001110100110100110001001111110010011001000000010001110010001100011011110101111101111011100101110100011110111110011011010010000111011011111010110111010111010000001110101101110001100111111001100001011110000011011001010000111110111001001101010111111100101011010110011101110110110010000100010010010000101111010000110010011000100011101101001110101111111011011100010001101110011010101100001100101111011111101001010001110111101010110100001111001110110101 
00111001101101010110110010000001100011011111100100000001001110110110110111001010101000010001101100001001101001101001000110111111101111010110011111101001110000001010011110000111100000111001110000000011100000011101100000011100001001111100111000110100100110011101010111000100110001001111001110110000100100000100100100101010001111000010000100101011001010001101001011001101010010000100011001000101100101010110000011111101001010101010011110001110111111001100100000111001101011001010100010100011000110100011111111010110 
10010111110010011000001010101000001101000101101001000100100010001000011001001001100110000100010010011000001000000001111110010001101101010011110111010101011110101110100000110100111000110100100000110000000110100010111010011100100011010001101100100100010101111110000010100100110000101111100011000100100001010001001001110110100101111001111100110010010001010011001000000100110101000110000001011010001111101001000000101000110010100100111110100111101001101100100111101110110000101111000111110011101011000001001110111001 
10111001010011101000111110100100001101100110001011010001110110000011111110101001010010010000101111110110011000001001111100000000100011101001110011001001000001101111000101001000010000100101010001010100100100000100110010011011100110101001010000101000111000010101100110000100100110101000010110011010000110001010100110111001100110001100100110110111111101101011001000000110001010101010000101001001100101101011000100111010010010110100001010101110110001111011100011110010110100111111010011111000011001001101011011011011 
00000111101100110101111111100111011001111110110001001101111011111000010011111011110010111111001010011011100111100110100011010111110100011111100000010011000110000101001100100111011111000110001011011001010010110101110010110101001010100100101111100111111111001011001100010011101110000100001100100100011001011010011110111100101011010011110111010000000001111010100011111000011111011000011110001100000010101010011010101111010100101011010001101111110110100111001011001101101101011100101000011100011011011010110010001101 
01111010011111100100001110010010001011111101010111001001111101101101001001111011001100101011010100100110101100111100000010001010110100101001100110111111000101010011010000001101100110111100110100110000110110101111101110000010011111111011101110000010100100110001111001111111110100101011100001111111111000001101000011011001001010110000010011011111110011110001010110010011101010000110101110000001101011111100101011101100011010100110001110111010001000110010110110101101000101010111111100010100100000110100010100100111 
10110000001001101000110001101011011111001110000000111011100010101100110110100100111010101011111101101001101111111101100000011111100011010111001010011011011010100011010111000110101011100111010000011001001100010110100000110000001000010110001010001000101010011000011011000000010000011101111110111111101111001110111000000001101000001100001011000100011001000111001010000001111001001101011011011111001010011100111100100001010101011011100111101001110000011100100001101011100001101011101101000101110011110011111011100011 
11110000010011001100010000011001100110001001100010111111000010001101101001000110011101000100110100000100011000000101011100100000001011100000011110110101100001110010110010111000100000111000110101100100101101001011101000101011110000011010011010011000100010010100010101101100010001011011011010011010100000110111100001001011111100101100001000001110100110000101001100000111100010110111101001110011101100010111100001010000101001101010100110011001101000001000010011101010010010001010000011100001100000001101000001111010 
11100010111101101101110100001000110110100000111011110101100011100001001110000000001110010010010000100001011101000100110110000000110111111110000010010100001000111111011100000010100110110101101001011100000110100101000001111101001011001001001111111000111101110101000101000100000010010001000011001011100110001110000001000000101000001101010011101110111000000110001011011000100010111000101001001011110010010110000000100000011111100011100101001111110101010010011101111000010110001100101111110101010110110110010001001011 
01111000100110111111001001010010010000010010111110010000101000010000110011101100001000010111011101110100101011111010011001101110010110011011100100000101101000010010001010010001100010011000000010010111000001001001101100001110010001000110110000000001010110000101101100011100100011100101010111000000101111111010110100011100000010011010000111100100000010010001110000011111011000111001001010101101001001010100001000011100001111111111000010110001101010110100010001101010011101111000001110000000001110111001001011010010 
00010001010110010111001100010100001000110001101111000100011011010110100011110000010100010100110010010011010000000010011101000001001000101010010101110101000001011000101000111001011100011000101001100100110011001000011111000111110111001101110000111101010000100111100101000110101111101010011001000001010001110011011101111100010111010010100101111011000110111001110000111100001100101010000000000001110111100011000011011100101010100100011000011111000101100011001010010100011100010100010011110011001110001100000100011101 
00010111100010010010110110000001101000101000111010000000000000011011110001001101000000001100001000001100011100111010110001010100100001011001010101110001011010101101010001111100110000110101000011110000010110001110101010011111000011010001000100010000010100011100000010110100111101101110100010001000011101010001111101011110001111111000100000110001001111001101101010000100011001000110010101001000001111100000000010110010110111100010101111111100101001100001001011010110111000110110110111100010000000001010001011111001 
10111101000111001100011010010010010101111101001000000000100011101100110110111001111010111110101010000011100101111111000011110000001010000001000101111010011010101000110100101000001100011110100110100010010110100111100010011001000001000000110100010101000000001011110101101000011001011011011011100001010001111111101110011011010111111101011101010110011101111000101010000000110111000101010111011101011111101011011011000110101011101101010100101111111110001111101000101100111100110111001001100100010000111100111101100001 
