11110010001100011100101110111110101110011100000110111100010101001111111100010111010011111000111001000110110011010111111111111100010110100011101001101001101011010111011101001011011010110000011010110110001001110011010001111100011000111000001010100110001011111001111101101101010001111100101010111111111110101101010100001110011010110111011101111110111000001010001011000100011000110011010011111001111110001011110000111010111001001111100011111111010101100111110100101001110000101101111111101011001111111110110111011001 
11001010000100100001000000100010111110101000010100101100110100111010000011100010001101000100100111001011110001000000000001101100011101101100101000000101100111011010000010011001111110100010110001110101110011100010010110010000100000000110011100000001011110000100111001101011000011001110010011111000001001101011000000100000011001010101100001011011110100111010001011000100011000110011010011111001111110001011110000111010110001110000100010101001001100000000111001100000100110000110110000110010000100001010011010000011 
11110010001100011100101110111110101110011100000110111100010101001111111100010111010011111000111001000110110011010111111111111100010110100011101001101001101011010111011101001011011010110000011010110110001001110011010001111100011000111000001010100110001011111001111101101101010001111100101010111111111110101101010100001110011010110111011101111110111000001010001011000100011000110011010011111001111110001011110000111010111001001111100011111111010101100111110100101001110000101101111111101011001111111110110111011001 
11101010000100100001000000111100110000111001110100101100110100111010000011100010001101000100011111100111001010001110111101100001100010001010011001110101001010110011111111011011101111101110101001111110001110011000101011010000000100110101011100110110011000111100011010011010110100000100100000110101010000110010110011111000110000101111011010110111110100000111101001110000100100001111111111000000101001111110000011011111101110001011000010010010001000101100111101110100010010001000110010101100000100110110111010000011 
11101010000100100001000000111100110000111001111000101100110101010110101110111101111000011011000000101000101100101110110111011100010100111110111100110011001010110011111111011011101111101110101001111110001110011000101011010000000100110101011100110110011000111100011010011010110100000100100000110101010000110010110011111000110000101111011010110111110100000111101001110000100100001111111111000000101001111110000011011111101110001011000010010010001000101100111101110100010010001000110010101100000100110110111010000011 
11101010000100100001000000111100110000111001111000101100110101010110101110111101111000011011000000101000101100101110110111011100010100111110111100110011001010110011111111011011101111101110101001111110001110011000101011010000000100110101011100110110011000111100011010011010110100000100100000110101010000110010110011111000110000101111011010110111110100000111101001110000100100001111111111000000101001111110000011011111101110001011000010010010001000101100111101110100010010001000110010101100000100110110111010000011 
11101010000011010011110110011110101110011100000110111100010101001111111100010111010011111000111011011101101001101010000011111100010110100011101001101001101011010111011101001011011010010000111000011000011001101010110010110100100100110101011100110110011000111100011010011010110100000100100000110101010000110010110011111110011010110111011101111110111000001010001011000100011000110011010011111001111110001011110000111010111001001111100011111111010101100111110100101001110000101101111111101011001111111110110111011001 
11101010000100100001000000111100110000111001111000101100110101010110101110111101111000011011000000101000101100101110110111011100010100111110111100110011001010110011111111011011101111101110101001111110001110011000101011010000000100110101011100110110011000111100011010011010110100000100100000110101010000110010110011111010011010110111011101111110111000001010001011000100011000110011010011111001111110001011110000111010110001110000100010101001001100000000111001100000100110000110110000110010000100001010011010000011 
11110010001100011100101110111110101110011100000110111100010101001111111100010111010011111000001001000110110011010111111111111100010110100011101001101001101011010111011101001011011010110000011010110110001001110011010001111100011000000110011100000001011110000100111001101011000011001110010011111000001001101011000000100000011001010101100001011011110100110111111100000000101011011011000011110010110011110001011110110011100110001011000010010010001000101100111101110100010010001010110000110010000100001010011010000011 
11101010000100100001000000111100110000111001111000101100110100111010000011100010001101000100100111001011110001000000000001101110011010100011101001101001101011010111011101001011011010110000011010110110001001110011010001111100011000111000001010100110001011111001111101101101010001111100101010111111111110101101010100001110011010110111011101111110111000001010001011000100011000110011010011111001111110001011110000111010111001001111100011111111010101100111110100101001110000101101111111101011001111111110110111011001 
11101010000100100001000000111100110000111001111000101100110100111010000011100010001101000100100111001011110001000000000001101110011010100011101001101001101011010111011101001011011010110000011010110110001001110011010001111100011000111000001010100110001011111001111101101101010001111100101010111111111110101101010100001110011010110111011101111110111000001010001011000100011000110011010011111001111110001011110000111010111001001111100011111111010101100111110100101001110000101101111111101011001111111110110111011001 
11110010001100011100101110111110101110011100000110111100010101001111111100010111010011111000111011011101101001101010000011111110011010100011101001101001101011010111011101001011011010110000011010110110001001110011010001111100011000111000001010100110001011111001111101101101010001111100101010111111111110101101010100001110011010110111011101111110111000001010001011000100011000110011010011111001111110001011110000111010111001001111100011111111010101100111110100101001110000101101111111101011001101101000000011011111 
11110010001100011100101110111110101110011100000110111100010101001111111100010111010011111000111011011101101001101010000011111110011010100011101001101001101011010111011101001011011010110000011010110110001001110011010001111100011000111000001010100110001011111001111101101101010001111100101010111111111110101101010100001110011010110111011101111110111000001010001011000100011000110011010011111001111110001011110000111010111001001111100011111111010101100111110100101001110000101101111111101011001101101000000011011111 
11101010000100100000001100100010111110101000010100101100110100111010000011100010001101000100100111001011110001000000000001101100011101101100101000000101100111011010000010011001111110100010110001110101110011100010010110010000100000000110011100000001011110000100111001101011000011001110010011111000001001101011000000100000011001010101100001011011110100110111111100000000101011011011000011110010110011110001011110110011100110001011000010010010001000101100111101110100010010001000110010101100000100110110111010000011 
11101010000100100000001100100010101110011100000110111100010101001111111100010111010011111000111011011101101001101010000001101100011101101100101000000101100111011010000010011001111110100010110001110101110011100010010110010000100000000110011100000001011110000100111001101011111000000101110101010100110101001000111101111010011100101100100110111010101110010001110111100100100001100010010000010101111001010011110000101100010001011101110100001111000111001100101000010010110001010111101100001010000100001010011010000011 
11101010000100100001000000111100110000111001110100101100110100111010000011100010001101000100011111100111001010001110111101100001100010001010011001110101010000010011010101101001110010101100000111111010011001000011100101001100111001111110001000110110010001101100010110011111010001111100101010111111111110101101010100001110011010110111011101111110111000001010001011000100011000110011010011111001111110001011110000111010110001110000100010101001001100000000111001100000100110000110110000110010000100001010011010000011 
11101010000100100000001100100010111110101000010100101100110100111010000011100010001101000100100111001011110001000000000001101100011101101100101000000101100111011010000010011001111110100010110001110101110011100010010110010000100000000110011100000001011110000100111001101011000011001110010011111000001001101011000000100000011001010101100001011011110100110111111100000000101011011011000011110010110011110001011110110011100110001011000010010010001000101100111101110100010010001000110010101100000100110110111010000011 
11101010000100100001000000111100110000111001110100101100110100111010000011100010001101000100011111100111001010001110111101100001100010001010011001110101010000010011010101101001110010101100000111111010011001000011100101001100111001111110001000110110010001101100010110011111010001111100101010111111111110101101010100001110011010110111011101111110111000001010001011000100011000110011010011111001111110001011110000111010110001110000100010101001001100000000111001100000100110000110110000110010000100001010011010000011 
11110010001100011100101110111110101110011100000110111100010101001111111100010111010011111000111001000110110011010111111111111100010110100011101001101001101011010111011101001011011010110000011010110110001001110011010001111100011000111000001010100110001011111001111101101101000011001110010011111000001001101011000000100000011001010101100001011011110100111010001011000100011000110011010011111001111110001011110000111010100110001011110100001111000111001100101000010010110001010111101100001010000100001010011010000011 
11110010001100011100101110111110101110011100000110111100010101001111111100010111010011111000111001000110110011010111111111111100010110100011101001101001101011010111011101001011011010110000011010110110001001110011010001111100011000111000001010100110001011111001111101101101010001111100101010111111111110101101010100001110011010110111011101111110111000001010001011000100011000110011010011111001111110001011110000111010111001001111110100001111000111001100101000010010110001010111101100001010000100001010011010000011 
11110010001100011100101110111110101110011100000110111100010101001111111100010111010011111000111001000110110011010111111111111100010110100011101001101001101011010111011101001011011010110000011010110110001001110011010001111100011000111000001010100110001011111001111101101101010001111100101010111111111110101101010100001110011010110111011101111110111000001010001011000100011000110011010011111001111110001011110000111010111001001111100011111111010101100111110100101001110000101101111111101011001101101000000011011111 
11101010000011010011110110011110101110011100000110111100010101001111111100111000011011001000001001000110110011010111111111111100010110100011101001101001101011010111011101001011011010110000011010110110001001110011010001111100011000111000001010100110001011111001111101101101010001111100101010111111111110101101010100001110011010110111011101111110111000001010001011000100011000110011010011111001111110001011110000111010111001001111100011111111010101100111110100110000101101010110000111011110011110100011101100110011 
11101010000011010011110110011110101110011100000110111100010101001111111100111000011011001000001001000110110011010111111111111100010110100011101001101001101011010111011101001011011010110000011010110110001001110011010001111100011000111000001010100110001011111001111101101101010001111100101010111111111110101101010100001110011010110111011101111110111000001010001011000100011000110011010011111001111110001011110000111010111001001111100011111111010101100111110100110000101101010110000111011110011110100011101100110011 
11110010001100011100101110111110101110011100000110111100010101001111111100010111010011111000111011011101101001101010000011111110011010100011101001101001101011010111011101001011011010110000011010110110001001110011010001111100011000111000001010100110001011111001111101101101010001111100101010111111111110101101010100001110011010110111011101111110111000001010001011000100011000110011010011111001111110001011110000111010111001001111100011111111010101100111110100101001110000101101111111101011001111111110110111011001 
11101010000100100001000000111100110000111001111000011010100011010110101110111000011011001000001111001011110001000000000001101100011101101100101000000101100111011010000010011001111110100010110001110101110011100010010110010000100110010100101001000111011000101000000100000001000011001110010011111000001001101011000000100000011001010101100001011011110100111010001011000100011000110011010011111001111110001011110000111010110001110000100010101001001100000000111001100000100110000110110000110010000100001010011010000011 
11101010000100100001000000111100110000111001111000011010100011010110101110111000011011001000001111001011110001000000000001101100011101101100101000000101100111011010000010011001111110100010110001110101110011100010010110010000100110010100101001000111011000101000000100000001000011001110010011111000001001101011000000100000011001010101100001011011110100111010001011000100011000110011010011111001111110001011110000111010110001110000100010101001001100000000111001100000100110000110110000110010000100001010011010000011 
11110010001100011100101110111110101110011100000110111100010101001111111100010111010011111000111001000110110011010111111111111100010110100011101001101001101011010111011101001011011010110000011010110110001001110011010001111100011000111000001010100110001011111001111101101101010001111100101010111111111110101101010100001110011010110111011101111110111000001010001011000100011000110011010011111001111110001011110000111010111001001111100011111111010101100111110100101001110000101101111111101011001101101000000011011111 
11110010001100011100101110111110101110011100000110111100010101001111111100010111010011111000111011011101101001101010000011111110011010100011101001101001101011010111011101001011011010110000011010110110001001110011010001111100011000111000001010100110001011111001111101101101010001111100101010111111111110101101010100001110011010110111011101111110111000001010001011000100011000110011010011111001111110001011110000111010111001001111100011111111010101100111110100101001110000101101111111101011001111111110110111011001 
11110010001100011100101110111110101110011100000110111100010101001111111100010111010011111000111001000110110011010111111111111100010110100011101001101001101011010111011101001011011010110000011010110110001001110011010001111100011000111000001010100110001011111001111101101101000011001110010011111000001001101011000000100000011001010101100001011011110100111010001011000100011000110011010011111001111110001011110000111010100110001011110100001111000111001100101000010010110001010111101100001010000100001010011010000011 
11110010001100011100101110111110101110011100000110111100010101001111111100010111010011111000111001000110110011010111111111111100010110100011101001101001101011010111011101001011011010110000011010110110001001110011010001111100011000111000001010100110001011111001111101101101010001111100101010111111111110101101010100001110011010110111011101111110111000001010001011000100011000110011010011111001111110001011110000111010111001001111110100001111000111001100101000010010110001010111101100001010000100001010011010000011 
11101010000100100001000000111100110000111001111000101100110101010110101110111101111000011011000000101000101100101110110111011100010100111110111100110011001010110011111111011011101111101110101001111110001110011000101010010000100110010100101001000111011000101000000100000001111000000101110101010100110101001000111101111010011100101100100110111010101110010001110111100100100001100010010000010101111001010011110000101100010001011101110100001111010101100111110100101001110000101101111111101011001111111110110111011001 
11101010000100100001000000100010111110101000010100101100110101010110101110111000011011001000001001000110110011010111111111111100010110100011101001101001101011010111011101001011011010010000111000011000011001101010110010110100100100110101011100110110011000111100011010011010110100000100100000110101010000110010110011111000110000101111011010110111110100000111101001110000100100001111111111000000101001111110000011011111101011001111100011111111010101100110110110110000110000101101111111101011001111111110110111011001 
11001101110001000010001101110000111110000101101101010110001100001001110101000101010111001001000011011100101001101010001101101011011000000011001010000010110111110110111100000110011000111100010110101000010000100011001001101010101101110101100110101000100001100000100100100001111000000101110101010100110101001000111101111010011100101100100110111010101110010001110111000100011000110011010011111001111110001011110000111010110001110000100010101001001100000000111001100000100110000110110000110010000100001010011010000011 
11101010000100100001000000111100110000111001111000011010100011010110101110111000011011001000001111001011110001000000000001101100011101101100101000000101100111011010000010011001111110100010110001110101110011100010010110010000100110010100101001000111011000101000000100000001111000000101110101010100110101001000111101111010011100101100100110111010101110010001110111100100100001100010010000010101111001010011110000101100010001011101110100001111010100000000111001100000100110000110110000110010111011101000011000011001 
11101010000100100001000000111100110000111001111000101100110101010110101110111101111000011011000000101000101100101110110111011100010100111110111100110011001010110011111111011011101111101110101001111110001110011000101010010000100110010100101001000111011000101000000100000001000011001110010011111000001001101011000000100000011001010101100001011011110100111010001011000100011000110011010011111001111110001011110000111010110001110000100010101001001100000000111001100000100110000110110000110010000100001010011010000011 
11001101110001000010001101110000111110000101101101010110001100001001110101000101010111001001000011011100101001101010001101101011011000000011001010000010110111110110111100000110011000111100010110101000010000100011001001101010101101110101100110101000100001100000100100100001111000000101110101010100110101001000111101111010011100101100100110111010101110010001110111000100011000110011010011111001111110001011110000111010110001110000100010101001001100000000111001100000100110000110110000110010000100001010011010000011 
11110010001100011100101110111110101110011100000110111100010101001111111100010111010011111000111011011101101001101010000011111110011010100011101001101001101011010111011101001011011010110000011010110110001001110011010001111100011000111000001010100110001011111001111101101101010001111100101010111111111110001000111101111010011100101100100110111010101110010001110111000100011000110011010011111001111110001011110000111010110001110000100010101001001100000000111001100000100110000110110000110010111011101000011000011001 
11101010000100100000001100100010101110011100000110111100010101001111111100010111010011111000111011011101101001101010000011111100011101101100101000000101100111011010000010011001111110100010110001110101110011100010010110010000100000000110011100000001011110000100111001101011000011001110010011111000001001101011000000100000011001010101100001011011110100111010001011000100011000110011010011111001111110001011110000111010110001110000100010101001001100000000111001100000100110000110110000110010111011101000011000011001 
11110010001100011100101110111110101110011100000110111100010101001111111100010111010011111000111011011101101001101010000011111110011010100011101001101001101011010111011101001011011010110000011010110110001001110011010001111100011000111000001010100110001011111001111101101101010001111100101010111111111110101101010100001110011010110111011101111110010100010001010101111111101100101110111000100111011100011100100101111011100110001011110100001111000111001100101000010010110001010111101100001010000100001010011010000011 
11101010000100100001000000111100110000111001111000101100110100111010000011100010001101000100100111001011110001000000000001101100011101101100101000000101100111011010000010011001111110100010110001110101110011100010010110010000100000000110011100000001011110000100111001101011000011001110010011111000001001101011000000100000011001010101100001011011110100111010001011000100011000110011010011111001111110001011110000111010110001110000100010101001001100000000111001100000100110000110110000110010111011101000011000011001 
11101010000011010011110110011110101110011100000110111100010101001111111100111000011011001000001001000110110011010111111111111100010110100011101001101001101011010111011101001011011010110000011010110110001001110011010001111100011000111000001010100110001011111001111101101101010001111100101010111111111110101101010100001110011010110111011101111110111000001010001011000100011000110011010011111001111110001011110000111010110001110000100010101001001100000000111001100000100110000110110000110010000100001010011010000011 
11110010001100011100101110111110101110011100000110111100010101001111111100010111010011111000111011011101101001101010000011111100011101101100101000000101100111011010000010011001111110100010110001110101110011100010010110010000100000000110011100000001011110000100111001101011000011001110010011111000001001101011000000100000011001010101100001011011110100111010001011000100011000110011010011111001111110001011110000111010110001110000100010101001001100000000111001100000100110000110110000110010111011101000011000011001 
11101010000100100000001100100010111110101000010100101100110100111010000011100010001101000100100111001011110001000000000001101100011101101100101000000101100111011010000010011001111110100010110001110101110011100010010110010000100000000110011100000001011110000100111001101011000011001110010011111000001001101011000000100000011001010101100001011011110100110111111100000000101011011011000011110010110011110001001100001001111010110010110011000111010101100111110100101001110000101101111111101011001111111110110111011001 
11101010000100100000001100100010111110101000010100101100110100111010000011100010001101000100100111001011110001000000000001101100011101101100101000000101100111011010000010011001111110100010110001110101110011100010010110010000100000000110011100000001011110000100111001101011000011001110010011111000001001101011000000100000011001010101100001011011110100111010001011000100011000110011010011111001111110001011110000111010110001110000100010101001001100000000111001100000100110000110110000110010111011101000011000011001 
10111100011100001000001100100010111110101000010100101100110100111010000011100010001101000100100111001011110001000000000001101100011101101100101000000101100111011010000010011001111110100010110001110101110011100010010110010000100000000110011100000001011110000100111001101011111000000101110101010100110101001000111101111010011100101100100110111010101110010001110111100100100001100010010000010101111001010011110000101100010001011101110100001111000111001100101000010010110001010111101100001010000100001010011010000011 
11101010000011010011110110011110101110011100000110111100010101001111111100111000011011001000001001000110110011010111111111111100010110100011101001101001101011010111011101001011011010110000011010110110001001110011010001111100011000111000001010100110001011111001111101101101010000000100100000110101010000110010110011111110011010110111011101111110111000001010001011000100011000110011010011111001111110001011110000111010111001001111100011111111010101100111110100101001110000101101111111101011001111111110110111011001 
11110010001100011100101110111110101110011100000110111100010101001111111100010111010011111000111011011101101001101010000011111110011010100011101001101001101011010111011101001011011010110000011010110110001001110011010001111100011000111000001010100110001011111001111101101101010001111100101010111111111110001000111101111010011100101100100110111010101110010001110111000100011000110011010011111001111110001011110000111010110001110000100010101001001100000000111001100000100110000110110000110010111011101000011000011001 
11101010000011010011110110011110101110011100000110111100010101001111111100111000011011001000001001000110110011010111111111111100010110100011101001101001101011010111011101001011011010110000011010110110001001110011010001111100011000111000001010100110001011111001111101101101010001111100101010111111111110101101010100001100110000101111011010110111110100000111101001110000100100001111111111000000101001111110000011011111101110001011000010010010001000101100111101110100010010001000110010101100000100110110111010000011 
11110010001100011100101110111110101110011100000110111100010101001111111100010111010011111000111011011101101001101010000011111110011010100011101001101001101011010111011101001011011010110000011010110110001001110011010001111100011000111000001010100110001011111001111101101101010001111100101010111111111110101101010100001110011010110111011101111110010100010001010101111111101100101110111000100111011100011100100101111011100110001011110100001111000111001100101000010010110001010111101100001010000100001010011010000011 
11101010000100100001000000111100110000111001111000101100110101010110101110111101111000011011000000101000101100101110110111011100010100111110111100110011001010110011111111011011101111101110101001111110001110011000101010010000100110010100101001000111011000101000000100000001111000000101110101010100110101001000111101111010011100101100100110111010101110010001110111100100100001100010010000010101111001010011110000101100010001011101110100001111010101100111110100101001110000101101111111101011001111111110110111011001 
