00101110111000101110100101000100101001101110110110110100111111011100101101010111100011011010101110001011010110100000101110010101111110110011101101101000110111001101111101000111111001111100110000111100010011111111011110101010110101011100001100101101001010100111011101010111110011101011100101001101101000101111111001011000011001000110000101111110100100100001001010110011100110111110010000101101101110110001000011100010001111010101110010111101111111011110111110110000011111111101110111011111011101001101000101110101 
11110011010100000100111001001101100111000101000101000011001010110101101011101100101000010000001011010100000011101010010001010011010010100100001001010101000100100100000110100001010100000100001100000011010111010110110110010110000110011110001100001100010011000000000110110111001000010001111111000011110100100000100001101000111000000101010110001000000011111011001010110010000001011011001011010111111101010100000111000001000100100000010010001100100001110010101100010001111100001001110000100100111100010000001110111011 
00100100011000100010011001001010000001110111000100110010111010110011100100001011011001110010110001000011110001010001010011001001000010011000100100100010101000111001101101110101101100010000100110010011011001011010111111000010101011111101110011001010100100100111010011000101111110100110000010001000010001000100110001000010000001101010111100101000100011001010001000010101101010000000010010101100001001001000111111001010101000111000100011000011011100111011110101001111100000010100000110001111000001000101000100001101 
01110111111100001111111001010110010100111110110111011010010011100110110101111111111111110110100001100101111010110001011000100101101010100111011100011100000111110000010100100010100111101101000001010011110101111100011001101011111110001111110010111101000110100001011001010100111010001001011010110001101000101001001100100010111101011001011100110111101011110110011011001001101100010000111000110101111101010110110001011101111100010010011101100110111101110010000011001000011001101111100000101011000110010000010110010111 
11001110001010100010110000001100101000000100111000000110011010111000101000000111100001101100000100110001011000011011000111001000100001111101111110010100110010101000001000010101010011101001110100011101110110010100101000100110010000111101111100101111010100110010111001011100000011111001000000010110101011000001000011010010011110010011101101001000000000000100100000100111110101110010011110000101110011011100111111111111011011011011010100111001001111000000100010010111100100010111001011011110000001010110110110110011 
00101101101010110001110111100100010111100101010001011000101001011100100101110011011100101010101100111000100000110011111000011010000110010000011010011010101101111000011000000100100110000010001010000001110000011011111010110111101101011101101011101100000110101011101001100110001001100011001001111000100110111011010010011011110010011101001010001110101011011000101010000001110100001100001001101101100111001000010000111011101000110001001000101001110011011001100000110001000001000110110001100010011000011010100111000011 
01110010111001001111110111011000001011001011010010011010111001111100011010101011011111011011111010100011110111001101111000000110100101111001000111111010111110001101010010011111101111010110011011101101110000110111110101100110011111011100010111101100101110100101010111010011111011110100110111001100100100100001011001101011101001000111110001011110101111000001011010010011111110010110110101100111100000110010101100111000010001010101111101111001001011001001010000110010111110101110111110110101010110010111001011001001 
01111111001011111011110111111101101100001110110110101000100101110110111111111010100100100100010110001101010010011101110110100000100001001101011011011100111001010001010111111010101001110100010010101111010110111011011001011111011010111000100111101101100010111101111101010100010000000111011101101100010100011100000101110101101000011000111101111111001110010110101110011011010100111111111101010010000111000100001100110101101101100110111111100001110001011101100011100101110101000011011111011011010011001110111011001111 
00001000111000000001100110010100111011001001011011010000111100010111010100100100011011110111110100100010110001011010101000101100000010001101100001100101011011010000101010100010101100100111111100000000100011011001001010101110101001101011000010101001001110111101001101010010101011010100001011110100010111110001010011001001000101001010001010001000010110100000111001101001011100101100001100010010100001100111011010110011001000010001101000010110011000011001000011010001001101101011010011001111100100010011001110001011 
01000011000100000110111101101010011100100100001101100000110110001100010001010000011101100000100001111001101101000110000011001101000011011001110110000010110100000001011001011000000100001111000010101101001010111110011011000100110110000110111010000010011011010010000110111101101011100100101111101000101000010000101011110101010101011000011010010010011001100001100111010100000010101111010011010011010011011010000010101000000111001101101010100100000100100101001011010111100011011001000011100000010010001001100110000011 
00011001001000111100101100110000000000010010000110110001001100010110001100011101110101111001010000110010011010111111010000111000000101000100000010011000110101001101111101011001110001100011011001010001110010111110001010101001100100000111110101001000010100000000010110100111101100110011000100110101100110110000010000101101100101100101001011100101101011101010100011000100000100000001010101000010100110110011100101010001001111010010000011000101001101010101110101000110000010111100111101001010000110100011101101110001 
11010011110110101100010110010100000011000100110111100110111011000111101100010101110000011100001110100001010011001011110100010101001001101010100000000001100000000110010010011100110100101110000101011100001100100001100110000010010000101111001001100101100001101000001000001101110001100111011010101110100011110000010101001010001010110101101111001010000100101100000110011111000001110101111110001011100000001110101000000101110011001110000011000101111011000101111010011001001101010000100000010010100000100101001001000011 
00111001001011110110001001101000100101001011001000000100100100110000001001011110000010110001011100110100111111100010000111110111101011010001110000110011111010010110111110101001100110011100000001000000100101001111010111000110101100000100001000101000010000110110110000011011100001000111010100001010000001101101011000001001101100000000000111011101101100000111010001000101011010110111111010111111010001001110110010111000000001110101000000000101000011000010001101001000010100110100000101111101011100001010011011111011 
00010111010000001111110010110111111110011100101100010111011011010101011111001110000111101000100000110010110100110110110101111001010110100110011001100010011101001101001110010001111110101111011011111010101110000010100100101010110100110111110110010011101101101100111110101000110111011000110000111000001101111101110100011101111010101011110001000011111110110111101010100100111101000011000100110001101111100010110110101001001011101001111010011111011111100101101011111101001011001111111110010001101010101110011001001101 
01100110001111101011101010110001001101010111111011010110110001111000000110101010001101011100101001010100110110100011101111101000010100000101000100110101111100100110111100010110110010000111000001101001000111000101111010011101010101001010110110111111111010010000100011100101000111111111111101110010100101100010110101010111100111001010110111011111010111001100111101011111001111011110111010011000001100110100111111011111110010111000111000110100000100001000110001111101101010001110110011110110111010110001110100110101 
01001100011110011001111110001010100000010101101010110001101010110011100000001001100000011011010101001000011101010101101001101110011111010010101101100100100011101001000010001001101011010011011010110111100100001000000111001110101011110101110001100110000011010010011101110110101001111111001011001011000000101101100111101000100011010001010011100010011110000001110110000101110101111010111000100101101111001111011000110011111010110001101110000001110001001001111100101101010001011110101111110100001101001100011010100001 
10011100001100111001111000101101110001011111010101100011010111000000100000100110010011110101111110001000111111101110001001000100010111010011001001101100011000101011001001000111100100011110101100100000100111110001000001000111000001110100110000111110001001010001110001010111011111111010101010100001011100011100111111100000000011010011010101100111011011010011111100001111110101011010010111100101101110001101001001101011011010110010010000100011110101100101101000011101110010011111101110100101001111000101010011100101 
01000000001011110011011011101000101001101000111001110000010111011110100010011101100010011111001101001001110101101101111010111110001111100001111011000111010110111110011001011011011000011111111111011111001100111101010010010011110010101011011001010111101000101001100101100111101011011111001001111100101110010000011100111101111110101100111111010001011111100111001111110111110011111010100010111100000110001000000111010100100101011111110111001111010110000011010000100111101000111010100110111011000110100010010011000101 
01111011010101101001111010000001001000110011000111111001101010010000100000001011011101101110110001010111010001110010100011110101001110111100001100101100111100100001100001001101010010101110100001010111100101000110001011001110111101001000000000011000100001110101111000000000000011011101101101101100000001000000001111011111001100100101111100001110101100011001110010101010100111011010001000101111111010000101100000011111001111111001100101001100010000100011010010101110101000000111001011010111001000001010110111110111 
10001111100011100010011011111000110001001000011000110110110011111110000111101000110111110101000110111111100110001110111110000010100011110000111100001110101100000011101110100100101101001100010011001111110111011000111111110101010001011111110101001010101011000000001101101101110101111100111101111001110011110110000001110011110000101101010010011100000111101111001100000111001011011001011000110100110000111001110111111111111110110110101101111100111111101011100100001011010110001010100000111010001001110010110011110111 
11010001100100110111110111111011101111010101010111110000110100111000011010111010110001110111011001010001101110101111010011110111101010100111011001100001000100110011111000011000110101110000010111001101111101001110001111111111011011000101001000001010100101001000111001101100010110011101001000110100011111010000001100111100111000101100011110100110111011001011000000111011011000101010110110101101100111001010000100010000010011101101100011101010001100111001101010111111011111110110110111010101001010110110110111110101 
11010000010101011111000101000011100011001011010001100100100001010110010111111011101000000010110100010110000010001111001010110000000101011110001110000111101110100000000000111100001011110001110011110000110001100010011110101011110100011101101110010011000010100011100001000110110100010001010110011100110100011100001011001001011011111000110010100101011110101000010011001011101111000110000010110000011000100011111001110111101110100100000111000100010011100100110110100000001011010010010100001011100111010010100111000001 
00011100001011000100110101010010110001100010000011010011101010001010100000100000111000110110101011110011001001010111111011101000111111001001011000100000000010001001100111101101000001000010100000100110100010101110101110011110101011001011000010110011011111001110000101011001011011100011011001011000000001100010011000100000000011000001000001110001111000000000010110010100001000111001011101110011101011101010010100110001000010110011001000000000111101100011111111001110101001001110001010101111001010101010111101111101 
10110000110100011011100010010110010001001111011011101011101111011100001000110111101100011010110100101100010100011010101010011110110001111110010101101100100001001000000011101011011101101011000111111010100111000100010000011010111111111001011110011101000001001001001000111000010000101110111011100111111110010011111111011111111110010011101100100111100110011010000101110100001011111000110110110111001000101011100101001011011001000100011011000111010011001111010001100111011000001110010000110010010110111101110111011101 
00010001010000100011110000100001110100010010100010110100000111010100010010001100001111010011001101101110011101010111101110000110111000110011100001101101101001000001111011010111001010000000000011100111011110001001111000000110110010101101010100011001011010101110011001010010001111101000110011011101000001010101110011000111010011110110100100011111011101101110000011011000101010001000001110101010100001110111011000110011110101110010111001101000001101000100101100010100110100000110011011101010100100010000111011100011 
01111010011100111000111010111111110100010000010101110000011000100100000010100100100111011000100101001110011101000000111110000111100100000001110111000011000000001101010111100101100010100111110101100011110001001010011010010001000101001001100111001001001110010010011111111111100000001010100111010110001101100000001110100101100110001001100101100010101101110000010110100011111000011101000111111010111010100000111010010111101000010110101100010111101001110101000101010111001011011001100001110100000011100001001011000111 
00010001010011111011100111001000101010101010011111001000010111001010110000011101011010100101110000101101101001000111010101011000100010011101000000010100101100011111010011110100100111101100111000101011110100100100110010100110011000000000101111111000011001000111101011001101011000101100100111011001100100001100001100110110110010100111010011100101011100001010110111111100011111100001010101010111010001000001111001101001000000001001011010001101011010111010100001110100010001101010000101011011111110101011010001011011 
10101110000111010010000001010101101100000000001001100111001000011011110100101110110000001010111011110100010011010100011111100111001101110111011110101000001110110111001000100101100001100110110101101001100101000000110111001011011101001001001111110100010110101100100001011100011001111100000010110000100010010110011001110010001001111001111011000000001000111110000011000011101111111000010011000011110000101111100100101010011110010100100110110111001101000011011100100001110010110000001111100111001001100101000000110111 
10110111110000111100111010010011101111100011011111010000100111111101101110000001111111001011100001001001110001000100011011011001110110001000011111001101100101011010011100000100011000010011010000010110111001110111101101110111110000100100100011000101111100111001011100110101111110101011101101010101000011111000110101111001100111010110011110001110001111010100010111000001100000110110010000100111001111111011101101100011000100111100101111110001001101000011100011010001111000011111111100010101000110110010100100111111 
10110001010111010000111011110101010001010001011100101100100100010001001000000000000000010110101101100000100001000011110110010101111001101101001010000101001101100000000100110010100101100000001000000000110101000100101101101100011101110000111110101000100001101110101100101110010000101100000001101010101010001110001110010101101100000100001111111011001000101100110010110010000001010011000010110111010010000001110101101100001111110101011100011010110100000100110001100101010100100001101000001111011001011100000001011101 
10000111010111100011100111010111101000111110111111010000100010000110101111111011111100110011111001011000000000101011011100110101001110110111111111101101101001100001110011011111111000110110011000100011100100100110110011001111001110010001000110110011100011111111100000001110110000010101011111101111010110011101100110010100101000111100011011100011001010000100111110011110000100011011001100000000111110100110001011001110100011111011010111011101111001111101011110100110001111110100011101010101000001001011010111010111 
10101111010110011010101001111110010001100110000111011010011101000011111110110110111100111010111000011101111110000010110011101101110010101110010000101001101111101101001101010110110111101010001000111011111011111101001010101001011100001011010110011010001101110101010111111101011010001101011011010100110110101001111100101111111111110011010011001010001010001010001001101010110100010000011100111000101110110001000001001101011000101111011101111110110001101001111011000111111011111100101101001101110111011001000000100101 
01001100010101110010101000001100001101110000111010001001011000101000011110000100011000011010011000100101011110001011111110100111011100110110111101110110101000010111010000000111000101111010110011100001011000000001100010001101000001000010011101011001000110111001010000001001110101110010100010010000010100011100110011010110111100000010101111001100011101100101011110101111010101010001101000100010000001000100111100001100001011110010011010000101100101101101100000110000001000011000110100011000000000001110010100101101 
00110101111101110110101001111011101001111011111100010000110001001100001000111001010010110001001100101111010001100110101100101001110111111001001011010110000100011111110110010111110010111000011101111110111011101001101001010111000010100000111001011100001110111101010110011110110010111010111001011101001001101011011011010000000101110111101111101100110101011101110011001111101110111101111100110110100001111111101011001010100011010111110101001110001010011011001111110100001110101000101111000010110000000101110110101111 
00010001100001001110111000111000111011000000001000010100000000111001100010000010000010111111001000000100011001000011111101100010011111011110011001010000000010010000110000111000001000011011110111010100011110011100101100000111011010111000010110110001101010111110001100011110101011100000111000010010001000001100111011001010000000000010011111001010010000100010011101000011100101000000110110100100100000001001011111110010001100010100010000111011111011001100010001100000000111101101110001110000110101011100111111100001 
11010011110010001000100110011011001010001011110010111010000101101011011111111001101111011111110101100011111010100101111001101110100101011000101100101010100111001101010000000011011001010110001001011111100100110000000001001111111010111000011010000001101111000011110011111011010110111010110110111101111011011111111001010011010010101010100111011111010001010000000101010011011100000111011011101001001100010110010001100011100101111011000110110100001011100101011111111101000011001100100111110100000011010100101111000001 
10001100000101011010111010000001001101100001000010101001011000000010111100110110100100010011011101001111001100001010000011101111100001011010110011100010000010101010101100101011110100100001101100110001110011011101001011111010001101101100110101001000111110110111101010100001101010100000011010111111000011101001000100110010111110111100011101010011011101111111100001011101011100110010110000111100110100101010100010010101111110110110100010010010100110101001111010000011001010110000001001100111001111011101111001010111 
11000000011001111101011011101110001001100110100001010010111010001010101010001001011100010000101101110100000001110001110111000001000111010001011010100010011001101011001000011010100010001010101101011010011101101010010000001010001011110101010111001110010011001011100101011111000010100110101011001000110101010100111000110011000100101000010101111011100011011101000000100110100011111100011010100100000101000000001000000010000101000001010000010111110011001011001110100110001000011011110001110110110111010111010100011011 
01110010111110001111100000011101001111111100000101000001000110011100110111100010110100011111010000010111100100011101111101011000011101010000010110100000101100100100111111011101010110110001010100011111001000111101100100000101010111101010101010100001110000000101111101101011010110100010001111010111011011011101010000001101110010111110110010111101111001101100110001101100000101001001111000001111011110001101100011110101010011011001001110011001100110101101100001000011110011110111100111100111101101010001100111011001 
11100101011111010110001101100111100101001001111110011110101011111111000110000010110111101001101001100011011101000000100110101000110101010001101001100111001101001110000000010011110110010000011001001100011011000001001100100000000110110010111001101111000110101000011001110010110000111100100001010110011101101011000111111011000010010010000101101101000000000101001000001001010101110011000101111100011101111111101000000111111000001010100011011110101110110010000111011101101100001010100110000001110001111101100100011111 
01111110000011011110000011110010110100011000101101000000101011011110010100111110000110011100101110111001010010100100100110011011000100111110101001000001111011001000001011001101011100101111011101001110111000001111101011111100010100101011000010000001101001010110100101001001001110000100001001011110110111110111100110100000001111101000101010011100111010001101110100100100001000110010111000110111110001111111100110110011000100001001111110101111101110010000001000101000101111000011101111010101001000101010001011001101 
01110011110110111100111101100111111111001001111111000001100101111011001100001011110000010001101100111111001101101100100111001110111010000000010001100010100101000101101110010111111010110010000101111000010010011000000101110010000100100101011110011010001011100101000100111110111101011110001110001001001001101111111100010001000001011000001110101001001001011101010110111111100001110110111001101011000111110110101011100010010100001001100100111101010100111111110101100010110101001011111111000011001100101001011001101111 
00110111000100100110000000111100100011110010011111011100100010110110010000101010100001111111000000000101001101011001010101100011011001101011110110011100011100110010000111100100100001011101101011111001100111011101111110001011111100001001110000111001000100101111000011101101100000100101111100100100110000101111011111000001101111000001010001110111111110111110110100110011011111011111111011010100101011010111110110100111111100010111010100010100111101011000001011011010111101000100011100111010111011110011000011000111 
00001111010111100000101111110000110010111010101100000100101100110100000100010000001000010000111110101100001001110111101101100001100101001000010110100101001111010010011111000110001110101100110011001010000001001001011101000010100001011001011010111100101100000110110010111011100100100110011101001011101001101000010101000000000111110101101001011101111101110110111011101100101100011000100001010110011111101011010101101111000001100111000111111011001011100110111001000000011000111110000001011101001101000010111111001011 
01110011010100111001000011111010011100101000110111111001001101110110010000111011011000001000110110001001001101100111101011110100110100011001111100000100100000011101000011010000010011111101100101001001000001010111110000011000010100000111111111110101010001100100000010100101010100110111100010001111001111011100011111111000100010101111010111110100011101110010100010100000001101001010011111110010111100010000101100001011010000001110000000111000110110011110100001011011010010011001010110100011100001000010111011010011 
00011001001001110100101001111110010101001100010011101100000001111011110011100110011110011110100011001111110001110110011011111001000010001110010110100001111000000100001001100001001101101111000100110111001000111100101111001011011100101010010001010111000110110110011111001110001010101110010011100101101110101110010000101110011110110001100111000111101101011111011110100100101100000000111100010100111110111001001111100100010110100100100100000000000100010101001000001001110000111100111011000011011101001110011001001001 
01101110011000011101100110101111001100001100111011001011111111001001110011000010000100100000111001000111010100010110001010011000001000001000100000011001000101111101011101001111011100100101110100110110011001000101111000010001010111100111101010011110110100011000011111111001100111011101101011001111101110001011011001100001111000001111011111000010100111011010010100010000110100110001101110000101011111010100000111000111001001101011010010010000100010100010000010111011000100000110010100110111001010010100110100010001 
11000100110110011001111101011010110011110011111110000000110001100011000111011110101100100001011100011110000110100101011101010000110000101001101110010000001010010011101111000111101011101101100111001101000110101010101110110001000011011111011101001100111100011100011100101001111110010001011011101111010110001011100001011111111100100000010100011111011100111010101011110101101101011111000110111110001010111101101010001001110111011000100100100111111011101011010101110011100000011110110101101101011111000000101010011011 
10001010111110001000110111011011100010110111101000010001010110110011010110000001101011010111110001000111011100001001010101100110001001110000100011100100000000100101011110011010100011000001011110010110000010000010111111001100001100101011111100100101001110100011010101110010110100111001001110100011111010000011101101111100101011010001000001100001001111011101001111011101000001100010101100011100001011100100111110111011111001001010100110001001010111011010011010100000011011001101011101010111000001111000111001010011 
01000110000111010100011001111011101101111010001110101011100011011100011100000010001111111111001001010111101100110100010010000101101001011111001010001010110101011111010100001001001011110001010101100011001011001111110001000011001101001001010110010011010001010110101111110010000000111001011000011011000110010011000011000010010101110010000100000010100100111100111110010000100001110100010111100010000010101010100101110101010001010000001011010010100000000011010111111101000011100110100000110011010100010110111100010001 
