01110101010101110011110010101110110011101010111111110110100100011111101110101100100000110111011001011111001011000010011101001100000100110011110011111001110000110111011111001000101101011001100100111011001010010101111111101100111111110100010101010001100000110010101101100110010101100100000011101111110110011110100111001101010110000111101101111010001101100000011010011010010011010100001111100111110101010100010111011000000111111100101111101101000101010000111011000101001001111101110010000110000000110100110111001011 
00000010110000000000110010111100010110011110001100100010001100100000100110010101100110100110101111110000010111110000011100010111011101001010000011011000001100100000010010010011010101011010100101011001011000011011001101001010110110110011010100101001001110011001000111100000100011110100010001100101100101010110010110010011111001110100111100011010000100100110000010110110101100100011111100111100100000000100011110010001101011101110001000010110000100001000100001011101010111110010100110000001100011000000011111001101 
00000010110000000000110010111100010110011110001100100010001100100000100110010101100110100110101111110000010111110000011100010111011101001010000011011000001100100000010010010011010101011010100101011001011000011011001101001010110110110011010100101001001110011001000111100000100011110100010001100101100101010110010110010011111001110100111100011010000100100110000010110110101100100011111100111100100000000100011110010001101011101110001000010110000100001000100001011101010111110010100110000001100011000000011111001101 
01110101010101110011110010101110110011101010111111110110100100011111101110101100100000110111011001011111001011000010011101001100000100110011110011111001110000110111011111001000101101011001100100111011001010010101111111101100111111110100010101010001100000110010101101100110010101100100000011101111110110011110100111001101010110000111101101111010001101100000011010011010010011010100001111100111110101010100010111011000000111111100101111101101000101010000111011000101001001111101110010000110000000110100110111001011 
01010001110001100000001010010010000110100010111111110001110101100010110001001000101011101100010100110100111111110000010100100100010101011010011011100110111000101011011101001000010101011001101001000001001110101111100000010001000001000001111010100110111001000011101100011000100100100001011011001101000010101010100100011101010111010000001000110011001000010001001000110001011010011101101000011111001101110010001101110000001000111101100010000010000111011000001101010001011001111110001110101110100001010110101010111101 
01010001110001100000001010010010000110100010111111110001110101100010110001001000101011101100010100110100111111110000010100100100010101011010011011100110111000101011011101001000010101011001101001000001001110101111100000010001000001000001111010100110111001000011101100011000100100100001011011001101000010101010100100011101010111010000001000110011001000010001001000110001011010011101101000011111001101110010001101110000001000111101100010000010000111011000001101010001011001111110001110101110100001010110101010111101 
01100101111101010101111100100101000000011001000100000111010000001110000100001011000101100000110100110100011000001001001001000011010010110011011011011110000101011101110000011001101000101001110011011000011101110010101101101111010110000011100000001100101101001000110100111000110100110001011000111010000111001111011001011010100001000011010011001101001000111001001110101011111011011010001001000111101011101111110111010011001111001000000000010001010001000100100001100001111010001001010001000010111010110111100101011111 
01100101111101010101111100100101000000011001000100000111010000001110000100001011000101100000110100110100011000001001001001000011010010110011011011011110000101011101110000011001101000101001110011011000011101110010101101101111010110000011100000001100101101001000110100111000110100110001011000111010000111001111011001011010100001000011010011001101001000111001001110101011111011011010001001000111101011101111110111010011001111001000000000010001010001000100100001100001111010001001010001000010111010110111100101011111 
11101010000011000010011010110101111110001001010001001011110111010001100100000110011110110101000011110011000001011101000011110010011001011100010011010111111011111100111000111010100001001010101101101011100000111100111101011101010011111000100111101101010100011100010010001101101011110001100100001111100000000100101001110100011000000000010000010110111101000000000001100000100100011111000110001011001000001100000110100000000001011111100010101011000001011001110011101100001001001100001000110010100010001010011000000101 
11101010000011000010011010110101111110001001010001001011110111010001100100000110011110110101000011110011000001011101000011110010011001011100010011010111111011111100111000111010100001001010101101101011100000111100111101011101010011111000100111101101010100011100010010001101101011110001100100001111100000000100101001110100011000000000010000010110111101000000000001100000100100011111000110001011001000001100000110100000000001011111100010101011000001011001110011101100001001001100001000110010100010001010011000000101 
00110010111110101001101110001010010010110001011110101011001010011000100011010011011110010110111101011000110010010101111011010001101110100001100010101000110111000001011001100101100110101111110101001000000011111110010011001010010010000000000100110011011100100011000010111111000000000101101110010110001111001000100101111000101011001010100111101000101000000100110010100001011000110100011001100010000001101110100001110011001110111101101111010000110101101010001110101101101100010010100111101011100110110011100011101101 
00001100010010110100011011011101001100100010110110110000010010010000000011010110111000011000001111100010000001001110010111110100100011111110000101000111000110001001100101100011100000100000111001111111101000011110111011011111111101000010011100001010100010101101010111001010110000111110000111011010000110000011100000010011110010100010111010111110010001100100100100000001011000111000011000111001110000111101010010111001111011111110101101111000100011000110110001000110001101101110111000110110000110111000001101100101 
10101001101011011000010100010001101110110101000000111110100011000100110001111100100011000111010111011100110111101111010111101111001101000011000000111111111110110010001111001111011010110001001011111101000110010000111000001010001100110101000010100111000001001101100100001101000100010101000001111111111000011001111000100111101011111100010000000001101101011111001010001000111111001001001000001000101111010100110000000100001010111011011111100100001110000111111000011011101010111111101001101101110010011011000001100111 
10000010111011011000000011100100101010010011101100011111001100101110011110101000010010101001001101111100100000010010001010100011100011110000011111111101000001000001100010110111100001111110111001101111100111110001000110011000100110001110111101111111111110011100110011110110010100010101010100100101111001100111001101111011010111000001010010010001111000010001010100001111100111100010111100001011100000011110010001010100001011110110010110001000000110100011111110001011100010111001100100111100111111000110010110011011 
10110010010100011010010010000010010011010010110011011010011101010110111011101111001001100011110110000000101001110000000001011000001010100010011001110011000111110011110101001100100110000001001111011010011101111110011000111100100010101111011010101100100100111010011111101100000001011100010011111110111000010100001000010101010101010111110101001000110010011010011101001100101110010101010000011000000100010100000001011101101100000101110101101111101110100110010101100011000010110010110011001001011100001010111000101111 
00010001001111101101100010101110100111011010001100011000011001100001000111110111001101110011101000111110001010010000001011001111010010110100001011111011000011010000010010001100000111110110011110111101011111000111011001010010101011011011111001001111011000000110010011100111010000010000100000010101111000101101011111110000100010011100111011101001011101011101010110100000110011101010101111011010011010011001110010100001000000110110111110010100110010010111110001010100101101010011100101010100100110111110000001011001 
00101101100100110000000100000110111011000100111111001010110110100000110101001010100110000010111001010111101111011100010111011100111110001011110100010100100001010110110011110100010100010001000111000100110110110000101101000100001010100110001000110110001110000011001001110110101001010111001010101000110000111100110010000100010111010001001101010101011000011111111000001010010111100000100011101100001111011100100000011110011100111111110010011111001001000000011010100000100001011001010101100101010101110110001101111101 
01001011101111010001011011000011011001100101101110011001110101110111110000001100001001000111101110110000001110101101111010001001110111101111001001111100100101001011110101110101101011011110000101010111101001010100101011011010100010111100110101101010110010001010101010100110011111010111110000101111001011011111010111101000011101001101001100000011011010001001101010001010011100100100110101001010011001011111001001101011011011011001000010010110011100110111110110001001011011001101010010110100010000100100111111011011 
10010100110001010010000010001101000011111110101011011101100000000000011100101010011011101100100111011010001101111100011110101010000101011101010100100110011000110001111101011111001110111001110011001110101110100110001100001011110100110001101001100011100111011101010111100000010111011110101011110011001000010000000100110100000101011101001011010110101011110000111100000011110110100000010010110010111100110010001101011100110000100111001010110011110100001110011000011010001111000111110010110110011010010100010010010111 
00001010100100001011010110011100110001001001110001010010110001011101011010110110111010000011011000100100000110001010110000110111100101101111011001110001000001100111101010010100000001001111100101110100011111000110100101010010101110111101001010011100111000101110100101001101011001111110011101010010101111110111101011111001110101101011010110010101100101101110101001001110110100101110111010011000011000010010110100111110011101101101100101110010111111011011001100001101010110110110101001011101110001010101010100011101 
00001010100100001011010110011100110001001001110001010010110001011101011010110110111010000011011000100100000110001010110000110111100101101111011001110001000001100111101010010100000001001111100101110100011111000110100101010010101110111101001010011100111000101110100101001101011001111110011101010010101111110111101011111001110101101011010110010101100101101110101001001110110100101110111010011000011000010010110100111110011101101101100101110010111111011011001100001101010110110110101001011101110001010101010100011101 
00101101100100110000000100000110111011000100111111001010110110100000110101001010100110000010111001010111101111011100010111011100111110001011110100010100100001010110110011110100010100010001000111000100110110110000101101000100001010100110001000110110001110000011001001110110101001010111001010101000110000111100110010000100010111010001001101010101011000011111111000001010010111100000100011101100001111011100100000011110011100111111110010011111001001000000011010100000100001011001010101100101010101110110001101111101 
00010001001111101101100010101110100111011010001100011000011001100001000111110111001101110011101000111110001010010000001011001111010010110100001011111011000011010000010010001100000111110110011110111101011111000111011001010010101011011011111001001111011000000110010011100111010000010000100000010101111000101101011111110000100010011100111011101001011101011101010110100000110011101010101111011010011010011001110010100001000000110110111110010100110010010111110001010100101101010011100101010100100110111110000001011001 
10110010010100011010010010000010010011010010110011011010011101010110111011101111001001100011110110000000101001110000000001011000001010100010011001110011000111110011110101001100100110000001001111011010011101111110011000111100100010101111011010101100100100111010011111101100000001011100010011111110111000010100001000010101010101010111110101001000110010011010011101001100101110010101010000011000000100010100000001011101101100000101110101101111101110100110010101100011000010110010110011001001011100001010111000101111 
10000010111011011000000011100100101010010011101100011111001100101110011110101000010010101001001101111100100000010010001010100011100011110000011111111101000001000001100010110111100001111110111001101111100111110001000110011000100110001110111101111111111110011100110011110110010100010101010100100101111001100111001101111011010111000001010010010001111000010001010100001111100111100010111100001011100000011110010001010100001011110110010110001000000110100011111110001011100010111001100100111100111111000110010110011011 
10010100110001010010000010001101000011111110101011011101100000000000011100101010011011101100100111011010001101111100011110101010000101011101010100100110011000110001111101011111001110111001110011001110101110100110001100001011110100110001101001100011100111011101010111100000010111011110101011110011001000010000000100110100000101011101001011010110101011110000111100000011110110100000010010110010111100110010001101011100110000100111001010110011110100001110011000011010001111000111110010110110011010010100010010010111 
10101001101011011000010100010001101110110101000000111110100011000100110001111100100011000111010111011100110111101111010111101111001101000011000000111111111110110010001111001111011010110001001011111101000110010000111000001010001100110101000010100111000001001101100100001101000100010101000001111111111000011001111000100111101011111100010000000001101101011111001010001000111111001001001000001000101111010100110000000100001010111011011111100100001110000111111000011011101010111111101001101101110010011011000001100111 
00001100010010110100011011011101001100100010110110110000010010010000000011010110111000011000001111100010000001001110010111110100100011111110000101000111000110001001100101100011100000100000111001111111101000011110111011011111111101000010011100001010100010101101010111001010110000111110000111011010000110000011100000010011110010100010111010111110010001100100100100000001011000111000011000111001110000111101010010111001111011111110101101111000100011000110110001000110001101101110111000110110000110111000001101100101 
01001011101111010001011011000011011001100101101110011001110101110111110000001100001001000111101110110000001110101101111010001001110111101111001001111100100101001011110101110101101011011110000101010111101001010100101011011010100010111100110101101010110010001010101010100110011111010111110000101111001011011111010111101000011101001101001100000011011010001001101010001010011100100100110101001010011001011111001001101011011011011001000010010110011100110111110110001001011011001101010010110100010000100100111111011011 
00110010111110101001101110001010010010110001011110101011001010011000100011010011011110010110111101011000110010010101111011010001101110100001100010101000110111000001011001100101100110101111110101001000000011111110010011001010010010000000000100110011011100100011000010111111000000000101101110010110001111001000100101111000101011001010100111101000101000000100110010100001011000110100011001100010000001101110100001110011001110111101101111010000110101101010001110101101101100010010100111101011100110110011100011101101 
00000110100010001101011110001111110100111001111111101011000000001101000011101110000101011000010000101101100110001001100011010110110100011110111011001001101111101010011011000010110100110111111010000101111110111010011100110001011111110111000000101111011011000001010001000100111101110101110111001110001101000101010110010001110001001000101111110100111001111010011100011111001011001111101010111000011100010101100111011111110100010011111011100110110111010110010110010001011111110111100000100111101000101100000100010101 
11010010000011111101011011011111101010001001001100110100100111000000101111100011011000010111111000100100001000100110100100000011101100001101101100111100001110111001000001101110011000100010111000010111010000111010000000111010101101111111100111101010101000000101110111111110111111100011101100100110101011000001001111100000010101001100010111110000011100001000101010010101011101110100100010110111110101010011000101011001001011011000001101011010010001101111000101001101101101000001111000000011001010011000100001001111 
11000111011100100100110111111010001011101011000111011100110101000000010001001000101000100100011011011011111000010011101111111011000110101101000100010111101001011000000101110111000111110100011101111001111100100010101011010100111001000001110100010010000011111011010101110001100001011011010011000110111110010110110111011110110000011101110011001011111011000110001100101100001101010101010011000111101111110100011101001000011010100001101111110110001101011100000000110010000011001000000111111000011100111010101110101101 
01101011011111100100101000101010000010111001100110010101011000100101000001001100010110011001111110001100011110101011000011011111111110001011011000100101111000111011001100000010010010101000000001101010110110011011010100111101001011101011011100000000000010011000100011000000000011001101101010100101111011111110110100010101011110011100100101000111011010000111101000100101110011110100010111000101111011100000011001111001001101010011100111001110100111000011010010100110011011001000110110010010111110100011101100100111 
10101000101110011000001010000110001101010101100001000000101101000110110010000001110011011101101000011101111110100110111101010000100100011000101010010010110111000111101110011011101010001110101111100110000011010111001010110011101011010010000000010101000001111000011000001010111010100011011000101111110101000110110001000011010001101101111001111000000001101000110100110110101111101001101111010001100111101110100100000111000100000011001101100111110111011110011110101011101000001000100101010100110000101110000111011011 
10101010101110001101101110111000000101110111110101110000000011010011001111101011001101100101011110010100000011100001110000011001110001100001101110010000100100111011111100011001010000111010100001111100010110011111110110101011110100001111101011100011100000101010100011111111010001101111110111000100111101101010100010111000001001010001101001110010000111011011101011101010101110001010111010001001100101001110111000010110011001101011111000001100000011100100110001101001010110011001011110100101100110110001111011011111 
01011100110111110101010011001100101111111001001000000010010101111100101100110101100011010101111111011001000000011011111101010011111110011000111110110011000001001110101001010000101011000001010110111000111101011111100110001010101100010000111101100000111101101100100110011110001101110000000101101111100010110000100111101001111101110110001101010101100111011001010000111011000010111011011011111000010011000001101110100000111111100111101011100101101011101001111011101011000010010001010010000100000111010100010101001111 
10010101000000101100110111001011100111011000010100111001001110101111010101011001111100010011011010100100001001011100110010010010010101010111000001011101100111110101100101101011011110100010110111110011110100010101010101000110110110110011011101000000111000010011000010101011011001011000100011001000010001100111111011110100110100000010101011101111010001101111011110110100001001100000011101000100111011110100001100000000111110000101101001110110110011111111101000010001011110110011011001000100110110000010111101010001 
11011010101101100000101110000101000110100010010011001000110010000110111010111101111110111000100100001111011010011010101001011011001100000111011010000101001101001110111011100001010001001110011001000110111000001000010111000000010001111000101000010100110000011001010110000010001010101100000000011100101011100100010000110110100001011000000001101100000000100010011001100111101110001111101110010010101100100000110001101011101000111011111011100001110011001111110100111001101010011011111001000011111011101100000100011101 
01000011111100110001101101111001001111101110000010100001000111110110011110001000001001100000001000001110011001100101100000010010101110100101011001111010011010001001011110100001011000100011000011001100101111100000000111111010100010001100101101011110100001000111010001000001101100001000100101010100100001000100011111110101011101010000111000110110110010000111111100011001101010101111010111110000000001111011011011001100001101101100000111010000000100100110100110001111001100111101110001101100111010100001101011101001 
01010011101001110011011011111011010110001011100100010100111000101111010000000111010011110010110111111000110000001111011111001101011010100110101111010100111100001001000101100001110011001110000000000011111100110111010000100010111101110001001100011011000000001011010000110110111011011010001010010111011011000101100111000110011110000101110111100110011001100100100111001011101011101111010010011110010100110100010100111110110111100101100001011010001111100010101110010010110111100001011001001001010101011010000100110011 
01000111011111011010010000001001010000001011100000110011110111110000100110100000110101010101001110100101000010101101011100100101000011000111101110000011101000000001100011011100110010001001001010011011011011100011111011100101100100011100000001011111110110100101010010011100011000111110111110011100101111001101111000001011010001001111011010100010011110000010011000011010010101001101010100101101001001110101110011100001010110100011010101011011001000011100110100010011100101111011011111110001110001110011001001110001 
01010101011000101111110001101000000111000110111010100110111100110111001100100010011011110111111011100100010000010000110001011000011001000011001010001000011010110110110110101011110100101111101000110111010010001010101101001110100010001000011010100010101011111110011000101010101001101000011001010101001101111100011111000000000110010111100000000010011111110001010100110001001101111110110111101100010101011011011010010110000100001110110101011011000011110010111101101011011101001001000100010100111011111001100000001001 
11100110011110011111001101001101001000100100010110011010101111110010011101111110110111011000001100101101011010100100011010111011001011110111010000011100100100100110111100001010100011010111000101111000001111010111110101101010010011111010111101000001110100010100011100010111010010111101101001110100111111000101011011000111110001111111111001010000100001000001100000000111111010001111011100100110101111011111011011100110011001001000110110100110100100111110001000101010111001110110100111111110100001111010011000000001 
00100011001111010001011111100100001010011001001000110000110011001011010010011010001010011111010001011100000101111101101100111001010101001110110000101111000111010111111010101110001011000100001111111110000011100011100010110010110111010101011000010001001110011110011111101110001111100001010100110111111000010011011010100011110111001101101000110111101110011010100110010101101000000110010100100101110110100010101101110011101100000100111010110100111000000111010100000011101111011101011011010111111100000101001110001001 
00011110000001000111001110111100011000011001010100111001011101111010011011010101101111101101001010111011011011111010110011101010010010110110010000011101000011100000101001101101101110111110110010010111000001110011101011101001010111100111000100110100111000011100000111011001011011111011010010110001000111000111111000101101100100000011100110110001110110101000000001001111000111011101010000010111101011001101101011101101010100100011011011110000110101110010110010000110011110010010010001011110011101100101001000000101 
11101101000001000100011110010010010100010010001001100010111101111110010111000111001011110000001100111101111000010111111000010110100010101001000010001001000001001101011001000001010000000100010000010011010111011000101100000111100000111101111101110010110011010011010011001011011010101010100111001111001100101001110100110100111001000101011101001100100101100010110010000010100011111101100101000110011111101100000110011100100010101101000010010111011011110101010111000111101001011011010001101011000000000011011000011101 
10101011010101110111011000010000001000110111110101100110011001111001110110001011000100100001000010101011001100101110100010001010010101101100001001010001001100001001101000000110011101110000001100111011110100111010000010110100000011001101110110111010100001010100100001111100000010001010011000111000000011101011010110010011110010011001011110100000111101010011010010000110001000100111111100010110110000000001011100010000101101110101110110110000110011001010001010001000011111110111011000101111000001011101011111100011 
10001011000011000001000011000100000000010100110101110110110110100011100100010010100111101100101101001000111111101010000101111010000001100000101000101111000100011111100011101010011110001011010000011011001011001101111110100110001101001101111101100110001010000001101000000110000011000111011101111100010011110101100101000101010000011000000001011011001100110011010000000110110001001101001110111011000010000000101100001101000011111001010111001001110000010100010100111101111001011101111001101110010101100110001011111101 
00011001100000100111110101010101101100010111100000111111100011100100111101001101101011100100100001011110001000100001101101011101101111100100101011010010111111110001010100111100010111110010110101100111110100101010100010010011111011011010101101011101101100110010001111110010101000010010000101011111111111100010110001100111010111111111000111010110000100111011110011101110111011000100101011100000000101011010100100011110110111110101011000001111111010000000010110110001000111001000010110110010101111101011110001110101 
00011111100110010011011100000110110101101101111001001110001111010011010110100111111111111001110111011011111110110111001110000001001010111100110111101010000110101011110010110011110010110011001110111100011100010100010000101101100010101011000011000001110111011011100111110100000101100010011110100111001010101111001101000111111001000101110000100001011001000110000110010111100111010100111100110100111011111110011011010100001001101011101000010110101010001101010000111010101011100111010100011010010011000001010101111011 
10100100000110110101100100011100111010011000010100100011011111100000011011101111101000110110111110001100000011010101101100110001101000100001000111101001100011001111101100011110111110101111111100010100001100001010010111100100110110000001101011000110111100011111101110100100001101100010111000110000010000110110011111101000110100001000100111110110100011111011111011010011011100101101011000000101000010100110111011111011111111101100010010100011111100010111010001010011110110111111100101101110000010100000000110011011 
01001101101011110000000001111010010001010110011101100100100000001100111101001111111110000111100001011000011110110000100010100010100110011000110010011101101011110100000111001101101110110111111001100110110010001101111110100010101111110100000100000010111111111110001111000111010111010011101100110110010101011100010110001000101101011010110001101011110110011011000100101110000101000011100011011110000000011101001101110110111011100001111110010011011111100111010111111100001001011100101110111000001111100100011000001011 
11101101000001000100011110010010010100010010001001100010111101111110010111000111001011110000001100111101111000010111111000010110100010101001000010001001000001001101011001000001010000000100010000010011010111011000101100000111100000111101111101110010110011010011010011001011011010101010100111001111001100101001110100110100111001000101011101001100100101100010110010000010100011111101100101000110011111101100000110011100100010101101000010010111011011110101010111000111101001011011010001101011000000000011011000011101 
00011111100110010011011100000110110101101101111001001110001111010011010110100111111111111001110111011011111110110111001110000001001010111100110111101010000110101011110010110011110010110011001110111100011100010100010000101101100010101011000011000001110111011011100111110100000101100010011110100111001010101111001101000111111001000101110000100001011001000110000110010111100111010100111100110100111011111110011011010100001001101011101000010110101010001101010000111010101011100111010100011010010011000001010101111011 
01010101011000101111110001101000000111000110111010100110111100110111001100100010011011110111111011100100010000010000110001011000011001000011001010001000011010110110110110101011110100101111101000110111010010001010101101001110100010001000011010100010101011111110011000101010101001101000011001010101001101111100011111000000000110010111100000000010011111110001010100110001001101111110110111101100010101011011011010010110000100001110110101011011000011110010111101101011011101001001000100010100111011111001100000001001 
11011010101101100000101110000101000110100010010011001000110010000110111010111101111110111000100100001111011010011010101001011011001100000111011010000101001101001110111011100001010001001110011001000110111000001000010111000000010001111000101000010100110000011001010110000010001010101100000000011100101011100100010000110110100001011000000001101100000000100010011001100111101110001111101110010010101100100000110001101011101000111011111011100001110011001111110100111001101010011011111001000011111011101100000100011101 
10101000101110011000001010000110001101010101100001000000101101000110110010000001110011011101101000011101111110100110111101010000100100011000101010010010110111000111101110011011101010001110101111100110000011010111001010110011101011010010000000010101000001111000011000001010111010100011011000101111110101000110110001000011010001101101111001111000000001101000110100110110101111101001101111010001100111101110100100000111000100000011001101100111110111011110011110101011101000001000100101010100110000101110000111011011 
01000111011111011010010000001001010000001011100000110011110111110000100110100000110101010101001110100101000010101101011100100101000011000111101110000011101000000001100011011100110010001001001010011011011011100011111011100101100100011100000001011111110110100101010010011100011000111110111110011100101111001101111000001011010001001111011010100010011110000010011000011010010101001101010100101101001001110101110011100001010110100011010101011011001000011100110100010011100101111011011111110001110001110011001001110001 
11100110011110011111001101001101001000100100010110011010101111110010011101111110110111011000001100101101011010100100011010111011001011110111010000011100100100100110111100001010100011010111000101111000001111010111110101101010010011111010111101000001110100010100011100010111010010111101101001110100111111000101011011000111110001111111111001010000100001000001100000000111111010001111011100100110101111011111011011100110011001001000110110100110100100111110001000101010111001110110100111111110100001111010011000000001 
01010011101001110011011011111011010110001011100100010100111000101111010000000111010011110010110111111000110000001111011111001101011010100110101111010100111100001001000101100001110011001110000000000011111100110111010000100010111101110001001100011011000000001011010000110110111011011010001010010111011011000101100111000110011110000101110111100110011001100100100111001011101011101111010010011110010100110100010100111110110111100101100001011010001111100010101110010010110111100001011001001001010101011010000100110011 
01101011011111100100101000101010000010111001100110010101011000100101000001001100010110011001111110001100011110101011000011011111111110001011011000100101111000111011001100000010010010101000000001101010110110011011010100111101001011101011011100000000000010011000100011000000000011001101101010100101111011111110110100010101011110011100100101000111011010000111101000100101110011110100010111000101111011100000011001111001001101010011100111001110100111000011010010100110011011001000110110010010111110100011101100100111 
10000001011111111110111101000011000110101101011100001111000010101010001010000101110101100000100011110101011111001001011001011110010111101101001100101110111110001010011010010011001101111111001111011101011101110111111010010101001111011101111000110000001000000010110011100110100111110110001001010101001011101101101101101010010000010110010111110000011110010001111101100100101001010011101000101100001000010010110001011110111001100110001011011010010011000000111010001100100111000001111110110110010011100001111011010111 
00000110100010001101011110001111110100111001111111101011000000001101000011101110000101011000010000101101100110001001100011010110110100011110111011001001101111101010011011000010110100110111111010000101111110111010011100110001011111110111000000101111011011000001010001000100111101110101110111001110001101000101010110010001110001001000101111110100111001111010011100011111001011001111101010111000011100010101100111011111110100010011111011100110110111010110010110010001011111110111100000100111101000101100000100010101 
00011110000001000111001110111100011000011001010100111001011101111010011011010101101111101101001010111011011011111010110011101010010010110110010000011101000011100000101001101101101110111110110010010111000001110011101011101001010111100111000100110100111000011100000111011001011011111011010010110001000111000111111000101101100100000011100110110001110110101000000001001111000111011101010000010111101011001101101011101101010100100011011011110000110101110010110010000110011110010010010001011110011101100101001000000101 
00100011001111010001011111100100001010011001001000110000110011001011010010011010001010011111010001011100000101111101101100111001010101001110110000101111000111010111111010101110001011000100001111111110000011100011100010110010110111010101011000010001001110011110011111101110001111100001010100110111111000010011011010100011110111001101101000110111101110011010100110010101101000000110010100100101110110100010101101110011101100000100111010110100111000000111010100000011101111011101011011010111111100000101001110001001 
10101010101110001101101110111000000101110111110101110000000011010011001111101011001101100101011110010100000011100001110000011001110001100001101110010000100100111011111100011001010000111010100001111100010110011111110110101011110100001111101011100011100000101010100011111111010001101111110111000100111101101010100010111000001001010001101001110010000111011011101011101010101110001010111010001001100101001110111000010110011001101011111000001100000011100100110001101001010110011001011110100101100110110001111011011111 
10010101000000101100110111001011100111011000010100111001001110101111010101011001111100010011011010100100001001011100110010010010010101010111000001011101100111110101100101101011011110100010110111110011110100010101010101000110110110110011011101000000111000010011000010101011011001011000100011001000010001100111111011110100110100000010101011101111010001101111011110110100001001100000011101000100111011110100001100000000111110000101101001110110110011111111101000010001011110110011011001000100110110000010111101010001 
01001101101011110000000001111010010001010110011101100100100000001100111101001111111110000111100001011000011110110000100010100010100110011000110010011101101011110100000111001101101110110111111001100110110010001101111110100010101111110100000100000010111111111110001111000111010111010011101100110110010101011100010110001000101101011010110001101011110110011011000100101110000101000011100011011110000000011101001101110110111011100001111110010011011111100111010111111100001001011100101110111000001111100100011000001011 
00110100011101110001101110100110001110010000111110000000100101100010110010101001110110011111111101110010010101001110110001000010010011000001010100110110010000111010001011111100000110100101000001100001010101100000110110010011001110000101001011011001010111111010100010010011001110101011101000000010010101111010111100010101101100000011010001001101000001001110101110100110100010011010010001010000001110001100101100110101111010001001100111001010101110001010011001010010111110110111110000010010011101011000000001110101 
11000111011100100100110111111010001011101011000111011100110101000000010001001000101000100100011011011011111000010011101111111011000110101101000100010111101001011000000101110111000111110100011101111001111100100010101011010100111001000001110100010010000011111011010101110001100001011011010011000110111110010110110111011110110000011101110011001011111011000110001100101100001101010101010011000111101111110100011101001000011010100001101111110110001101011100000000110010000011001000000111111000011100111010101110101101 
11010010000011111101011011011111101010001001001100110100100111000000101111100011011000010111111000100100001000100110100100000011101100001101101100111100001110111001000001101110011000100010111000010111010000111010000000111010101101111111100111101010101000000101110111111110111111100011101100100110101011000001001111100000010101001100010111110000011100001000101010010101011101110100100010110111110101010011000101011001001011011000001101011010010001101111000101001101101101000001111000000011001010011000100001001111 
10100100000110110101100100011100111010011000010100100011011111100000011011101111101000110110111110001100000011010101101100110001101000100001000111101001100011001111101100011110111110101111111100010100001100001010010111100100110110000001101011000110111100011111101110100100001101100010111000110000010000110110011111101000110100001000100111110110100011111011111011010011011100101101011000000101000010100110111011111011111111101100010010100011111100010111010001010011110110111111100101101110000010100000000110011011 
01000011111100110001101101111001001111101110000010100001000111110110011110001000001001100000001000001110011001100101100000010010101110100101011001111010011010001001011110100001011000100011000011001100101111100000000111111010100010001100101101011110100001000111010001000001101100001000100101010100100001000100011111110101011101010000111000110110110010000111111100011001101010101111010111110000000001111011011011001100001101101100000111010000000100100110100110001111001100111101110001101100111010100001101011101001 
00011001100000100111110101010101101100010111100000111111100011100100111101001101101011100100100001011110001000100001101101011101101111100100101011010010111111110001010100111100010111110010110101100111110100101010100010010011111011011010101101011101101100110010001111110010101000010010000101011111111111100010110001100111010111111111000111010110000100111011110011101110111011000100101011100000000101011010100100011110110111110101011000001111111010000000010110110001000111001000010110110010101111101011110001110101 
10101011010101110111011000010000001000110111110101100110011001111001110110001011000100100001000010101011001100101110100010001010010101101100001001010001001100001001101000000110011101110000001100111011110100111010000010110100000011001101110110111010100001010100100001111100000010001010011000111000000011101011010110010011110010011001011110100000111101010011010010000110001000100111111100010110110000000001011100010000101101110101110110110000110011001010001010001000011111110111011000101111000001011101011111100011 
01110101010101110011110010101110110011101010111111110110100100011111101110101100100000110111011001011111001011000010011101001100000100110011110011111001110000110111011111001000101101011001100100111011001010010101111111101100111111110100010101010001100000110010101101100110010101100100000011101111110110011110100111001101010110000111101101111010001101100000011010011010010011010100001111100111110101010100010111011000000111111100101111101101000101010000111011000101001001111101110010000110000000110100110111001011 
00000010110000000000110010111100010110011110001100100010001100100000100110010101100110100110101111110000010111110000011100010111011101001010000011011000001100100000010010010011010101011010100101011001011000011011001101001010110110110011010100101001001110011001000111100000100011110100010001100101100101010110010110010011111001110100111100011010000100100110000010110110101100100011111100111100100000000100011110010001101011101110001000010110000100001000100001011101010111110010100110000001100011000000011111001101 
01010001110001100000001010010010000110100010111111110001110101100010110001001000101011101100010100110100111111110000010100100100010101011010011011100110111000101011011101001000010101011001101001000001001110101111100000010001000001000001111010100110111001000011101100011000100100100001011011001101000010101010100100011101010111010000001000110011001000010001001000110001011010011101101000011111001101110010001101110000001000111101100010000010000111011000001101010001011001111110001110101110100001010110101010111101 
01100101111101010101111100100101000000011001000100000111010000001110000100001011000101100000110100110100011000001001001001000011010010110011011011011110000101011101110000011001101000101001110011011000011101110010101101101111010110000011100000001100101101001000110100111000110100110001011000111010000111001111011001011010100001000011010011001101001000111001001110101011111011011010001001000111101011101111110111010011001111001000000000010001010001000100100001100001111010001001010001000010111010110111100101011111 
11101010000011000010011010110101111110001001010001001011110111010001100100000110011110110101000011110011000001011101000011110010011001011100010011010111111011111100111000111010100001001010101101101011100000111100111101011101010011111000100111101101010100011100010010001101101011110001100100001111100000000100101001110100011000000000010000010110111101000000000001100000100100011111000110001011001000001100000110100000000001011111100010101011000001011001110011101100001001001100001000110010100010001010011000000101 
00110010111110101001101110001010010010110001011110101011001010011000100011010011011110010110111101011000110010010101111011010001101110100001100010101000110111000001011001100101100110101111110101001000000011111110010011001010010010000000000100110011011100100011000010111111000000000101101110010110001111001000100101111000101011001010100111101000101000000100110010100001011000110100011001100010000001101110100001110011001110111101101111010000110101101010001110101101101100010010100111101011100110110011100011101101 
10101001101011011000010100010001101110110101000000111110100011000100110001111100100011000111010111011100110111101111010111101111001101000011000000111111111110110010001111001111011010110001001011111101000110010000111000001010001100110101000010100111000001001101100100001101000100010101000001111111111000011001111000100111101011111100010000000001101101011111001010001000111111001001001000001000101111010100110000000100001010111011011111100100001110000111111000011011101010111111101001101101110010011011000001100111 
00001010100100001011010110011100110001001001110001010010110001011101011010110110111010000011011000100100000110001010110000110111100101101111011001110001000001100111101010010100000001001111100101110100011111000110100101010010101110111101001010011100111000101110100101001101011001111110011101010010101111110111101011111001110101101011010110010101100101101110101001001110110100101110111010011000011000010010110100111110011101101101100101110010111111011011001100001101010110110110101001011101110001010101010100011101 
10001011110000011011111000110010011011000100011111110010111111001110101010100110101011001101011010110011001110000011101011100101101100011010010001011110001101100011100111001000010010001011110011110101100111000101101110110011010110010100011001011101011001101111010010000011110000010110110001001011110110001010010100101011110001000101000011010011101100010101111111011101101100010010110011000011111110110001100101011000000011111000111010110001110101000011001001000110110000100111101010100010011001000100101100111011 
00010001001111101101100010101110100111011010001100011000011001100001000111110111001101110011101000111110001010010000001011001111010010110100001011111011000011010000010010001100000111110110011110111101011111000111011001010010101011011011111001001111011000000110010011100111010000010000100000010101111000101101011111110000100010011100111011101001011101011101010110100000110011101010101111011010011010011001110010100001000000110110111110010100110010010111110001010100101101010011100101010100100110111110000001011001 
01001110001010001100001110100000111100111101100011110010001100000001100100111010000011101111001111111100111001000001110011110011111110101001011110101000100110101101101011011001111101110001110110001010101001110000001100010001111100101011011100001000010110001101010011100010001101000110010011110010010111100000011100010111010000110101111000010111010100100000110101111000010111011001101001110000110000110110001011000000001001011010100001000110100000100111011001010000000101110101101011101010000010011010101010101001 
10010100110001010010000010001101000011111110101011011101100000000000011100101010011011101100100111011010001101111100011110101010000101011101010100100110011000110001111101011111001110111001110011001110101110100110001100001011110100110001101001100011100111011101010111100000010111011110101011110011001000010000000100110100000101011101001011010110101011110000111100000011110110100000010010110010111100110010001101011100110000100111001010110011110100001110011000011010001111000111110010110110011010010100010010010111 
00001100010010110100011011011101001100100010110110110000010010010000000011010110111000011000001111100010000001001110010111110100100011111110000101000111000110001001100101100011100000100000111001111111101000011110111011011111111101000010011100001010100010101101010111001010110000111110000111011010000110000011100000010011110010100010111010111110010001100100100100000001011000111000011000111001110000111101010010111001111011111110101101111000100011000110110001000110001101101110111000110110000110111000001101100101 
10110010010100011010010010000010010011010010110011011010011101010110111011101111001001100011110110000000101001110000000001011000001010100010011001110011000111110011110101001100100110000001001111011010011101111110011000111100100010101111011010101100100100111010011111101100000001011100010011111110111000010100001000010101010101010111110101001000110010011010011101001100101110010101010000011000000100010100000001011101101100000101110101101111101110100110010101100011000010110010110011001001011100001010111000101111 
01001011101111010001011011000011011001100101101110011001110101110111110000001100001001000111101110110000001110101101111010001001110111101111001001111100100101001011110101110101101011011110000101010111101001010100101011011010100010111100110101101010110010001010101010100110011111010111110000101111001011011111010111101000011101001101001100000011011010001001101010001010011100100100110101001010011001011111001001101011011011011001000010010110011100110111110110001001011011001101010010110100010000100100111111011011 
01011100110111110101010011001100101111111001001000000010010101111100101100110101100011010101111111011001000000011011111101010011111110011000111110110011000001001110101001010000101011000001010110111000111101011111100110001010101100010000111101100000111101101100100110011110001101110000000101101111100010110000100111101001111101110110001101010101100111011001010000111011000010111011011011111000010011000001101110100000111111100111101011100101101011101001111011101011000010010001010010000100000111010100010101001111 
10101011010101110111011000010000001000110111110101100110011001111001110110001011000100100001000010101011001100101110100010001010010101101100001001010001001100001001101000000110011101110000001100111011110100111010000010110100000011001101110110111010100001010100100001111100000010001010011000111000000011101011010110010011110010011001011110100000111101010011010010000110001000100111111100010110110000000001011100010000101101110101110110110000110011001010001010001000011111110111011000101111000001011101011111100011 
11011010101101100000101110000101000110100010010011001000110010000110111010111101111110111000100100001111011010011010101001011011001100000111011010000101001101001110111011100001010001001110011001000110111000001000010111000000010001111000101000010100110000011001010110000010001010101100000000011100101011100100010000110110100001011000000001101100000000100010011001100111101110001111101110010010101100100000110001101011101000111011111011100001110011001111110100111001101010011011111001000011111011101100000100011101 
00011110000001000111001110111100011000011001010100111001011101111010011011010101101111101101001010111011011011111010110011101010010010110110010000011101000011100000101001101101101110111110110010010111000001110011101011101001010111100111000100110100111000011100000111011001011011111011010010110001000111000111111000101101100100000011100110110001110110101000000001001111000111011101010000010111101011001101101011101101010100100011011011110000110101110010110010000110011110010010010001011110011101100101001000000101 
00000110100010001101011110001111110100111001111111101011000000001101000011101110000101011000010000101101100110001001100011010110110100011110111011001001101111101010011011000010110100110111111010000101111110111010011100110001011111110111000000101111011011000001010001000100111101110101110111001110001101000101010110010001110001001000101111110100111001111010011100011111001011001111101010111000011100010101100111011111110100010011111011100110110111010110010110010001011111110111100000100111101000101100000100010101 
10101010101110001101101110111000000101110111110101110000000011010011001111101011001101100101011110010100000011100001110000011001110001100001101110010000100100111011111100011001010000111010100001111100010110011111110110101011110100001111101011100011100000101010100011111111010001101111110111000100111101101010100010111000001001010001101001110010000111011011101011101010101110001010111010001001100101001110111000010110011001101011111000001100000011100100110001101001010110011001011110100101100110110001111011011111 
01000111011111011010010000001001010000001011100000110011110111110000100110100000110101010101001110100101000010101101011100100101000011000111101110000011101000000001100011011100110010001001001010011011011011100011111011100101100100011100000001011111110110100101010010011100011000111110111110011100101111001101111000001011010001001111011010100010011110000010011000011010010101001101010100101101001001110101110011100001010110100011010101011011001000011100110100010011100101111011011111110001110001110011001001110001 
11101101000001000100011110010010010100010010001001100010111101111110010111000111001011110000001100111101111000010111111000010110100010101001000010001001000001001101011001000001010000000100010000010011010111011000101100000111100000111101111101110010110011010011010011001011011010101010100111001111001100101001110100110100111001000101011101001100100101100010110010000010100011111101100101000110011111101100000110011100100010101101000010010111011011110101010111000111101001011011010001101011000000000011011000011101 
01101011011111100100101000101010000010111001100110010101011000100101000001001100010110011001111110001100011110101011000011011111111110001011011000100101111000111011001100000010010010101000000001101010110110011011010100111101001011101011011100000000000010011000100011000000000011001101101010100101111011111110110100010101011110011100100101000111011010000111101000100101110011110100010111000101111011100000011001111001001101010011100111001110100111000011010010100110011011001000110110010010111110100011101100100111 
10101000101110011000001010000110001101010101100001000000101101000110110010000001110011011101101000011101111110100110111101010000100100011000101010010010110111000111101110011011101010001110101111100110000011010111001010110011101011010010000000010101000001111000011000001010111010100011011000101111110101000110110001000011010001101101111001111000000001101000110100110110101111101001101111010001100111101110100100000111000100000011001101100111110111011110011110101011101000001000100101010100110000101110000111011011 
10100100000110110101100100011100111010011000010100100011011111100000011011101111101000110110111110001100000011010101101100110001101000100001000111101001100011001111101100011110111110101111111100010100001100001010010111100100110110000001101011000110111100011111101110100100001101100010111000110000010000110110011111101000110100001000100111110110100011111011111011010011011100101101011000000101000010100110111011111011111111101100010010100011111100010111010001010011110110111111100101101110000010100000000110011011 
01010101011000101111110001101000000111000110111010100110111100110111001100100010011011110111111011100100010000010000110001011000011001000011001010001000011010110110110110101011110100101111101000110111010010001010101101001110100010001000011010100010101011111110011000101010101001101000011001010101001101111100011111000000000110010111100000000010011111110001010100110001001101111110110111101100010101011011011010010110000100001110110101011011000011110010111101101011011101001001000100010100111011111001100000001001 
00100011001111010001011111100100001010011001001000110000110011001011010010011010001010011111010001011100000101111101101100111001010101001110110000101111000111010111111010101110001011000100001111111110000011100011100010110010110111010101011000010001001110011110011111101110001111100001010100110111111000010011011010100011110111001101101000110111101110011010100110010101101000000110010100100101110110100010101101110011101100000100111010110100111000000111010100000011101111011101011011010111111100000101001110001001 
00110100011101110001101110100110001110010000111110000000100101100010110010101001110110011111111101110010010101001110110001000010010011000001010100110110010000111010001011111100000110100101000001100001010101100000110110010011001110000101001011011001010111111010100010010011001110101011101000000010010101111010111100010101101100000011010001001101000001001110101110100110100010011010010001010000001110001100101100110101111010001001100111001010101110001010011001010010111110110111110000010010011101011000000001110101 
01001101101011110000000001111010010001010110011101100100100000001100111101001111111110000111100001011000011110110000100010100010100110011000110010011101101011110100000111001101101110110111111001100110110010001101111110100010101111110100000100000010111111111110001111000111010111010011101100110110010101011100010110001000101101011010110001101011110110011011000100101110000101000011100011011110000000011101001101110110111011100001111110010011011111100111010111111100001001011100101110111000001111100100011000001011 
01000011111100110001101101111001001111101110000010100001000111110110011110001000001001100000001000001110011001100101100000010010101110100101011001111010011010001001011110100001011000100011000011001100101111100000000111111010100010001100101101011110100001000111010001000001101100001000100101010100100001000100011111110101011101010000111000110110110010000111111100011001101010101111010111110000000001111011011011001100001101101100000111010000000100100110100110001111001100111101110001101100111010100001101011101001 
10010101000000101100110111001011100111011000010100111001001110101111010101011001111100010011011010100100001001011100110010010010010101010111000001011101100111110101100101101011011110100010110111110011110100010101010101000110110110110011011101000000111000010011000010101011011001011000100011001000010001100111111011110100110100000010101011101111010001101111011110110100001001100000011101000100111011110100001100000000111110000101101001110110110011111111101000010001011110110011011001000100110110000010111101010001 
00011111100110010011011100000110110101101101111001001110001111010011010110100111111111111001110111011011111110110111001110000001001010111100110111101010000110101011110010110011110010110011001110111100011100010100010000101101100010101011000011000001110111011011100111110100000101100010011110100111001010101111001101000111111001000101110000100001011001000110000110010111100111010100111100110100111011111110011011010100001001101011101000010110101010001101010000111010101011100111010100011010010011000001010101111011 
01010011101001110011011011111011010110001011100100010100111000101111010000000111010011110010110111111000110000001111011111001101011010100110101111010100111100001001000101100001110011001110000000000011111100110111010000100010111101110001001100011011000000001011010000110110111011011010001010010111011011000101100111000110011110000101110111100110011001100100100111001011101011101111010010011110010100110100010100111110110111100101100001011010001111100010101110010010110111100001011001001001010101011010000100110011 
00011001100000100111110101010101101100010111100000111111100011100100111101001101101011100100100001011110001000100001101101011101101111100100101011010010111111110001010100111100010111110010110101100111110100101010100010010011111011011010101101011101101100110010001111110010101000010010000101011111111111100010110001100111010111111111000111010110000100111011110011101110111011000100101011100000000101011010100100011110110111110101011000001111111010000000010110110001000111001000010110110010101111101011110001110101 
11010010000011111101011011011111101010001001001100110100100111000000101111100011011000010111111000100100001000100110100100000011101100001101101100111100001110111001000001101110011000100010111000010111010000111010000000111010101101111111100111101010101000000101110111111110111111100011101100100110101011000001001111100000010101001100010111110000011100001000101010010101011101110100100010110111110101010011000101011001001011011000001101011010010001101111000101001101101101000001111000000011001010011000100001001111 
11000111011100100100110111111010001011101011000111011100110101000000010001001000101000100100011011011011111000010011101111111011000110101101000100010111101001011000000101110111000111110100011101111001111100100010101011010100111001000001110100010010000011111011010101110001100001011011010011000110111110010110110111011110110000011101110011001011111011000110001100101100001101010101010011000111101111110100011101001000011010100001101111110110001101011100000000110010000011001000000111111000011100111010101110101101 
11100110011110011111001101001101001000100100010110011010101111110010011101111110110111011000001100101101011010100100011010111011001011110111010000011100100100100110111100001010100011010111000101111000001111010111110101101010010011111010111101000001110100010100011100010111010010111101101001110100111111000101011011000111110001111111111001010000100001000001100000000111111010001111011100100110101111011111011011100110011001001000110110100110100100111110001000101010111001110110100111111110100001111010011000000001 
00000010110000000000110010111100010110011110001100100010001100100000100110010101100110100110101111110000010111110000011100010111011101001010000011011000001100100000010010010011010101011010100101011001011000011011001101001010110110110011010100101001001110011001000111100000100011110100010001100101100101010110010110010011111001110100111100011010000100100110000010110110101100100011111100111100100000000100011110010001101011101110001000010110000100001000100001011101010111110010100110000001100011000000011111001101 
01110101010101110011110010101110110011101010111111110110100100011111101110101100100000110111011001011111001011000010011101001100000100110011110011111001110000110111011111001000101101011001100100111011001010010101111111101100111111110100010101010001100000110010101101100110010101100100000011101111110110011110100111001101010110000111101101111010001101100000011010011010010011010100001111100111110101010100010111011000000111111100101111101101000101010000111011000101001001111101110010000110000000110100110111001011 
01010001110001100000001010010010000110100010111111110001110101100010110001001000101011101100010100110100111111110000010100100100010101011010011011100110111000101011011101001000010101011001101001000001001110101111100000010001000001000001111010100110111001000011101100011000100100100001011011001101000010101010100100011101010111010000001000110011001000010001001000110001011010011101101000011111001101110010001101110000001000111101100010000010000111011000001101010001011001111110001110101110100001010110101010111101 
01100101111101010101111100100101000000011001000100000111010000001110000100001011000101100000110100110100011000001001001001000011010010110011011011011110000101011101110000011001101000101001110011011000011101110010101101101111010110000011100000001100101101001000110100111000110100110001011000111010000111001111011001011010100001000011010011001101001000111001001110101011111011011010001001000111101011101111110111010011001111001000000000010001010001000100100001100001111010001001010001000010111010110111100101011111 
11101010000011000010011010110101111110001001010001001011110111010001100100000110011110110101000011110011000001011101000011110010011001011100010011010111111011111100111000111010100001001010101101101011100000111100111101011101010011111000100111101101010100011100010010001101101011110001100100001111100000000100101001110100011000000000010000010110111101000000000001100000100100011111000110001011001000001100000110100000000001011111100010101011000001011001110011101100001001001100001000110010100010001010011000000101 
00110010111110101001101110001010010010110001011110101011001010011000100011010011011110010110111101011000110010010101111011010001101110100001100010101000110111000001011001100101100110101111110101001000000011111110010011001010010010000000000100110011011100100011000010111111000000000101101110010110001111001000100101111000101011001010100111101000101000000100110010100001011000110100011001100010000001101110100001110011001110111101101111010000110101101010001110101101101100010010100111101011100110110011100011101101 
01001011101111010001011011000011011001100101101110011001110101110111110000001100001001000111101110110000001110101101111010001001110111101111001001111100100101001011110101110101101011011110000101010111101001010100101011011010100010111100110101101010110010001010101010100110011111010111110000101111001011011111010111101000011101001101001100000011011010001001101010001010011100100100110101001010011001011111001001101011011011011001000010010110011100110111110110001001011011001101010010110100010000100100111111011011 
10110010010100011010010010000010010011010010110011011010011101010110111011101111001001100011110110000000101001110000000001011000001010100010011001110011000111110011110101001100100110000001001111011010011101111110011000111100100010101111011010101100100100111010011111101100000001011100010011111110111000010100001000010101010101010111110101001000110010011010011101001100101110010101010000011000000100010100000001011101101100000101110101101111101110100110010101100011000010110010110011001001011100001010111000101111 
10000010111011011000000011100100101010010011101100011111001100101110011110101000010010101001001101111100100000010010001010100011100011110000011111111101000001000001100010110111100001111110111001101111100111110001000110011000100110001110111101111111111110011100110011110110010100010101010100100101111001100111001101111011010111000001010010010001111000010001010100001111100111100010111100001011100000011110010001010100001011110110010110001000000110100011111110001011100010111001100100111100111111000110010110011011 
00010001001111101101100010101110100111011010001100011000011001100001000111110111001101110011101000111110001010010000001011001111010010110100001011111011000011010000010010001100000111110110011110111101011111000111011001010010101011011011111001001111011000000110010011100111010000010000100000010101111000101101011111110000100010011100111011101001011101011101010110100000110011101010101111011010011010011001110010100001000000110110111110010100110010010111110001010100101101010011100101010100100110111110000001011001 
00001100010010110100011011011101001100100010110110110000010010010000000011010110111000011000001111100010000001001110010111110100100011111110000101000111000110001001100101100011100000100000111001111111101000011110111011011111111101000010011100001010100010101101010111001010110000111110000111011010000110000011100000010011110010100010111010111110010001100100100100000001011000111000011000111001110000111101010010111001111011111110101101111000100011000110110001000110001101101110111000110110000110111000001101100101 
01001110001010001100001110100000111100111101100011110010001100000001100100111010000011101111001111111100111001000001110011110011111110101001011110101000100110101101101011011001111101110001110110001010101001110000001100010001111100101011011100001000010110001101010011100010001101000110010011110010010111100000011100010111010000110101111000010111010100100000110101111000010111011001101001110000110000110110001011000000001001011010100001000110100000100111011001010000000101110101101011101010000010011010101010101001 
00001010100100001011010110011100110001001001110001010010110001011101011010110110111010000011011000100100000110001010110000110111100101101111011001110001000001100111101010010100000001001111100101110100011111000110100101010010101110111101001010011100111000101110100101001101011001111110011101010010101111110111101011111001110101101011010110010101100101101110101001001110110100101110111010011000011000010010110100111110011101101101100101110010111111011011001100001101010110110110101001011101110001010101010100011101 
10101001101011011000010100010001101110110101000000111110100011000100110001111100100011000111010111011100110111101111010111101111001101000011000000111111111110110010001111001111011010110001001011111101000110010000111000001010001100110101000010100111000001001101100100001101000100010101000001111111111000011001111000100111101011111100010000000001101101011111001010001000111111001001001000001000101111010100110000000100001010111011011111100100001110000111111000011011101010111111101001101101110010011011000001100111 
10010100110001010010000010001101000011111110101011011101100000000000011100101010011011101100100111011010001101111100011110101010000101011101010100100110011000110001111101011111001110111001110011001110101110100110001100001011110100110001101001100011100111011101010111100000010111011110101011110011001000010000000100110100000101011101001011010110101011110000111100000011110110100000010010110010111100110010001101011100110000100111001010110011110100001110011000011010001111000111110010110110011010010100010010010111 
10010110001110000000100100111011101110110111110110101001001000110111011011100000111110100100101001110101100001010111011000010111011101000101001101111100101100000001110001111101111011111001011110010100001011000110111010101001100111101001110100011101101110011110001010011001110000000000001101101000011001011111010011010001010010100100111001111000000000010111111011110110001000000101001010011010000110001001001100111000110110010001101111011110000101000100001101111000101100010001001111111000010001010011000111001101 
00100011001111010001011111100100001010011001001000110000110011001011010010011010001010011111010001011100000101111101101100111001010101001110110000101111000111010111111010101110001011000100001111111110000011100011100010110010110111010101011000010001001110011110011111101110001111100001010100110111111000010011011010100011110111001101101000110111101110011010100110010101101000000110010100100101110110100010101101110011101100000100111010110100111000000111010100000011101111011101011011010111111100000101001110001001 
00011110000001000111001110111100011000011001010100111001011101111010011011010101101111101101001010111011011011111010110011101010010010110110010000011101000011100000101001101101101110111110110010010111000001110011101011101001010111100111000100110100111000011100000111011001011011111011010010110001000111000111111000101101100100000011100110110001110110101000000001001111000111011101010000010111101011001101101011101101010100100011011011110000110101110010110010000110011110010010010001011110011101100101001000000101 
10101000101110011000001010000110001101010101100001000000101101000110110010000001110011011101101000011101111110100110111101010000100100011000101010010010110111000111101110011011101010001110101111100110000011010111001010110011101011010010000000010101000001111000011000001010111010100011011000101111110101000110110001000011010001101101111001111000000001101000110100110110101111101001101111010001100111101110100100000111000100000011001101100111110111011110011110101011101000001000100101010100110000101110000111011011 
10101011010101110111011000010000001000110111110101100110011001111001110110001011000100100001000010101011001100101110100010001010010101101100001001010001001100001001101000000110011101110000001100111011110100111010000010110100000011001101110110111010100001010100100001111100000010001010011000111000000011101011010110010011110010011001011110100000111101010011010010000110001000100111111100010110110000000001011100010000101101110101110110110000110011001010001010001000011111110111011000101111000001011101011111100011 
11100110011110011111001101001101001000100100010110011010101111110010011101111110110111011000001100101101011010100100011010111011001011110111010000011100100100100110111100001010100011010111000101111000001111010111110101101010010011111010111101000001110100010100011100010111010010111101101001110100111111000101011011000111110001111111111001010000100001000001100000000111111010001111011100100110101111011111011011100110011001001000110110100110100100111110001000101010111001110110100111111110100001111010011000000001 
00011111100110010011011100000110110101101101111001001110001111010011010110100111111111111001110111011011111110110111001110000001001010111100110111101010000110101011110010110011110010110011001110111100011100010100010000101101100010101011000011000001110111011011100111110100000101100010011110100111001010101111001101000111111001000101110000100001011001000110000110010111100111010100111100110100111011111110011011010100001001101011101000010110101010001101010000111010101011100111010100011010010011000001010101111011 
10001111110000101100011001011111000110110000100100111011001010000100010000100110111100000011001101111110100111010110100111110100010000010000011101111000010110001000001111100100101000110000101111011001101011111000101110001110010000001011110100010101101100111111100011001010100111110010000010100010100110000100110001111111110011000101000110001110010101111001101111111001111001100001011111100001000001110111111001001100100001010000110100011100011100100110111100101110100101111100000111100010000111110100000101011011 
11000111011100100100110111111010001011101011000111011100110101000000010001001000101000100100011011011011111000010011101111111011000110101101000100010111101001011000000101110111000111110100011101111001111100100010101011010100111001000001110100010010000011111011010101110001100001011011010011000110111110010110110111011110110000011101110011001011111011000110001100101100001101010101010011000111101111110100011101001000011010100001101111110110001101011100000000110010000011001000000111111000011100111010101110101101 
10100100000110110101100100011100111010011000010100100011011111100000011011101111101000110110111110001100000011010101101100110001101000100001000111101001100011001111101100011110111110101111111100010100001100001010010111100100110110000001101011000110111100011111101110100100001101100010111000110000010000110110011111101000110100001000100111110110100011111011111011010011011100101101011000000101000010100110111011111011111111101100010010100011111100010111010001010011110110111111100101101110000010100000000110011011 
01000011111100110001101101111001001111101110000010100001000111110110011110001000001001100000001000001110011001100101100000010010101110100101011001111010011010001001011110100001011000100011000011001100101111100000000111111010100010001100101101011110100001000111010001000001101100001000100101010100100001000100011111110101011101010000111000110110110010000111111100011001101010101111010111110000000001111011011011001100001101101100000111010000000100100110100110001111001100111101110001101100111010100001101011101001 
10000001011111111110111101000011000110101101011100001111000010101010001010000101110101100000100011110101011111001001011001011110010111101101001100101110111110001010011010010011001101111111001111011101011101110111111010010101001111011101111000110000001000000010110011100110100111110110001001010101001011101101101101101010010000010110010111110000011110010001111101100100101001010011101000101100001000010010110001011110111001100110001011011010010011000000111010001100100111000001111110110110010011100001111011010111 
01000111011111011010010000001001010000001011100000110011110111110000100110100000110101010101001110100101000010101101011100100101000011000111101110000011101000000001100011011100110010001001001010011011011011100011111011100101100100011100000001011111110110100101010010011100011000111110111110011100101111001101111000001011010001001111011010100010011110000010011000011010010101001101010100101101001001110101110011100001010110100011010101011011001000011100110100010011100101111011011111110001110001110011001001110001 
11010010000011111101011011011111101010001001001100110100100111000000101111100011011000010111111000100100001000100110100100000011101100001101101100111100001110111001000001101110011000100010111000010111010000111010000000111010101101111111100111101010101000000101110111111110111111100011101100100110101011000001001111100000010101001100010111110000011100001000101010010101011101110100100010110111110101010011000101011001001011011000001101011010010001101111000101001101101101000001111000000011001010011000100001001111 
01010011101001110011011011111011010110001011100100010100111000101111010000000111010011110010110111111000110000001111011111001101011010100110101111010100111100001001000101100001110011001110000000000011111100110111010000100010111101110001001100011011000000001011010000110110111011011010001010010111011011000101100111000110011110000101110111100110011001100100100111001011101011101111010010011110010100110100010100111110110111100101100001011010001111100010101110010010110111100001011001001001010101011010000100110011 
10010101000000101100110111001011100111011000010100111001001110101111010101011001111100010011011010100100001001011100110010010010010101010111000001011101100111110101100101101011011110100010110111110011110100010101010101000110110110110011011101000000111000010011000010101011011001011000100011001000010001100111111011110100110100000010101011101111010001101111011110110100001001100000011101000100111011110100001100000000111110000101101001110110110011111111101000010001011110110011011001000100110110000010111101010001 
00011001100000100111110101010101101100010111100000111111100011100100111101001101101011100100100001011110001000100001101101011101101111100100101011010010111111110001010100111100010111110010110101100111110100101010100010010011111011011010101101011101101100110010001111110010101000010010000101011111111111100010110001100111010111111111000111010110000100111011110011101110111011000100101011100000000101011010100100011110110111110101011000001111111010000000010110110001000111001000010110110010101111101011110001110101 
11011010101101100000101110000101000110100010010011001000110010000110111010111101111110111000100100001111011010011010101001011011001100000111011010000101001101001110111011100001010001001110011001000110111000001000010111000000010001111000101000010100110000011001010110000010001010101100000000011100101011100100010000110110100001011000000001101100000000100010011001100111101110001111101110010010101100100000110001101011101000111011111011100001110011001111110100111001101010011011111001000011111011101100000100011101 
10101010101110001101101110111000000101110111110101110000000011010011001111101011001101100101011110010100000011100001110000011001110001100001101110010000100100111011111100011001010000111010100001111100010110011111110110101011110100001111101011100011100000101010100011111111010001101111110111000100111101101010100010111000001001010001101001110010000111011011101011101010101110001010111010001001100101001110111000010110011001101011111000001100000011100100110001101001010110011001011110100101100110110001111011011111 
01001101101011110000000001111010010001010110011101100100100000001100111101001111111110000111100001011000011110110000100010100010100110011000110010011101101011110100000111001101101110110111111001100110110010001101111110100010101111110100000100000010111111111110001111000111010111010011101100110110010101011100010110001000101101011010110001101011110110011011000100101110000101000011100011011110000000011101001101110110111011100001111110010011011111100111010111111100001001011100101110111000001111100100011000001011 
00110100011101110001101110100110001110010000111110000000100101100010110010101001110110011111111101110010010101001110110001000010010011000001010100110110010000111010001011111100000110100101000001100001010101100000110110010011001110000101001011011001010111111010100010010011001110101011101000000010010101111010111100010101101100000011010001001101000001001110101110100110100010011010010001010000001110001100101100110101111010001001100111001010101110001010011001010010111110110111110000010010011101011000000001110101 
