10001000100001001011010011011011101101001000100011110001100100010010010000000101011110010001100000010001001010011110011001100110010101000001010001000101000010100111000010110101001000110100000000101101000110000111000100000010001111010101010101011001110100011010011011001000001011101000001100001111000001010000000000000000100110100010001100100011011001000101100001101101001000110001111011110101001001000101100100001100100010000011000001110010000011010000111010000010000011010000011000001011000011101011100010110101 
10111110001110011111111000010111101001111000100010111101100001111011101111111000110111001000000110111000110111011111110100101111111100011001110110101110010001101001010010100101101010110001010110001101001110001011111110001110110100011000110110011100111010011101110000010001010001111000110100001011010110011000011111111011000101011101100111011101110110010001001100111011100111101110110100110010111111100011001101100010110001101010100111101100100111011110000001111010011110100111101101111101101011111100101010111111 
10001000100001001011010011011011101101001000100011110001100100010010010000000101011110010001100000010001001010011110011001100110010101000001010001000101000010100111000010110101001000110100000000101101000110000111000100000010001111010101010101011001110100011010011011001000001011101000001100001111000001010000000000000000100110100010001100100011011001000101100001101101001000110001111011110101001001000101100100001100100010000011000001110010000011010000111010000010000011010000011000001011000011101011100010110101 
10111110001110011111111000010111101001111000100010111101100001111011101111111000110111001000000110111000110111011111110100101111111100011001110110101110010001101001010010100101101010110001010110001101001110001011111110001110110100011000110110011100111010011101110000010001010001111000110100001011010110011000011111111011000101011101100111011101110110010001001100111011100111101110110100110010111111100011001101100010110001101010100111101100100111011110000001111010011110100111101101111101101011111100101010111111 
10111110001110011110110000100101101001111000100010111101100001111011101111111000110111001000000110110110001110001101010110001010100100111001001101000000010011000111000010110101001000110100000000101101000110000111000100000010001111010101010101011001110100011010011011001000001011101000001100001111000001010000000000000000100110101010000011010100001110111110101010101001110101111001100110111010000010111110110000101010000000001110001010010001100010001010010100011000100100000011010110101110000111010101000111001011 
00010001011110010000110000100101101001111000100010111101100001111011101111111000110111001000000110111000110111011111110100101111111100011001110110101110010001101001010010100101101010110001010110001101001110001011111110001110110100011000110110011100111010011101110000010001010001111000110100001011010110011000011111111011000101011101100111011101110110010001001100111011100111101110110100110010111111100011001101100010110001101010100111101100100111011110000001111010011110100111101101111101101011111100101010111111 
10001000100001001011010011011011101101001000100011110001100100010010010000000101011110001000000110111000110111011111110100101111111100011001110110101110010001101001010010100101101010110001010110001101001110001011111110001110110100011000110110011100111010011101110000010001010001111000110100001011010110011000011111111011000101011101100111011101110110010001001100111011100111101110110100110010111111100011001101100010110001101010100111101100100111011110000001111010011110100111101101111101101011111100101010111111 
01110011100001001011010011011011101101001000100011110001100100010010010000000101011110010001100000010001001010011110011001100110010101000001010001000101000010100111000010110101001000110100000000101101000110000111000100000010001111010101010101011001110100011010011011001000001011101000001100001111000001010000000000000000100110100010001100100011011001000101100001101101001000110001111011110101001001000101100100001100100010011110001010010001100010001010010100011000100100000011010110101110000111010101000111001011 
10001000100001001011010011011011101101001000100011110001100100010010010000000101011110001000000110111000110111011111110100101111111100011001110110101110010001101001010010100101101010110001010110001101001110001011111110001110110100011000110110011100111010011101110000010001010001111000110100001011010110011000011111111011000101011101100111011101110110010001001100111011100111101110110100110010111111100011001101100010110001101010100111101100100111011110000001111010011110100111101101111101101011111100101010111111 
00010001011110010000110000100101101001111000100010111101100001111011101111111000110111001000000110111000110111011111110100101111111100011001110110101110010001101001010010100101101010110001010110001101001110001011111110001110110100011000110110011100111010011101110000010001010001111000110100001011010110011000011111111011000101011101100111011101110110010001001100111011100111101110110100110010111111100011001101100010110001101010100111101100100111011110000001111010011110100111101101111101101011111100101010111111 
00010001011110010000110000100101101001111000100010111101100001111011101111111000110111001000000110111000110111011111110100101111111100011001110110101110010001101000000010101111010100010001110100001001011101110100001010100111100000001011111011101111000100001010111110010010011101101100011000101111001110001010011100001100100010001010000010111001011100001011010111100001010111011110000000101100000010111011011010000110111000101110110110111111001110001111111101100101101001010110001000110110100100010100001011000011 
10001111100111111110011010111001001100111110011010100010000000000010000101111111001110101000001000010110001110001101010110001010100100111001001101000000010011000111000010110101001000110100000000101101000110000111000100000010001111010101010101011001110100011010011011001000001011101000001100001111000001010000000001001110001101110111010010111001011100001011010111100001010111011110000000101100000010111011011010000110111000101110110110111111001110001111111101100101101001010110001000110101101011111100101010111111 
01000100111100111110100101111001011101001000100011110001100100010010010000000101011110010001100000010001001010011110011001100110010101000001010001000101000010100111000010110101001000110100000000101101000110001011111110001110110100011000110110011100111010011010011011001000001011101000001100001111000001010000000000000000100110100010001100100011011001000101100001101101001000110001111011110101001001000101100100001100100010011110001010010001100010001010010100011000100100000011010110101110000111010101000111001011 
10001111100111111110011010111001011101001000100011110001100100010010010000000101011110001000000110111000110111011111110100101111111100011001110110101110010001101001010010100101101010110001010110001101001110001011111110001110110100011000110110011100111010011101111011001000001011101000001100001111000001010000000000000000100110100010001100100011011001000101100001101101001000110001111011110101001001000101100100001100100010011110001010010001100010001010010100011000100100000011010110101110000111010101000111001011 
10001000100001001011010011011011101101001000100011110001100100010010010000000101011110010001100000010001001010011110011001100110010101000001010001000101000010100111000010110101001000110100000000101101000110001011111110001110110100011000110110011100111010011101110000010001010001111000110100001011010110011000011111111011000101011101100111011101110110010001001100111011100111101110110100110010111111100011001101100010110001101010100111101100100111011110000001111010011110100111101101111101101011111100101010111111 
00010001011110010000110000100101101001111000100010111101100001111011101111111000110111001000000110111000110111011110011001100110010101000001010001000101000010100111000010110101001000110100000000101101000110000111000100000111100000001011111011101111000100001010111110010010011101101100011000101111001110001010011100001100100010001010001100100011011001000101100001101101001000110001111011110101001001000101100100001100100010011110001010010001100010001010010100011000100100000011010110101110000111010101000111001011 
10001111100111111110011010111001001100111110011010100010000000000010000101111111001110101000001000010110001110001101010110001010100100111001001101000000010011000111000010110101001000110100000000101101000110000111000100000010001111010101010101011001110100011010011011001000001011101000001100001111000001010000000001001110001101110111010010111001011100001011010111100001010111011110000000101100000010111011011010000110111000101110110110111111001110001111111101100101101001010110001000110101101011111100101010111111 
10001111100111111110011010111001001100111110011010100010000000000010000101111111001110101000001000010100111011011000011011100111101100100001100111001000010110011101100100100011110010011110011110100010001000111100110001011110100100000011001000011101111101000000010101010101111011100101111111011100101101101001000011001110000101011101100111011101110110010001001101101101001000110001111011110101001001000101100100001100100010011110001010010001100010001010010100011000100100000011010110101110000111010101000111001011 
10001111100111111110011010111001001100111110011010100010000000000010000101111111001110101000001000010100111011011000011011100111101100100001100111001000010110011101100100100011110010011110011110100010001000111100110001011110100100000011001000011101111101000000010101010101111011100101111111011100101101101001000011001110000101011101100111011101110110010001001101101101001000110001111011110101001001000101100100001100100010011110001010010001100010001010010100011000100100000011010110101110000111010101000111001011 
10001111100111111110011010111001001100111110011010100010000000000010000101111111001110101000001000010110001110001101010110001010100100111001001101000000010011000111000010110101001000110100000000101101000110000111000100000010001111010101010101011001110100011010011011001000001011101000001100001111000001010000000001001110001101110111010010111001011100001011010111100001010111011110000000101100000010111011011010000110111000101110110110111111001110001111111101100101101001010110001000110110100100010100001011000011 
10001111100111111110011010111001001100111110011010100010000000000010000101111111001110101000001000010110001110001101010110001010100100111001001101000000010011000111000010110101001000110100000000101101000110000111000100000010001111010101010101011001110100011010011011001000001011101000001100001111000001010000000000000000100110101010000011010100001110111110101010101001110101111001100111100111000011010101010100100010011010001010100111101100100111011110000001111010011110100111101101111101101011111100101010111111 
10001000100001001011010011011011101101001000100011110001100100010010010000000101011110010001100000010001001010011110011001100110010101000001010001000101000010100111000010110101001000110100000000101101000110000111000100000010001111010101010101011001110100011010011011001000001011101000001100001111000001010000000000000000100110100010001100100011011001000101100001101101001000110001111011110101001001000101100100001100100010011110001010010001100010001010010100011000100100000011010110101110000111010101000111001011 
10111110001110011111111000010111011101001000100011110001100100001010011110100101010100011001010111101110001110001101010110001010100100111001001101000000010011000111000010110101001000110100000000101101000110000111000100000010001111010101010101011001110100011010011011001000001011101000001100001111000001010000000000000000100110101010000011010100001110111110101010101001110101111001100111100111000011010101010100100010011010000011000001110010000011010000111010000010000011010000011000001011000011101011100010110101 
00010001011110010000110000100101101001111000100010111101100001111011101111111000110111001000000110111000110111011111110100101111111100011001110110101110010001101001010010100101010100010001110100001001011101110100001010100111100000001011111011101111000100001010111110010010011101100101111111011111010110011000011111111011000101011101100111011101110110010001001100111011100111101110110100110010111111100011001101100010110001101010100111101100100111011110000001111010011110100111101101111101101011111100101010111111 
01110011100001001011010011011011101101001000100011110001100100010010010000000101011110010001100000010001001010011110011001100110010101000001010001000101000010100111000010110101001000110100000000101101000110000111000100000010001111010101010101011001110100011010011011001000001011101000001100001111000001010000000000000000100110101010000011010100001110111110101010101001110101111001100111100111000011010101010100100010011010000011000001110010000011010000111010000010000011010000011000001011000011101011100010110101 
10001111100111111110011010111001001100111110011010100010000000000010000101111111001110101000001000010110001110001101010110001010100100111001001101000000010011000111000010110101001000110100000000101101000110000111000100000010001111010101010101011001110100011010011011001000001011101000001100001111000001010000000000000000100110101010000011010100001110111110101010101001110101111001100111100111000011010101010100100010011010001010100111110010000011010000111010000010000011010000011000001011000011101011100010110101 
10001000100001001011010011011011101101001000100011110001100100010010010000000101011110001000000110111000110111011111110100101111111100011001110110101110010001101001010010100101101010110001010110001101001110001011111110001110110100011000110110011100111010011101111011001000001011101000001100001111000001010000000000000000100110100010001100100011011001000101100001101101001000110001111011110101001001000101100100001100100010011110001010010001100010001010010100011000100100000011010110101110000111010101000111001011 
10111110001110011110110000100101101001111000100010111101100001111011101111111000110111001000000110111000110111011111110100101111111100011001110110101110010001101001010010100101101010110001010110001101001110001011111110001110110100011000110110011100111010011101110000010001010001111000110100001011010110011000011111111011000101011101100111011101110110010001001100111011100111101110110100110010111111100011001101100010110001101010100111101100100111011110011011001000111110100111101101111101101011111100101010111111 
10111110001110011111111000010111011101001000100011110011010001001010011110100101010100011001011001011010101001010000111010010011000010111111110100101110010001101001010010110101001000110100000000101101000110000111000100000010001111010101010101011001110100011101110000010001010001111000110100001011010110011000011111111011000101011101100111011101110110010001001100111011100111101110110100110010111111100011001101100010110001101010100111101100100111011110000001111010011110100111101101111101101011111100101010111111 
01000100111100111110100101111001011101001000100011110001100100010010010000000101011110010001100000010001001010011110011001100110010101000001010001000101000010100111000010110101001000110100000000101101000110000111000100000110000110000010010111100010101001101111101110100001001101011111010101001011010110011000011111111011000101011101100111011101110110010001001100111011100111101110110100110010111111100101100100001100100010011110001010010001100010001010010100011000100100000011010110101110000111010101000111001011 
10001111100111111110011010111001001100111110011010100010000000000010000101111111001110101000001000010110001110001101010110001010100100111001001101000000010011000111000010110101001000110100000000101101000110000111000100000010001111010101010101011001110100011010011011001000001011101000001100001111000001010000000000000000100110101010000011010100001110111110101010101001110101111001100111100111000011010101010100100010011010001010100111101100100111011110000001111010011110100111101101111101101011111100101010111111 
00010001011110010000110000100101101001111000100010111101100001111011101111111000110111001000000110111000110111011111110100101111111100011001110110101110010001101001010010100101010100010001110100001001011101110100001010100111100000001011111011101100111010011101110000010001010001111000110100001011010110011000011110000000100110101010000011010100001110111110101010101001110101111001100110111010000010111110110000101010000000001110010110101000100110000110000001111010011110100111101101111101101011111100101010111111 
01000100111100111110100101111001011101001000100011110001100100010010010000000101011110010001100000010001110111011111110100101100001100010010011101101101001010010000000010101111010100010001110100001001011101110100001010100010001111010101010101011001110100011010011011001000001011101000001100001111000001010000000000000000100110100010001100100011011001000101100001101101001000110001111011110101001001000101100100001100100010011110001010010001100010001010010100011000100100000011010110101110000111010101000111001011 
10111110001110011110110000100101101001111000100010111101100001111011101111111000110111001000000110111000110111011111110100101111111100011001110110101110010001101001010010100101101010110001010110001101001110001011111110001110110100011000110110011100111010011101110000010001010001111000110100001011010110011000011111111011000101011101100111011101110110010001001100111011100111101110110100110010111111100011001101100010110001101010100111101100100111011110011011001000111110100111101101111101101011111100101010111111 
10001000100001001011010011011011101101001000100011110001100100010010010000000101011110010001100000010001001010011110011001100110010101000001010001000101000010100111000010110101001000110100000000101101000110000111000100000010001111010101010101011001110100011010011011001000001011101000001100001111000001010000000000000000100110100010001100100011011001000101100001101101001000110001111011110101001001000101100100001100100010011110001010010001100010001010010100011000100100000011010110101110000111010101000111001011 
00010001011110010000110000100101101001111000100010111101100001111011101111111000110111001000000110111000110111011111110100101111111100011001110110101110010001101001010010100101010100010001110100001001011101110100001010100111100000001011111011101111000100001010111110010010011101100101111111011111010110011000011111111011000101011101100111011101110110010001001100111011100111101110110100110010111111100011001101100010110001101010100111101100100111011110000001111010011110100111101101111101101011111100101010111111 
10111110001110011111111000010111011101001000100011110011010001001010011110100101010100011001011001011010101001010000111010010011000010111111110100101110010001101001010010110101001000110100000000101101000110000111000100000010001111010101010101011001110100011101110000010001010001111000110100001011010110011000011111111011000101011101100111011101110110010001001100111011100111101110110100110010111111100011001101100010110001101010100111101100100111011110000001111010011110100111101101111101101011111100101010111111 
10111110001110011111111000010111011101001000100011110001100100001010011110100101010100011001010111101110001110001101010110001010100100111001001101000000010011000111000010110101001000110100000000101101000110000111000100000010001111010101010101011001110100011010011011001000001011101000001100001111000001010000000000000000100110101010000011010100001110111110101010101001110101111001100111100111000011010101010100100010011010000011000001110010000011010000111010000010000011010000011000001011000011101011100010110101 
01110011100001001011010011011011101101001000100011110001100100010010010000000101011110010001100000010001001010011110011001100110010101000001010001000101000010100111000010110101001000110100000000101101000110000111000100000010001111010101010101011001110100011010011011001000001011101000001100001111000001010000000000000000100110101010000011010100001110111110101010101001110101111001100111100111000011010101010100100010011010000011000001110010000011010000111010000010000011010000011000001011000011101011100010110101 
10111110001110011111111000010111011101001000100011110011010001001010011110100101010100011001011001011010101001010000111010010011111110111111110100101110010001101001010010110101001000110100000000101101000110000111000100000010001111010101010101011001110100011101110000010001010001111000110100001011010110011000011111111011000101011101100111011101110110010001001100111011100111101110110100110010111111100011001101100010110001101010100111101100100111011110000001111010011110100111101101111101101011111100101010111111 
01000100111100111110100101111001011101001000100011110001100100010010010000000101011110010001100000010001110111011111110100101100001100010010011101101101001010010000000010101111010100010001110100001001011101110100001010100111100000001011111011101111000100001010111110010010011101101100011000101111001110001010011100001100100010001010001100100011011001000101100001101101001000110001111011110101001001000101100100001100100010011110001010010001100010001010010100011000100100000011010110101110000111010101000111001011 
10111110001110011111111000010111011101001000100011110011010001001010011110100101010100011001011001011010101001010000111010010011111110111111110100101110010001101001010010110101001000110100000000101101000110000111000100000010001111010101010101011001110100011101110000010001010001111000110100001011010110011000011111111011000101011101100111011101110110010001001100111011100111101110110100110010111111100011001101100010110001101010100111101100100111011110000001111010011110100111101101111101101011111100101010111111 
01000100111100111110100101111001011101001000100011110001100100010010010000000101011110010001100000010001110111011111110100101100001100010010011101101101001010010000000010101111010100010001110100001001011101110100001010100111100000001011111011101111000100001010111110010010011101101100011000101111001110001010011100001100100010001010001100100011011001000101100001101101001000110001111011110101001001000101100100001100100010011110001010010001100010001010010100011000100100000011010110101110000111010101000111001011 
10001000100001001011010011011011101101001000100011110001100100010010010000000101011110001000000110111000110111011111110100101111111100011001110110101110010001101001010010100101101010110001010110001101001110001011111110001110110100011000110110011100111010011101110000010001010001111000110100001011010110011000011111111011000101011101100111011101110110010001001100111011100111101110110100110010111110111011011010000110111000101110110110111111001110001111111101100101101001010110001000110110100100010100001011000011 
00010001011110010000110000100101101001111000100010111101100001111011101111111000110111001000000110111000110111011111110100101111111100011001110110101110010001101001010010100101101010110001010110001101001110001011111110001110110100011000110110011100111010011101110000010001010001111000110100001011010110011000011110000000100110101010000011010100001110111110101010101001110101111001100110111010000010111110110000101010000000001110010110101000100110000110000001111010011110100111101101111101101011111100101010111111 
00010001011110010000110000100101101001111000100010111101100001111011101111111000110111001000000110111000110111011111110100101111111100011001110110101110010001101001010010100101101010110001010110001101001110001011111110001110110100011011111011101111000100001010111110010010011101101100011000101111001110001010011100001100100010001010001100100011011001000101100001101101001000110001111011110101001001000101100100001100100010011110001010010001100010001010010100011000100100000011010110101110000111010101000111001011 
00010001011110010000110000100101101001111000100010111101100001111011101111111000110111001000000110111000110111011111110100101111111100011001110110101110010001101001010010100101101010110001010110001101001110001011111110001110110100011000110110011100111010011101110000010001010001111000110100001011010110011000011110000000100110101010000011010100001110111110101010101001110101111001100110111010000010111110110000101010000000001110010110101000100110000110000001111010011110100111101101111101101011111100101010111111 
00010001011110010000110000100101101001111000100010111101100001111011101111111000110111001000000110111000110111011111110100101111111100011001110110101110010001101001010010100101101010110001010110001101001110001011111110001110110100011011111011101111000100001010111110010010011101101100011000101111001110001010011100001100100010001010001100100011011001000101100001101101001000110001111011110101001001000101100100001100100010011110001010010001100010001010010100011000100100000011010110101110000111010101000111001011 
10001000100001001011010011011011101101001000100011110001100100010010010000000101011110001000000110111000110111011111110100101111111100011001110110101110010001101001010010100101101010110001010110001101001110001011111110001110110100011000110110011100111010011101110000010001010001111000110100001011010110011000011111111011000101011101100111011101110110010001001100111011100111101110110100110010111110111011011010000110111000101110110110111111001110001111111101100101101001010110001000110110100100010100001011000011 
01110011100001001011010011011011101101001000100011110001100100010010010000000101011110010001100000010001001010011110011001100110010101000001010001000101000010100111000010110101001000110100000000101101000110000111000100000010001111010101010101011001110100011010011011001000001011101000001100001111000001010000000000000000100110101010000011010100001110111110101010101001110101111001100111100111000011010101010100100010011010000011000001110001100010001010010100011000100100000011010110101110000111010101000111001011 
