11010111001001010110001111100001111011111010111111010101111010111010111100110011111011110011001000111100101011101000101011011100010011010100010110110111011101010111011011010111000000001110010001110010100001011010011110000110111111111101001010010011001011001100000111100000111011011011000110100101000011000111001101111001000111001001111100011101111100011110111100001010010111110101001010111001110000011111010001110110111001010101011110111000001011111110110011001011111011010011110110111100110110011100101111010001 
10100001000101001000011000001000100010100100100010111110101010011110110000100001111000001001000101000001000101110001101001000110000101100110101101000100110100000001010000010110010010010000111010000011001010001111011101100100100100001001101000000011000100111000110001101101101110000001011100111011000011100010001000000000010111000100001101110100100101011111100111101010111000101101111100111000011110011101100001110010110101000100001010000100111001001001000010101000011001010001101000011001011000000010000100100111 
11010111001001010110001111100001111011111010111111010101111010111010111100110011111011110011001000111100101011101000101011011100010011010100010110110111011101010111011011010111000000001110010001110010100001011010011110000110111111111101001010010011001011001100000111100000111011011011000110100101000011000111001101111001000111001001111100011101111100011110111100001010010111110101001010111001110000011111010001110110111001010101011110111000001011111110110011001011111011010011110110111100110110011100101111010001 
10100001000101001000011000001000100010100100100010111110101010011110110000100001111000001001000101000001000101110001101001000110000101100110101101000100110100000001010000010110010010010000111010000011001010001111011101100100100100001001101000000011000100111000110001101101101110000001011100111011000011100010001000000000010111000100001101110100100101011111100111101010111000101101111100111000011110011101100001110010110101000100001010000100111001001001000010101000011001010001101000011001011000000010000100100111 
11010101111010111111111011001001100100001111000011011110101010011110110000100001111000000110100100101100001010000011000100110111000011010100010110110111011101010111011011010111000000001110010001111011111000100110100011101100101110000111000101011111010000001110110100111110001111111011111011000111110001001011010110000000010111000111110101101100000101010000010111111100011001001101000001100110001011101001100010001011110111111011110011101001110011111110110011001011111011010011110110111100110110011100111010001001 
11010101111010111111111011001001100100001111000011011110101010011110110000100001111000000110100100101100001010000011000100110111000011010100010110110111011101010111011011010111000000001110010001111011111000100110100011101100101110000111000101011111010000001110110100111110001111111011111011000111110001001011010110000000010111000111110101101100000101010000010111111100011001001101000001100110001011101001100010001011110111111011110011101001110011111110110011001011111011010011110110111100110110011100111010001001 
10100001000101001000011000001000100010100100100010100011110011011010111100110011111011110110100100101100001010000011000100110111000011010100010110110111011101010111011011010111000000001110010001111011111000100110100011101100101110000111000101011111010000001110110100111110001111111011111011000111110011100010001000000000010111000111110101101100000101010000010111111100011001001101000001100110001011101001100010001011110111000100001010000100111001001001000001011010000100011000001001110010000001000111001111010001 
11010101111010111111111011001001100100001111000011000011110011011010111100110011111011110011001000111100101011101000101011011100010011100110101101000100110100000001010000010110010010010000111010000011001010001111011101100100100100001001101000000011000100111000110001101110010001101010101100100010011001011111001101101100011011000100001101110100100101011111100111101010111000101101111100111000011110011101100001110010110101000100001010000100111001001001000010101000011001010001101000011001011000000010000100100111 
00010011011100011010111100110001100110101010000010010010001011000110011000101111011010111001001101001010110100101100010111000110000101100110101101000100110100000001010000010110010010010001010001111011111000100110100011101100101110000111000101011111010000001110110100111110001111111011111011000111110001001011010110000000010111000111110101101100000101010000010111111100011001001101000001100110001011101001100010001011110111111011110011101001110010000000101011000011001001110111111011010100010111110111011100111001 
11010111001001010110001111100001111011111010111111010101111010111010111100110011111011110011001000111100101011101000101011011100010011010100010110110111011101010111011011010111000000001110010001110010100001011010011110000110111111111101001010010011001011001100000111100000111011011011000110100101000011000111001101111001000111001001111100011101111101011111100111101010111000101101111100111000011111111111000111100010001111011001000110000100111001001011011001111011110000110011010010011000010010110001000000000111 
11010111001001010110001111100001111011111010111111010101111010111010111100110011111011110011001000111100101011101000101011011100010011010100010110110111011101010111011011010111000000001110010001110010100001011010011110000110111111111101001010010011001011001100000111100000111011011011000110100101000011000111001101111001000111001001111100011101111101011111100111101010111000101101111100111000011111111111000111100010001111011001000110000100111001001011011001111011110000110011010010011000010010110001000000000111 
11010111011100011010111100110001100110101010000010010010001011000110011000101111011010111001001101001010110100101100010111111100010011010100010110110111011101010111011011010111000000001110010001110010100001011110100011101100101110000111000101011111010000001110110100111110001111111011111011000111110001001011010110000000010111000111110101101100000101010000010111111100011001001101000001100110001011101001100010001011110111111011110011101001110010000000101011000011001001110111111011010100010111110111011100111001 
11010101111010111111111011001001100100001111000011011110101010011110110000100001111000000110100100101100001010000011000100110111000011010100010110110111011101010111011011010111000000001110010001111011111000100110100011101100101110000111000101011111010000001110110100111110001111111011111011000111110001001011010110000000010111000111110101101100000101010000010111111100011001001101000001100110001011101001100010001011110101010101011110111000001011111110110011001011111011010011110110111100110110011100111010001001 
11010111011100011010111100110001100110101010000010010010001011000110011000101111011010111001001101001010110100101100010111111100010011010100010110110111011101010111011011010111000000001110010001110010100001011110100011101100101110000111000101011111010000001110110100111110001111111011111011000111110001001011010110000000010111000111110101101100000101010000010111111100011001001101000001100110001011101001100010001011110111111011110011101001110010000000101011000011001001110111111011010100010111110111011100111001 
10100001000101001000011000001000100010100100100010111110101010011110110000100001111000001001000101000001000101110001101001000110000101100110101101000100110100000001010000010110010010010001011010011011101001010011010111001011100110001010101000001011001001111001010100110000001111000110101000111110011010110011000001000001001000001001001000110110001001010110101110001110101100100111110010001000111111111111000111100010001101000100001010000100111001001001000001011010000100011000001001110010000001000111001111010001 
11100111001001010110001111100001111011111010111111010101111010111010111100110011111011110011001000111100101011101000101011011100010011010100010110110111011101010111011011010111000000001110010001111011111000100110100011101100101110000111000101011111010000001110110100111110001111111011111011000111110001001011010110000000010111000111110101101100000101010000010111101110101100100111110010001000111111111111000111100010001101000100001010101001110010000000101011000011001001110111111011010100010111110111011100111001 
00010011011100011010111100110001100110101010000010010010001011000110011000101111011010111001001101001010110100101100010111000110000101100110101101000100110100000001010000010110010010010001011010011011101001010011010111001011100110001010101000001011001001111001010100110000001111000110101000111110011010110011000001000001001000001001001000110110001001010110101110001110101100100111110010001000111111111111000111100010001101000100001010101001110010000000101011000011001001110111111011010100010111110111011100111001 
10100001000101001000011000001000100010100100100010111110101010011110110000100001111000001001000101000001000101110001101001000110000101100110101101000100110100000001010000010110010010010001011010011011101001010011010111001011100110001010101000001011001001111001010100110000001111000110101000111110011010110011000001000001001000001001001000110110001001010110101110001110101100100111110010001000111111111111000111100010001101000100001010000100111001001001000001011010000100011000001001110010000001000111001111010001 
11100111001001010110001111100001111011111010111111010101111010111010111100110011111011110011001000111100101011101000101011011100010011010100010110110111011101010111011011010111000000001110010001111011111000100110100011101100101110000111000101011111010000001110110100111110001111111011111011000111110001001011010110000000010111000111110101101100000101010000010111111100011001001101000001010011001100001111001000001101111111000010100111100110111011011110000001011010000100011000001001110010000001000111001111010001 
00010011011100011010111100110001100110101010000010010010001011000110011000101111011010111001001101001010110100101100010111111100010011010100010110110111011101010111011011010111000000001110010001110010100001011110100011101100101110000111000101011111010000001110110100111110001111111011111011000111110001001011010110000000010111000111110101101100000101011111100111101010111000101101111100111000011110011101100001110010110101000100001010000100111001001001000001011010000111010011110110111100110110011100101111010001 
00010011011100011010111100110001100110101010000010010010001011000110011000101111011010111001001101001010110100101100010111111100010011010100010110110111011101010111011011010111000000001110010001110010100001011110100011101100101110000111000101011111010000001110110100111110001111111011111011000111110001001011010110000000010111000111110101101100000101011111100111101010111000101101111100111000011110011101100001110010110101000100001010000100111001001001000001011010000111010011110110111100110110011100101111010001 
10100001000101001000011000001000100010100100100010111110101010011110110000100001111000001001000101000001000101110001101001000110000101100110101101000100110100000001010000010110010010010001011010011011101001010011010111001011100110001010101000001011001001111001011101011101101110000001011100111011000011100010001000000000010111000100001101110100100101011111100111101010111000101101111100111000011110011101100001110010110101000100001010000100111001001001000001011010000111010011110110111100110110011100101111010001 
10100001000101001000011000001000100010100100100010111110101010011110110000100001111000001001000101000001000101110001101001000110000101100110101101000100110100000001010000010110010010010001011010011011101001010011010111001011100110001010101000001011001001111001010100110000001111000110101000111110011010110011000001000001001000001001001000110110001001010110101110001110101100100111110010001000111111111111000111100010001111011001000110000100111001001001000001011010000100011000001001110010000001000111001111010001 
11010111001001010110001111100001111011111010111111010101111010111010111100110011111011110011001000111100101011101000101011011100010011010100010110110111011101010111011011010111000000001110010001110010100001011010011110000110111111111101001010010011001011001100000111100000111011011011000110100101000011000111001101111001000111001001111100011101111100011110111100001010010111110101001010111001110000011111010001110110111001010101011110111000001011111110110011001011111011010011110110111100110001000111001111010001 
11010101111010111111111011001001100100001111000011000011110011011010111100110011111011110011001000111100101011101000101011011100010011010100010110110111011101010111011011010111000000001110010001110010100001011010011110000110111111111101001010010011001011001100000111100000111011011011000110100101000011000111001101111001000111001001111100011101111100011110111100001010010111110101001010111001110000011111010001110110111001010101011110111000001011111110110011001011111011010011110110111100110110011100111010001001 
11010111001001010110001111100001111011111010111111010101111010111010111100110011111011110011001000111100101011101000101011011100010011010100010110110111011101010111011011010111000000001110010001110010100001011010011110000110111111111101001010010011001011001100000111100000111011011011000110100101000011000111001101111001000111001001111100011101111100011110111100001010010111110101001010111001110000011111010001110110111001010101011110111000001011111110110011001011111011010011110110111100110001000111001111010001 
10100001000101001000011000001000100010100100100010111110101010011110110000100001111000001001000101000001000101110001101001000110000101100110101101000100110100000001010000010110010010010001011010011011101001010011010111001011100110001010101000001011001001111001011101011110010001101010101100100010011001011111001101101100011011000111110010000101010110101010000001001100001011000101001001010011001100001111001000001101111111000010100111100110111011011110000001011010000100011000001001110010000001000111001111010001 
10100001000101001000011000001000100010100100100010111110101010011110110000100001111000001001000101000001000101110001101001000110000101100110101101000100110100000001010000010110010010010001011010011011101001010011010111001011100110001010101000001011001001111001011101011110010001101010101100100010011001011111001101101100011011000111110010000101010110101010000001001100001011000101001001010011001100001111001000001101111111000010100111100110111011011110000001011010000100011000001001110010000001000111001111010001 
10100001000101001000011000001000100010100100100010111110101010011110110000100001111000001001000101000001000101110001101001000110000101100110101101000100110100000001010000010110010010010001011010011011101001010011010111001011100110001010101000001011001001111001010100110000001111000110101000111110011010110011000001000001001000001001001000110110001001010110101110001110101100100111110010001000111111111111000111100010001111011001000110000100111001001001000001011010000100011000001001110010000001000111001111010001 
11010101111010111111111011001001100100001111000011000011110011011010111100110011111011110011001000111100101011101000101011011100010011010100010110110111011101010111011011010111000000001110010001110010100001011010011110000110111111111101001010010011001011001100000111100000111011011011000110100101000011000111001101111001000111001001111100011101111100011110111100001010010111110101001010111001110000011111010001110110111001010101011110111000001011111110110011001011111011010011110110111100110110011100111010001001 
10100001000101001000011000001000100010100100100010111110101010011110110000100001111000001001000101000001000101110001101001000110000101100110101101000100110100000001010000010110010010010001011010011011101001010011010111001011100110001010101000001011001001111001010100110000001111000110101000111110011010110011000001000001001000001001001000110110001001010110101110001110101100100111110010001000101011101001100010001011110111111011110011101001110010000000101011000011001001110111111011010100010111110111011100111001 
11010101111010111111111011001001100100001111000011011110101010011110110000100001111000000110100100101100001010000011000100110111000011010100010110110111011101010111011011010111000000001110010001111011111000100110100011101100101110000111000101011111010000001110110100111110001111111011111011000111110001001011010110000000010111000111110101101100000101010000010111111100011001001101000001100110001011101001100010001011110111111011110011101001110010000000000001011010000100011000001001110010000001000111001111010001 
00010011011100011010111100110000100010100100100010100011110011011010111100110011111011110110100100101100001010000011000100110111000011010100010110110111011101010111011011010111000000001110010001110010100001011110100011101100101110000111000101011111010000001110110100111110001111111011111011000111110001001011010110000000010111000100001101110100100101010000010111111100011001001101000001100110001011101001100010001011110111111011110011100100111001001001000001011010000100011000001001110010000001000111001111010001 
10100001000101001000011000001000100010100100100010111110101010011110110000100001111000001001000101000001000101110001101001000110000101100110101101000100110100000001010000010110010010010001011010011011101001010011010111001011100110001010101000001011001001111001010100110000001111000110101000111110011010110011000001000001001000001001001000110110001001010110101110001110101100100111110010001000111111111111000111100010001101111011110011101001110010000000101011000011001001110111111011010100010111110111011100111001 
10100001000101001000011000001000100010100100100010100011110011011010111100110011111011110110100100101100001010000011000001000110000101100110101101000100110100000001010000010110010010010001011010011011101001010011010111001011100110001010101000001011001001111001011101011101101110000001011100111011000011100010001000000000010111000100001101110100100101011111100111101010111000101101111100111000011111111111000111100010001111011001000110000100111001001011011001111011110000110011010010011000010010110001000000000111 
10100001000101001000011000001000100010100100100010100011110011011010111100110011111011110110100100101100001010000011000100110111000011010100010110110111011101010111011011010111000000001110010001111011111000100110100011101100101110000111000101011111010000001110110100111110001111111011111011000111110011100010001000000000010111000111110101101100000101010000010111111100011001001101000001100110001011101001100010001011110111111011110011101001110010000000101011000011001001110111111011010100010111110111011100111001 
10100001000101001000011000001000100010100100100010111110101010011110110000100001111000001001000101000001000101110001101001000110000101100110101101000100110100000001010000010110010010010000111010000011001010001111011101100100100100001001101000000011000100111000110001101110010001101010101100100010011001011111001101101100011011000111110010000101010110101010000001001100001011000101001001010011001100001111001000001101111111000010011100010010100001111001111110111010101010001110111000110011001101101100101011110111 
10010011011100011010111100110001100110101010000010010010001011000110011000101111011010111001001101001010110100101100010111111100010011010100010110110111011101010111011011010111000000001110010001110010100001011110100011101100101110000111000101011111010000001110110100111110001111111011111011000111110001001011010110000000010111000111110101101100000101010000010111111100011001001101000001100110001011101001100010001011110111000100001010000100111001001001000001011010000100011000001001110010000001000111001111010001 
10100001000101001000011000001000100010100100100010111110101010011110110000100001111000001001000101000001000101110001101001000110000101100110101101000100110100000001010000010110010010010001011010011011101001010011010111001011100110001010101000001011001001111001010100110000001111000110101000111110011010110011000001000001001000001001001000110110001001010110101110001110101100100111110010001000111111111111000111100010001101111011110011000100111001001001000001011010000100011000001001110010000001000111001111010001 
10100001000101001000011000001000100010100100100010111110101010011110110000100001111000001001000101000001000101110001101001000110000101100110101101000100110100000001010000010110010010010001011010011011101001010011010111001011100110001010101000001011001001111001010100110000001111000110101000111110011010110011000001000001001000001001001000110110001001010110101110001110101100100111110010001000111111111111000111100010001101000100001010101001101011111110110011001011111011010011110110111100110110011100101111010001 
00010011011100011010111100110000100010100100100010100011110011011010111100110011111011110110100100101100001010000011000100110111000011010100010110110111011101010111011011010111000000001110010001110010100001011110100011101100101110000111000101011111010000001110110100111110001111111011111011000111110001001011010110000000010111000100001101110100100101010000010111111100011001001101000001100110001011101001100010001011110111111011110011100100111001001001000001011010000100011000001001110010000001000111001111010001 
10100001000101001000011000001000100010100100100010111110101010011110110000100001111000001001000101000001000101110001101001000110000101100110101101000100110100000001010000010110010010010000111010000011001010001111011101100100100100001001101000000011000100001110110100111110001111111011111011000111110001001011010110000000010111000111110101101100000101011111100111101010111000101101111100111000011110011101100001110010110101000100001010000100111001001001000001011010000111010011110110111100110110011100101111010001 
10100001000101001000011000001000100010100100100010111110101010011110110000100001111000001001000101000001000101110001101001000110000101100110101101000100110100000001010000010110010010010000111010000011001010001111011101100100100100001001101000000011000100111000110001101110010001101010101100100010011001011111001101101100011011000111110010000101010110101010000001001100001011000101001001010011001100001111001000001101111111000010011100010010100001111001111110111010101010001110111000110011001101101100101011110111 
10100001000101001000011000001000100010100100100010111110101010011110110000100001111000001001000101000001000101110001101001000110000101100110101101000100110100000001010000010110010010010001011010011011101001010011010111001011100110001010101000001011001001111001010100110000001111000110101000111110011010110011000001000001001000001001001000110110001001010110101110001110101100100111110010001000111111111111000111100010001101111011110011000100111001001001000001011010000100011000001001110010000001000111001111010001 
10100001000101001000011000001000100010100100100010111110101010011110110000100001111000001001000101000001000101110001101001000110000101100110101101000100110100000001010000010110010010010001010001111011111000100110100011101100101110000111000101011111010000001110110100111110001111111011111011000111110001001011010110000000010111000111110101101100000101010000010111111100011001001101000001100110001011101001100010001011110111111011110011101001110010000000101011000011001001110111111011010100010111110111011100111001 
10100001000101001000011000001000100010100100100010111110101010011110110000100001111000001001000101000001000101110001101001000110000101100110101101000100110100000001010000010110010010010001011010011011101001010011010111001011100110001010101000001011001001111001011101011110010001101010101100100010011001011111001101101100011011000111110010000101010110101010000001001100001011000101001001100110001011101001100010001011110111111011110011101001110010000000101011000011001001110111111011010100010111110111011100111001 
10100001000101001000011000001000100010100100100010100011110011011010111100110011111011110110100100101100001010000011000100110111000011010100010110110111011101010111011011010111000000001110010001111011111000100110100011101100101110000111000101011111010000001110110100111110001111111011111011000111110011100010001000000000010111000111110101101100000101010000010111111100011001001101000001100110001011101001100010001011110111111011110011101001110010000000101011000011001001110111111011010100010111110111011100111001 
10100001000101001000011000001000100010100100100010100011110011011010111100110011111011110110100100101010110100101100010111000110000101100110101101000100110100000001010000010110010010010001010001111011111000100110100011101100101110000111000101011111010000001110110100111110001111111011111011000111110001001011010110000000010111000111110101101100000101010000010111111100011001001101000001100110001011101001100010001011110111111011110011101001110010000000101011000011001001110111111011010100010111110111011100111001 
10010011011100011010111100110001100110101010000010010010001011000110011000101111011010111001001101001010110100101100010111111100010011010100010110110111011101010111011011010111000000001110010001110010100001011110100011101100101110000111000101011111010000001110110100111110001111111011111011000111110001001011010110000000010111000111110101101100000101010000010111111100011001001101000001100110001011101001100010001011110111000100001010000100111001001001000001011010000100011000001001110010000001000111001111010001 
00010011011100011010111100110000100010100100100010100011110011011010111100110011111011110110100100101100001010000011000100110111000011010100010110110111011101010111011011010111000000001110010001111011111000100110100011101100101110000111000101011111010000001110110100111110001111111011111011000111110011100010001000000000010111000100001101110100100101011111100111101010111000101101111100111000011110011101100001110010110101000100001010000100111001001001000001011010000111010011110110111100110110011100101111010001 
