00011100010111111010011011111110011101001001000111100000110101101001001101101001111000111011111011101001100111101101100010111111101101110001110110000101010111100101101010101111001110100111110110001110011011101101011111110111001011111100110010011000001010110011001111111101101110100111110100011001011111011001010001111011100110010000101100101100001101111010001011010011101110001111101110100111001010000110100011111001000010111010000010000101111111100111010101111011110111000101101111110111101100100110000100111111 
01100110000000010010001000010010011101000000101000101000100100101101010100110110001101011110001000110000101001000001100100001101100011110000001100100101001101110110000101000011001001010101000000010001000100101001001101111001111111001000111101100000011001001101111001001001010110000010111011000011111011010010101000111011100100001000110110000010010111000000000101100000010101110000000010100010010100001000101011000001100101101001110101101100111110010000110000000001000111100010101110000011010000010001110100010001 
10110110110111111010011011111110011101001001000111100000110101101001001101101001111000011100111011101001100111101101100010111111101101110001110110000101010111100101101010101111001110100111110110001110011011101101011111110111001011111100110010011000001010110011001111111101101110100111110100011001011111011001010001111011100110010000101100101100001101111010001011011001101101110001001011000101011000111010111101100101000001011100100011100011000101001010000101110011011000011100010011111111101011110111011010101101 
10001110111101000010011001000110001111110000100001111110100000110011111000011111101011001011111010100000001111111101110000101011110100101001010111100111011001001101001001111001000000110011110101101001100001001011001011111110101111100010100100100111000110101101101000111101001001110011111110011111101010100001000111111010111111110001000101101101100110000111101110010000110010011101001101000111001010100111011011101010100001111001100100000101011010110001001100000111011111110011010000010100111101001001011000111111 
00110000100000000100100011001100100110110000100111100101100110001111111110111100101100001111110011010010000000010101100100010011110011011010101000111101011000000100101001110101110110100001000011100111001010110100111010100101100010101011000101101011010001011011100100011010011001011110000000101101100101101101100001110011101100001100000000011111111111000000000101100000010101110000000010000111110010111111001100010100011011010100110101000001100000111001001001000110111101010000011100110001100111011000000110001101 
00011100010011101000110110010010010001110010001001110000100100101101010011001100101111111010110001001000000010100100100000011010001000101101000110101000110011101000101100101011010100000111111111010001000011000111010010100101001100101001101001101000110101000010100001000001000011100011011100111100110011100000100100111110001100100110000111001000010111001010010011100000011111000111001001010101011010010101111000011110100000001000000100011100010000010110011100000101101001011100011100111110011001111000100010011001 
10110000010110111001011100111110110011010000001010000010010111110100011010000110100000000000110100110010100111001010000000101100110000110111101111001111101000001010010100110010010001000101111001001111111011011001100000110110001001000110110010010100100101011010100110010010101101001101011011000101100101101001001011111001010101000010111000001000110100101101101010011101111000111111110100001010100101101000111111110011000011001111011111001000100000011001011111010100101000010111011100110111010110100110011101101011 
10010011001010011100011010011011100100010000111111001101010111111010010010110011001000111011111011101001100111101101100010111111101101110001110110000101010111100101101010101111001110100111110110001110011011101101011111110111001011111001001010100010010101001101111110000001100010111100110001101000001101001011111010111010111000011100010101111111101010110101000001001100101100000000011011110000011000000110011101100000110111110110111010000111011010100100101100111111001000110010000100101101101001010011111100000011 
10001110111101000010011001000110001111110000100001111110100000110011111000011111101011001011111010100000001111111101110000101011110100100001110110000101010111100101101010101111001110100111110110001110011011101101011111110111001011111100110010011000001010110011001111111101101110100111110100011001011111011001010001111011100110010000101100101100001101111010001011010011101110001111101110100111001010000110100011111001000010111010000010000101111110010001010011110111011011010101011010011011001001001101110111101111 
00011100010011101000110110010010010001110010001001110000100100101101010011001100101111111010110001001000101001000001100100001101100011110000001100100101001101110110000101000011001001010101000000010001000100101001001101111001111111001000111101100000011001001101111001001001010110000010111011000011111011010010101000111011100100001000110110000010010111000000000101100000010101110000000010100010010100001000101011000001100101101001011100000001011000100110010100000011110011011101101000001100001000000110010000001101 
00101111000110010110010100010101011000001011010100101110001100100100110100110110001101011110001000110000101001000001100100001101100011110000001100100101001101110110000101000011001001010101000000010001000100101001001101111001111111001000111101100000011001001101111001001001010110000010111011000011111011010010101000111011100100001000110110000010010111000000000101100000010101110000000010100010010100001000101011000001100101101001110101101100111110010000110000000001000111100010101110000011010000010001001001110011 
00011100010011101000110110010010010001110010001001110000100100101101010011001100101111111010110001001000000010100100100000011010001000101101000110101000110011101000101100101011010100000111111111010001000000001111000001011110010110111111110110010111110010100000001011001111101100101101101100010000000001001111101001011010000010110001100011010000111100010100000111101100010001100111110100001100001101101011010111011101001010011111010111011101010111100111010101111011110111011010101110000011010000010001110100010001 
01101111010100011101000100011101100110110100011101110000111100010001100011011011000111011010110000111110011010001001011001100110111010011011100010011110001111011101001100011010001001101001010010011110001110100010001011000101011111010111011001000111100110100100110111100001000001011110111110000000000111110100010000010111101000011111011101000010010011111000000101111001011110011010110000101110100101001111001001001000001101111010011110011001010101111111011111011001001001110101000111110100001100101011010110111001 
00011100010011101000110110010010010001110010001001110000100100101101010011001100101111111010110001001000101001000001100100001101100011110000001100100101001101110110000101000011001001010101000000010001000100101001001101111001111111001000111101100000011001001101111001001001010110000010111011000011111011010010101000111011100100001000110110000010010111000000000101100000010101110000000010000111110010111111001100010100011011010100110101000001100000111001001001000110111101010000011100110001100111011000000110001101 
10010011001010011100011010011011100100010000111111001101010111111010010010110011001000111011111011101001100111101101100010111111101101110001110110000101010111100101101010101111001110100111110110001110011011101101011111110111001011111100110010011000001010110011001111111101101110100111110100011001011111011001010001111011100110010000101100101100001101111010001011010011101110001111101110100111001010000110100011111001000010111010011110011001010101111111011111011001001001110101000111110100001100101011010110111001 
10001110110111011110010111110111011111001001110000011101110110001000000000011001110000000110011010000101110010101010101001010110101101011101010101000010011101001001110100010100011010001111010011011010100101000000000000011101101011011101100010001011101110010101010001011001111100010011001000010001001010100101011100010000101000111101011011001101100101100010001001010000100110111000100111101101010010100010110110000011101100111010000110000010100101010111110000101100100010100110101111110000010010000110111000011001 
11010001111000111100011010011100000001001011101000011110010000100000110111001111001001111100010101100100111011000001100111001101110101100111110110000101010111100101101010101111001110100111110110001110011011101101011111110111001011111100110010011000001010110011001111111101101110100111110100011001011111011001010001111011100110010000101100101100001101111010001011011001101101110001001011000101011000111010111101110011000011001111011111001000100000011001011111010100101000010111011100110111010110100110011101101011 
11010001111000111100011010011100000001001011101000011110010000100000110111001111001001111100010101100100111011000001100111001101110101100111110110000101010111100101101010101111001110100111110110001110011011101101011111110111001011111100110010011000001010110011001111111101101110100111110100011001011111011001010001111011100110010000101100101100001101111010001011010011101110001111101110100111001010000110100011111001000010111010000010000101111110010001010011110111011011010101011010011011001001001101110111101111 
00110000100000000100100011001100100110110000100111100101100110001111111110111100101100001111110011010010000000010101100100010011110011011010101000111101011000000100101001110101110110100001000011100111001010110100111010100101100010101011000101101011010001011011100100011010011001011110000000101101100101101101100001110011101100001100000000011111111100110001010111001001000001101001010011011001111000111111111110001011100000001010001101000110101010111111000001100000111011001010111001110000011100011000010100000011 
00010000110000110110111010001010000001110010001001110000100100101101010011001100101111111010110001001000101001000001100100001101100011110000001100100101001101110110000101000011001001010101000000010001000100101001001101111001111111001000111101100000011001001101111001001001010110000010111011000011111011010010101000111011100100001000110110000010010111000000000101100000010101110000000010000111110010111111001100010100011011010100110101000001100000111001001001000110111101010000011100110001100111011000000110001101 
11010001111000111100011010011100000001001011101000011110010000100000110111001111001001111100010101100100111011000001100111001101110101100111110110000101010111100101101010101111001110100111110110001110011011101101011111110111001011111100110010011000001010110011001111111101101110100111110100011001011111011001010001111011100000101110110000110001101011101010101110110111100111011011110110101100010100110100101111010001010101011011111000110010111001011000010001110110001010000110111111111000100110101011100011110111 
10010011001010011100011010011011100100010000111111001101010111111010010010110011001000111011111011101001100111101101100010111111101101110001110110000101010111100101101010101111001110100111110110001110011011101101011111110111001011111100110010011000001010110011001111111101101110100111110100011001011111011001010001111011100110010000101100101100001101111010001011010011101110001111101110100111001010000110100011111001000010111000011101001100011111001000101001110110001010000110111111111000100110101011100011110111 
10100101000101110110101100001010011111111111111101110100000001111101001000000111000001101000111100100011100010111000110011001100010100101101010001100010110101000010010010011101010001101001001110000101001100000110011000110101101101111011001100001010000111110101001111110111100000100001000101101111010010111110001110000100000011000011001101001110101100110100111100001110110101111001011110101110110010110101100110101000011000000100101111000111001110101001100100101001110001001001101011100100010001000110111111110001 
01101111010100011101000100011101100110110100011101110000111100010001100011011011000111011010110000111110011010001001011001100110111010011011100010011110001111011101001100011010001011100011001011100010111101010101101011011101111110111001011000001011100111000111010010111011111100111011110001101011100011101010101000010110000101010001001111110011001001001010101101001001101101110001001011000101011000111010111101100101000001011100100011100011000101001010000101110011011000011100010011111111101011110111011010101101 
10001110110111011110010111110111011111001001110000011101110110001000000000011001110000000110011010000101110010101010101001010110101101011101010101000010011101001001110100010100011010001111010011011010100101000000000000011101101011011101100010001011101110010101010001011001111100010011001000010001001010100101000100101111001001100100100011110001100000110000011110011011110100011000001001100001101001101100111111001001010110001010001101110001101000011000100000000111100010101100001100111101001100101100101010100011 
10001101000111011100000001011001111010110111110000000010101100111001000111001001101001011100010000101010100000100010111100011010100110100100001110110101001011110101001000101111110101011111100010000110110011001000000000111101110100100110010100100000010000100011001100101111011000111010000111110100010100010111110011000000110100011001110100110101000000000011010001110100101111101101000001000111101100100000101111101010000000110000011110111000101101010001100100110100110011000000001100010100001000100111001101111101 
00001000011101100100000000110110110111111011011100000110011100000011110011100111001011101001110110100101010111101110011111001110100110011001001111001011000000100101101101001110101001000111110010110101001000010101111111111101000000001001001010100010010101001101111110000001100010111100110001101000001101001011111010111010111000011100010101111111101010110101000001001100101100000000011011110000011000000110011101100000110111110110111010000111011010100100101100111111001000110010000100101101101001010011111100000011 
01100110000000010010001000010010011101000000101000101110001100100100110100110110001101011110001000110000101001000001100100001101100011110000001100100101001101110110000101000011001001010101000000010001000100101001001101111001111111001000111101100000011001001101111001001001010110000010111011000011111011010010101000111011100100001000110110000010010111000000000101100000010101110000000010100010010100001000101011000001100101101001110101101100111110010000110000000001000111100010101110000011010000010001110100010001 
00011100010011101000110110010010010001110010001001110000100100101101010100110110001101011110001000110000101001000001100100001101100011110000001100100101001101110110000101000011001001010101000000010001000100101001001101111001111111001000111101100000011001001101111001001001010110000010111011000011111011010010101000111011100100001000110110000010010111000000000101100000010101110000000010100010010100001000101011000001100101101001011100000001011000100110010100000011110011011101101000001100001000000110010000001101 
00011100010111111010011011111110011101001001000111100000110101101001001101101001111000011100101101111010111111101101100010111111101101110001110110000101010111100101101010101111001110100111110110001110011011101101011111110111001011111100110010011000001010110011001111111101101110100111110100011001011111011001010001111011100110010000101100101100001101111010001011010011101110001111101110100111001010000110100011111001000010111010011110011001010101111111011111011001001001110101000111110100001100101011010110111001 
00011100010111111010011011111110011101001001000111100000110101101001001101101001111000011100101101111010111111101101100010111111101101110001110110000101010111100101101010101111001110100111110110001110011011101101011111110111001011111100110010011000001010110011001111111101101110100111110100011001011111011001010001111011100110010000101100101100001101111010001011010011101110001111101110100111001010000110100011111001000010111010011110011001010101111111011111011001001001110101000111110100001100101011010110111001 
00011100010011101000110110010010010001110010001001110000100100101101010100110110001101011110001000110000101001000001100100001101100011110000001100100101001101110110000101000011001001010101000000010001000100101001001101111001111111001000111101100000011001001101111001001001010110000010111011000011111011010010101000111011100100001000110110000010010111000000000101100000010101110000000010100010010100001000101011000001100101101001011100000001011000100110010100000011110011011101101000001100001000000110010000001101 
01100110000000010010001000010010011101000000101000101110001100100100110100110110001101011110001000110000101001000001100100001101100011110000001100100101001101110110000101000011001001010101000000010001000100101001001101111001111111001000111101100000011001001101111001001001010110000010111011000011111011010010101000111011100100001000110110000010010111000000000101100000010101110000000010100010010100001000101011000001100101101001110101101100111110010000110000000001000111100010101110000011010000010001110100010001 
11001100001111101101100010100001011010010000011000100111010011100101101000101101010110110001101000111100011001000010100000101010110001001000101110011011010010101100011111101011010010011100010100001110000110101110011100010000001110011100111110100100110011011010110000001010001110110000101101110110001001100010000011011000111110110001100111110110001010010110000001101010111010010001010101101011110000000010101110010010010100100111001100001100010010000001100011010100001011000110111001000010110110010001001001110011 
00010000110000110110111010001010001001000101010101011111101110100110011110011110011011101011011110100001101001000001100100001101100011110000001100100101001101110110000101000011001001010101000000010001000100101001001101111001111111001000111101100000011001001101111001001001010110000010111011000011111011010010101000111011100100001000110110000010010111000000000101100000010101110000000010000111110010111111001100010100011011010100110101000001100000111001001001000110111101010000011100110001100111011000000110001101 
00101111000110010110010100010101011000001010111010100111011011100011001100011010111100110111110010101101110110111011101011111000000011111110010011110101110011110010101111001111110011100011001011100010111101010101101011011101111110111001011000001011100111000111010010111011111100111011110001101011100011101010101000010110000101010001001111110011001001001010101101001001101101110001001011000101011000111010111101100101000001011100100011100011000101001010000101110011011000011100010011111111101011110111011010101101 
00011100010011101000110110010010010001110010001001110000100100101101010011001100101111111010110001001000000001000001100100001101100011110000001100100101001101110110000101000011001001010101000000010001000100101001001101111001111111001000111101100000011001001101111001001001010110000010111011000011111011010010101000111011100100001000110110000010010111000000000101100000010101110000000010000111110010111111001100010100011011010100110101000001100000111001000000000001000111100010101110000011010000010001110100010001 
01100010111100101101111000100011001111100101101000000001111111111011111110101100011100100100001001101101101011101001000100111001010101111000100111111011001001011011001010010000111110111011100110101111101001110011010101001111101110001010010011101110100000101011100110011101110100111110001100100011110111101101000110001010110000101010100011011110001101011110100101110000011110000001111010010110111111111010001111101101000110010011011100000001011000100110010100000011110011000101101111110111101100100110000100111111 
11000111100101101000110110010010010001110010001001110000100100101101010011001100101111111010110001001000101001000001100100001101100011110000001100100101001101110110000101000011001001010101000000010001000100101001001101111001111111001000111101100000011001001101111001001001010110000010111011000011111011010010101000111011100100001000110110000010010111000000000101100000010101110000000010000111110010111111001100010100011011010100110101000001100000111001001001000110111101010000011100110001100111011000000110001101 
10111111110001000001000000101101011111101010001010011000001111001001110011111001101001111000011111111110000100100001110110000110110000111000000010101110000011011100011100101110011101100011101001010000111110010100011010100110101111101101101011001100011011101010001000001000001110100001100011100110001001100010000011011000111110110001100111110110001010010110000001101010111010010001010101101011110000000010101110010010010100100111001100001100010010000001100011010100001011000110111001000010110110010001001001110011 
00011100010011101000110110010010010001110010001001110000100100101101010011001100101111111010110001001000000010100100100000011010001000101101000110101000110011101000101100101011010100000111111111010001000011101110110011100010101111101000001101000100010010000111110010010010110100101000011100101000101011011111101000111011100100001000110110000010010111000000000101100000010101110000000010000111110010111111001100010100011011010100110101000001100000111001001001000110111101010000011100110001100111011000000110001101 
01100010111100101101111000100011001111100101101000000001111111111011111110101100011100100100100101111011111111001001100110000101001000100101010101010101101010000010110011101101100011011011010010111100011100001101010010101101110100100011011001100010100001111011011011001000111101010111001111011101010110101001111101101110100100111010110001110110110110000101110101000010000010111101010101101100011001010101100000101010010001111110000000010101100101010001011000011011111111100010010101010010111010111001101011000011 
00111110101010100100100100001101100000011011000111111111110011011000100101100000101011001000111101001101011100011111011011010001010101101000010011111100101011001010100011011000100010101000101100110101110000011110100100100110000110001001001010100010010101001101111110000001100010111100110001101000001101001011111010111010111000011100010101111111101010110101000001001100101100000000011011110000011000000110011101100000110111110110111010000111011010100100101100111111001000110010000100101101101001010011111100000011 
00011100010011101000110110010010010001110010001001110000100100101101010011001100101111111010110001001000000010100100100000011010001000101101000110101000110011101000101100101011010100000111111111010001000000000111010010100101001100101001101001101000110101000010100001000001000011100011011100111100110011100000100100111110001100100110000111001000010111001010010011100000011111000111001001010101011010010101111000011110100000001000000100011100010000010110011100000101101001011100011100111110011001111000100010011001 
00111110101010100100100100001101100000011011000111111111110011011000100101100000101011001000111011101001100111101101100010111111101101110001110110000101010111100101101010101111001110100111110110001110011011101101011111110111001011111100110010011000001010110011001111111101101110100111110100011001011111011001010001111011100110010000101100101100001101111010001011010011101110001111101110100111001010000110100011111001000010111010000010000101111110010001010011110111011011010101011010011011001001001101110111101111 
00011100010011101000110110010010010001110010001001110000100100101101010100110110001101011110001000110000101001000001100100001101100011110000001100100101001101110110000101000011001001010101000000010001000100101001001101111001111111001000111101100000011001001101111001001001010110000010111011000011111011010010101000111011100100001000110110000010010111000000000101100000010101110000000010100010010100001000101011000001100101101001011100000001011000100110010100000011110011011101101000001100001000010001110100010001 
00011100010011101000110110010010010001110010001001110000100100101101010100110110001101011110001000110000101001000001100100001101100011110000001100100101001101110110000101000011001001010101000000010001000100101001001101111001111111001000111101100000011001001101111001001001010110000010111011000011111011010010101000111011100100001000110110000010010111000000000101100000010101110000000010100010010100001000101011000001100101101001110101101100111110010000110000000001000111100010101110000011010000010001110100010001 
11011001100111000111100010010110110110000111010100101110001100100100110100110110001101011110001000110000101001000001100100001101100011110000001100100101001101110110000101000011001001010101000000010001000100101001001101111001111111001000111101100000011001001101111001001001010110000010111011000011111011010010101000111011100100001000110110000010010111000000000101100000010101110000000010000111110010111111001100010100011011010100110101000001100000111001001001000110111101010000011100110001100111011000000110001101 
00011100010011101000110110010010010001110010001001110000100100101101010011001100101111111010110001001000000010100100100000011010001000101101000110101000110011101000101100101011010100000111111111010001000011101110110011100010101111101000001101000100010010000111110010010010110100101000011100101000101011011111101000111011100100001000110110000010010111000000000101100000010101110000000010100010010100001000101011000001100101101001110101101100111110010000110000000001000111100010101110000011010000010001110100010001 
00011100010111111010011011111110011101001001000111100000110101101001001101101001111000111011111011101001100111101101100010111111101101110001110110000101010111100101101010101111001110100111110110001110011011101101011111110111001011111100110010011000001010110011001111111101101110100111110100011001011111011001010001111011100110010000101100101100001101111010001011010011101110001111101110100111001010000110100011111001000010111010000010000101111111100111010101111011110111011101101000001100001000000110010000001101 
11001100001111101101100010100001011010010000011000100111010011100101101000101101010110110001101000111100011001000010100000101010110001001000101110011011010010101100011111101011010101001011011100001110101101010011011100110011000001011000101101101101110000001100101001011001110001000111100101100000010011111111101011111101001100000011010101010110100100110111010011100111101100000011101011000001100011101110111011101100100111010011011000111111011011000001010111010110010111101010010100010111011001101100110000101111 
10001110110111010110010100010101011000001011010100101110001100100100110100110110001101011110001000110000101001000001100100001101100011110000001100100101001101110110000101000011001001010101000000010001000100101001001101111001111111001000111101100000011001001101111001001001010110000010111011000011111011010010101000111011100100001000110110000010010111000000000101100000010101110000000010100010010100001000101011000001100101101001110101101100111110010000110000000001000111100010101110000011010000010001110100010001 
11010001111000111100011010011100000001001011101000011110010000100000110111001111001001111100010101100100111011000001100111001101110101100110011010110111001101000001001100100100011110010000001110100111110111000011100010101000011101110001010010101001011001010110101011101101001101100001000011010111001001001000011111100110001000011011111101001000100010111110001011100101110111110101101101001011110000010000110001101000010101100100001000000010111000011110011111111001001010001100000101111000111101011001111000000101 
10010111011010011110111011111100010011001001100111101010100100111011010001111100111101011011100011000111111010000001011010001010001010111101011001101111101001001010111101100110111110000101111000111101000001001100101111110011100110000001100100111010000111000001110011001110100010001010001001101111101110010001110111111000110111000011011101111110011010111101011011001110010101101011101010011001100110001001011001001001101001011111010011000001111111010101101111001110101010000110111101110010000000101011110011001001 
11011001100111000111100010010110110110000111010100101110001100100100110100110110001101011110001000110110001000011110110010110100101000110001100011010110111011011001111101101011010101001011011100001110101101010011011100110011000001011000101101101101110000001100101001011001110001000111100101100000010011111111101011111101001100000011010101010110100100110111010011100111101100000011101011000001100011101110111011101100100111010011011000111111011011000001010111010110010111101010010100010111011001101100110000101111 
00100111000101111000111011110111100000001000101011010001000010111010001000000110010110100001100001010101100011000101101010001011101111010011100100100011111011010001000001100110011010011100010100001110000110101110011100010000001110011100111110100100110011011010110000001010001110110000101101110110001001100010000011011000111110110001100111110110001010010110000001101010111010010001010101101011110000000010101110010010010100100111001100001100010010000001100011010100001011000110111001000010110110010001001001110011 
10010011001010011100011010011011100100010000111111001101010111111010010010110011001000111011111011101001100111101101100010111111101101110001110110000101010111100101101010101111001110100111110110001110011011101101011111110111001011111100110010011000001010110011001111111101101110100111110100011001011111011001010001111011100110010000101100101100001101111010001011010011101110001111101110100111001010000110100011111001101001011111010011000001111111010101101111001110101010000110111101110100010001000110111111110001 
11000111100101111001101110100000011100111110001111101110010110111101110000111001110110110100100001000011001010111011000001100111110100001100110110100011110101000001001010100010111111111100111111001000011011110111101000110101011010111000010110001000110001001011111111001001101011111000011011010100110000110111001000010100010000101110110000110001101011101010101110110111100111011011110110101100010100110100101111010001010101011011111000110010111001011000010001110110001010000110111111111000100110101011100011110111 
00100010011101010110000110110011101011010001011100110000100110010111110000010111011100101000100011001010101111110000110011100100011111001011111000101011101100101000111101001011100001100001000111001011110111001011100101101101011011011010100010001101110110001010000011111011010111111100011010010000010011101101100001110011101100001100000000011111111100110001010111001001000001101001010011011001111000111111111110001011100000001010001101000110101010111111000001100000111011001010111001110000011100011000010100001011 
00101111000110010110010100010101011000001010111010100111011011100011001100011010111100110111110010101101110110111011101011111000000011111110010011000100101111011110110001100001001010011000000000100001111000000001000000010011111110001001111100110011101011000011010111110010110101011100000010000100011011101011001101001101010110110111101011011001010111111010100100101110100110001010100110111100110111101011000011100001111110100000110001101011101001101010100001011110110100101100101101001010111101001001110100111011 
10010110000100000000001000100100100100011110000011010011110100010010000000000110011011011001101011011001000100111100010001010100101100101001111101101011111011101001110110000111110110000010111110011000011111010111001001000101001010000101111011100110001101101110001101001010110111010001011111100110111101100110101011000101111010001111001101010110110101111110001100010110011000100011010101001100110111100100101100001010100111010011011010101001000101011011111100100101111111111101010000110101110001100111001100111101 
00101111000110010110010100010101011000001011010100101110001100100100110100110110001101011110001000110000101001000001100100001101100011110000001100100101001101110110000101000011001001010101000000010001000100101001001101111001111111001000111101100000011001001101111001001001010110000010111011000011111011010010101000111011100100001000110110000010010111000000000101100000010101110000000010100010010100001000101011000001100101101001110101101100111110010000110000000001000111100010101110000011010000010001110100010001 
10010011001010011100011010011011100100010000111111001101010111111010010010110011001000111011111011101001100111101101100010111111101101110001110110000101010111100101101010101111001110100111110110001110011011101101011111110111001011111100110010011000001010110011001111111101101110100111110100011001011111011001010001111011100110010000101100101100001101111010001011010011101110001111101110100111001010000110100011111001000010111000011101001100011111001000101011000001001011011110010101001100100010000011010100001001 
00011100010011101000110110010010010001110010001001110000100100101101010011001100101111111010110001001000000010100100100000011010001000101101000110101000110011101000101100101011010100000111111111010001000011000111010010100101001100101001101001101000110101000010100001000001000011100011011100111100110011100000100100111110001100100110000111001000010111001010010011100000011111000111001001010101011011101100111111001001010110001010001101110001101000011000100000000111100010101100001100111101001100101100101010100011 
01100110000000010010001000010010011101000000101000101111100010110100001100110011100001000111111110010100100110111011101010000000011100110110100100001011011011110100000000110000101110110101000110000000000101000011100010011011110111101011110000010111011011101101000011111100011010110001101111101000010100001100100110100010010110010110011001100000111010110001001111010111110001011111000001010111001100100111000010000100011010100101110010001111111011111000001100001100100001100001011001001101110100111110001101000011 
10110001100011000000011101000001100011100010111000011110110100001111000000010110011100101101101110000001100100101100010011100111110100110101111000010010001011010001010011011001010111110001101110001001101011101110110011100010101111101101101011001100011011101010001000001000001110100001100011100110001001100010000011011000111110110001100111110110001010010110000001101010111010010001010101101011110000000010101110010010010100100111001100001100010010000001100011010100001011000110111001000010110110010001001001110011 
01100010111100101101111000100011001111100101101000000001111111111011111110101100011100100100100101111011111111001001100110000101001000100101010101010101101010000010110011101101100011011011010010111100011100001101010010101101110100100011011001100010100001111011011011001000111101010111001111011101010110101001111101101110100100111010110001110110110110000101110101000010000010111101010101101100011001010101100000101010010001111110000000010101100101010001011000011011111111100010010101010010111111011000000110001101 
10010011001010011100011010011011100100010000111111001101010111111010010010110011001000111011111011101001100111101101100010111111101101110001110110000101010111100101101010101111001110100111110110001110011011101101011111110111001011111100110010011000001010110011001111111101101110100111110100011001011111011001010001111011100110010000101100101100001101111010001011010011101110001111101110100111001010000110100011111001000010111010000010000101111110010001010011110111011011001100101101001010111101001001110100111011 
10110110110111111010011011111110011101001001000111100000110101101001001101101001111000011100111011101001100111101101100010111111101101110001110110000101010111100101101010101111001110100111110110001110011011101101011111110111001011111100110010011000001010110011001111111101101110100111110100011001011111011001010001111011100110010000101100101100001101111010001011010011101110001111101110100111001010000110100011111001000010111010000010000101111110010001010011110111011011010101011010011011001001001101110111101111 
01100110000000010010001000010010011101000000101000101111100010110100001100110011100001000111111110010100100110111011101010000000011100110110100100001011011011110100000000110000101110110101000110000000000101000011100010011011110111101011110000010111011011101101000011111100011010110001101111101000010100001100100110100010010110010110011001100000111010110001001111010111110010111011001011000101111100101100011011001011001001011101110110001000101101010110110111011001010001100100010110110000100011111011111110001001 
10110001100011000000011101000001100011100010111000011110110100001111000000010110011100101101101110000001100100101100010011100111110100110101111000010010001011010001010011011001010111110001101110001001101011101110110011100010101111101000001101000100010010000111110010010010110100101000011100101000101011011111111011011000000000100011001011011011110000000011110110011100010101011111000001010111001100100111000010000100011010100101110010001111111011111000001100001100100001100001011001001101110100111110001101000011 
10001110111101000010011001000110001111110000100001111110100000110011111000011111101011001011111010100000001111111101110000101011110100101001010111100111011001001101001001111001000000110011110101101001100001001011001011111110101111100010100100100111000110101101101000111101001001110011111110011111101010100001000111111010111001100100100011110001100000110000011110011011110100011000001001100001101001101100111111001001010110001010001101110001101000011000100000000111100010101100001100111101001100101100101010100011 
01110011100111101000000010001000101101011001111100100100100101000001001010100000001101010100001001101101101011101001000100111001010101111000100111111011001001011011001010010000111110111011100110101111101001110011010101001111101110001010010011101110100000101011100110011101110100111110001100100011110111101101000110001010110000101010100011011110001101011110100101110000011110000001111010010110111111111010001111101101000110010011011100000001011000100110010100000011110011000101101111110111101100100110000100111111 
10110011001010011100011010011011100100010000111111001101010111111010010010110011001000111011111011101001100111101101100010111111101101110001110110000101010111100101101010101111001110100111110110001110011011101101011111110111001011111001001010100010010101001101111110000001100010111100110001101000001101001011111010111010111000011100010101111111101010110101000001001100101100000000011011110000011000000110011101100000110111110110111010000111011010100100101100111111001000110010000100101101101001010011111100000011 
00000101000111101011011001000100100111111001001000000110100011110100111100010000101010011110001101000100000111101111111100110001011100110111010000011100111101111110001001110100100011100011001010100101001000010001010101000100111100000011000111001111001110111011000110110010111101101101011011011011000011010110100000010111001011111011110001110001110001111000111111111011010000101100000011000110001110100111110110100000100111001010100100001010001110110100100001110011101011011000010100101011010110110101111110010101 
11011001100111000111100010010110110110000111010100101110001100100100110100110110001101011110001000110000101001000001100100001101100011110000001100100101001101110110000101000011001001010101000000010001000100101001001101111001111111001000111101100000011001001101111001001001010110000010111011000011111011010010101000111011100100001000110110000010010111000000000101100000010101110000000010100010010100001000101011000001100101101001110101101100111110010000110000000001000111100010101110000011010000010001110100010001 
10001111010001111101000100110001110100000011010110110000100100111101000001110000110100111000110011111011101001010111101100111001001001010111110100100010100010111010111001101011010100011001010110100110111101010101010100100111110010001010011101000011101010000001000010010110010110111100110111000000001011000101010101010100110110001010001111010011011100010110101100110100111111101101111001000101011011000110011000001001110111101000011101001100011111001000101011000001001011011110010101001100100010000011010100001001 
00111110101010100100100100001101100000011011000111111111110011011000100101100000101011001000111011101001100111101101100010111111101101110001110110000101010111100101101010101111001110100111110110001110011011101101011111110111001011111100110010011000001010110011001111111101101110100111110100011001011111011001010001111011100110010000101100101100001101111010001011011001101101110001001011000101011000111010111101100101000001011100100011100011000101001010000101110011011000011100010011111111101011110111011010101101 
11011000010110101000001101010101100100110001010000011110110100100010101111010111101001101001001001110001001111100010011010001011110010000100101111111011011001000010110000101111000111110101011101100100110001101011010011101111110100111111011000010011101011111110010111001001110110111010000111110100010100010111110011000000110100011001110100110101000000000011010001110100101111101101000001000111101100100000101111101010000000110000011110111000101101010001100100110100110011000000001100010100001000100111001101111101 
10110110110111111010011011111110011101001001000111100000110101101001001101101001111000011100101101111010111110011010011011110000001010001011100010111001100011000110010111100101100000010100111010001101110110100101000101010110101100101000011110110000000110000101011101011110010111010110011101000010000110001101110110111001101101000001010101110101001110010111100011111101100101010101110100001100001101101011010111011101001010011111010111011101010111100111010101111011110111011101101000001100001000000110010000001101 
10000111111011011010101000110010001001111000000000000110110011110010110111111011011111101100011110000011000111011110101000100101101010010101010010110001000101111101110000100110100011011001001010110101111111111111011010110010100111000000010000111110111111111000000101011011000001100010000100010110111011110110010001011110011001001110001101100011010001010100010010111100110011000010111010010111011100111101011001111000010111010000110100001010000111011111010000110110000111100010101110000011010000010001110100010001 
10001110110111011110010111110111011111001001110000011101110110001000000000011001110000000110011010000101110010101010101001010110101101011101010101000010011101001001110100010100011010001111010011011010100101000000000000011101101011011101100010001011101110010101010001011001111100010011001000010001001010100101011100010000101000111101011011000010010111000000000101100000010101110000000010000111110010111111001100010100011011010100110101000001100000111001001001000110111101010000011100110001100111011000000110001101 
11010001111000111100011010011100000001001011101000011110010000100000110111001111001001111100010101100100111011000001100111001101110101100110011010110111001101000001001100100100011110010000001110100111110111000011100010101000011101110001010010101001011001010110101011101101001101100001000011010111001001001000011111100110001000011011111101001000100010111110001011100101110111110101101101001011110000010000110001101000010101100100001000000010111000011000001100001100100001100001011001001101110100111110001101000011 
00011100010111111010011011111110011101001001000111100000110101101001001101101001111000011100101101111010111110011010011011110000001010001011100010111001100011000111010111011000010100111111011010001001001011101010111011001011000000001100011111001010011101011001100111000100100100111110111111110011101001110001011110000110111001000111101000101011111110111000111001001101111010100011111101100010010100001000101011000001100101101001110101101100111110010000110000000001000111100010101110000011010000010001110100010001 
00111111100011011010100001010101011111101001111110010111110100110100101010101111100101110110001001101110011010011011110010000000001101000100001010001010101011111101110101000010000111000001101111011111001001101011011100111101000010101001100011010100111100010100000110010001111000111100011110101010000110001110011110100000011001100000101000010100111010110110010101011010000101001000000110111100010100111100101101110101111000101100100111010110101101110001010000001000100001011010010011100111000111110000011101000111 
00011100010011101000110110010010010001110010001001110000100100101101010011001100101111111010110001001000000010100100100000011010001000101101000110101000110011101000101100101011010100000111111111010001000011000111010010100101001100101001101001101000110101000010100001000001000011100011011100111100110011100000100100111110001100100110000111001000010111001010010011100000011111000111001001010101011010010101111000011110100000000100101111000111001110101001100100101001110001001001101011100100010001000110111111110001 
10010011001010011100011010011011100100010000111111001101010111111010010010110011001000111011111011101001100111101101100010111111101101110001110110000101010111100101101010101111001110100111110110001110011011101101011111110111001011111100110010011000001010110011001111111101101110100111110100011001011111011001010001111011100110010000101100101100001101111010001011010011101110001111101110100111001010000110100011111001000010111010000010000101111110010001010011110111011011010101011010011011001001001101110111101111 
00110000100000000100100011001100100110110000100111100101100110001111111110111100101100001111110011010010000000010101100100010011110011011010101000111101011000000100101001110101110110100001000011100111001010110100111010100101100010101011000101101011010001011011100100011010011001011110000000101101100101101100011001100101101011000111001000110111010111000000100100000100000010111100111111010100111110001011110101101100010111101000100010000100111011001011001010000000011111110000111000111100111100100011010110100011 
10110110110111111010011011111110011101001001000111100000110101101001001101101001111000011100101101111010111110011010011011110000001010001011100010111001100011000111010111011000010100111111011010001001001011101010111011001011000000001100011111001010011101011001100111000100100100111110111111110011101001110001011110000110111001000111101000101011111110111000111001001101111010100011111101100010010100001000101011000001100101101001110101101100111110010000110000000001100100111110000111001101101010100011001000010111 
00011100010011101000110110010010010001110010001001110000100100101101010100110110001101011110001000110000101001000001100100001101100011110000001100100101001101110110000101000011001001010101000000010001000100101001001101111001111111001000111101100000011001001101111001001001010110000010111011000011111011010010101000111011100100001000110110000010010111000000000101100000010101110000000010100010010100001000101011000001100101101001011100000001011000100110010100000011110011000101101111110111101100100110000100111111 
10110000010110111001011100111110110110000111010100101110001100100100110100110110001101011110001000110000101001000001100100001101100011110000001100100101001101110110000101000011001001010101000000010001000100101001001101111001111111001000111101100000011001001101111001001001010110000010111011000011111011010010101000111011100100001000110110000010010111000000000101100000010101110000000010100010010100001000101011000001100101101001110101101100111110010000110000000001000111100010101110000011010000010001110100010001 
10001111010001111101000100110001110100000011010110110000100100111101000001110000110100111000110011111011101001010111101100111001001001010111110100100010100010111010111001101011010100011001010110100110111101010101010100100111110010001010011101000011101010000001000010010110010110111100110111000000001011000101010101010100110110001010001111010011011100010110101100110100111111101101110101101011110000000010101110010010010100100111001100001100010010000001100011010100001011000110111001000010110110010001001001110011 
00000101000111101011011001000100100111111001001000000110100011110100111100010000101010011110001101000100000111101111111100110001011100110111010000011100111101111110001001110100100011100011111000111101000001001100101111110011100110000001100100111010000111000001110011001110100010001010001001101111101110010001110111110111001011111011110001110001110001111000111111111011010000101100000011000110001110100111110110100000100111001010100100001010001110110100100001110011101011011000010100101011010110110101111110010101 
10110110110111111010011011111110011101001001000111100000110101101001001101101001111000011100111011101001100111101101100010111111101101110001110110000101010111100101101010101111001110100111110110001110011011101101011111110111001011111100110010011000001010110011001111111101101110100111110100011001011111011001010001111011100110010000101100101100001101111010001011010011101110001111101110100111001010000110100011111001000010111010000010000101111110010001010011110111011011010101011010011011001001001101110111101111 
00011100010011101000110110010010010001110010001001110000100100101101010011001100101111111010110001001000000010000001100100001101100011110000001100100101001101110110000101000011001001010101000000010001000100101001001101111001111111001000111101100000011001001101111001001001010110000010111011000011111011010010101000111011100100001000110110000010010111000000000101100000010101110000000010100010010100001000101011000001100101101001110101101100111110010000110000000001000111100010101110000011010000010001110100010001 
10110110110111111010011011111110011101001001000111100000110101101001001101101001111000011100101101111010111110011010011011110000001010001011100010111001100011000110010111100101100011011011010010111100011100001101010010101101110100100011011001100010100001111011011011001000111101010111001111011101010110101001111101101110100100111010110001110110110110000101110101000010000010111101010101101100011001010101100000101010010001111110000000010101100101010001011000011011111111100010010101010010111111011000000110001101 
11000111100101101000110110010010010001110010001001110000100100101101010011001100101111111010110001001000101111101101100010111111101101110001110110000101010111100101101010101111001110100111110110001110011011101101011111110111001011111100110010011000001010110011001111111101101110100111110100011001011111011001010001111011100110010000101100101100001101111010001011010011101110001111101110100111001010000110100011111001000010111000011101001100011111001000101001110110001010000110111111111000100110101011100011110111 
00011100010011101000110110010010010001110010001001110000100100101101010100110110001101011110001000110000101001000001100100001101100011110000001100100101001101110110000101000011001001010101000000010001000100101001001101111001111111001000111101100000011001001101111001001001010110000010111011000011111011010010101000111011100100001000110110000010010111000000000101100000010101110000000010100010010100001000101011000001100101101001011100000001011000100110010100000011110011011101101000001100001011110111011010101101 
00001000011101100100000000110110110111111011011100000110011100000011110011100111001011101011111010100000001111111101110000101011110100100001110110000101010111100101101010101111001110100111110110001110011011101101011111110111001011111100110010011000001010110011001111111101101110100111110100011001011111011001010001111011100110010000101100101100001101111010001011010011101110001111101110100111001010000110100011111001000010111010000010000101111110010001010011110111011011010101011010011011001001001101110111101111 
00011100010011101000110110010010010001110010001001110000100100101101010011001100101111111010110001001000000001000001100100001101100011110000001100100101001101110110000101000011001001010101000000010001000100101001001101111001111111001000111101100000011001001101111001001001010110000010111011000011111011010010101000111011100100001000110110000010010111000000000101100000010101110000000010000111110010111111010110100000100111001010100100001010001110110100100001110011101011011000010100101011010110110101111110010101 
