01101101101100011111110111100010001010111111011000100100111111001000111001111000011101010110010001000011000000100011110101111110000011111010001100101011111011110000110101010101010111011101000010011010000001000111100000100110110010100110111001111100100100011010111111010010111001100111010100011000011010111101010010001101011100111110111110001001111011111001001101110010101001110111001110000101010110101011010111110110111001110111011000110011101111011011101100111010101111010101101100110111101011001100100110111111 
00011001110000100111111001110111011001001010001101010101110010000000101100101010111010000011010000100111001111110111011000000100001101001010101111101101010010100010011000111011110010111010100000011001001100000101000000010010001000111100000010100001110100001110100000110110010110010110100110101101100000001010001000101000010001001100000000011110000001100111111000010100101010110010110001011111001111001001110011110101000010000110001010101101000101001101110110000000010001100001010111010111010010001010010100000001 
00011001110000100111111001110111011001001010001101010101110010000000101100101010111010000011010000100111001111110111011000000100001101001010101111101101010010100010011000111011110010111010100000011001001100000101000000010010001000111100000010100001110100001110100000110110010110010110100110101101100000001010001000101000010001001100000000011110000001100111111000010100101010110010110001011111001111001001110011110101000010000110001010101101000101001101110110000000010001100001010111010111010010001010010100000001 
01101101101100011111110111100010001010111111011000100100111111001000111001111000011101010110010001000011000000100011110101111110000011111010001100101011111011110000110101010101010111011101000010011010000001000111100000100110110010100110111001111100100100011010111111010010111001100111010100011000011010111101010010001101011100111110111110001001111011111001001101110010101001110111001110000101010110101011010111110110111001110111011000110011101111011011101100111010101111010101101100110111101011001100100110111111 
01101000011001111011011001011111000111101010100110000000000111101001000111000001100100001010010000001010000111001100000101010111111101000000100001100100100100100001010011100100001101011101101011100110100010010111010000010010110000000000010111111010001001010001000000110110100010110100111010010011100010101110100110101111000000100100011001101011000110011111101001001000100011000001010100101000100001111011010010010100111011101000111000001011001000100010111100001010111001101100010111011000101000101100001010111011 
01101000011001111011011001011111000111101010100110000000000111101001000111000001100100001010010000001010000111001100000101010111111101000000100001100100100100100001010011100100001101011101101011100110100010010111010000010010110000000000010111111010001001010001000000110110100010110100111010010011100010101110100110101111000000100100011001101011000110011111101001001000100011000001010100101000100001111011010010010100111011101000111000001011001000100010111100001010111001101100010111011000101000101100001010111011 
01110110000110111001011000000101000110011000101110110001110010000001001000000110110100100101110111000111011000010000001111111110011110101100010000110100101000011011110010110111010010000011011100011100110001011011101000100111011110010001101001011010011001100010100101100000110101100100001000001010011110110001010111010010001100010010101100110010011000001000100001100101000110101001110001110010010000010100000001011010101111000001110001000010101101110110110001100100001011011001011000000010001111111110100001111110 
00111001011011110010100111010010110111111111011010111011000111110111001010000011110111001110111010010101111011101000010000011100111100100110110001111100111101111101010000010000111111001010011010111111010000111110000100100100110100111100101100010111010111110100101100010010001100100011101110000101011111111010111010000000111010110101001010011101010011000000110111101111010011101010110101011011100111100101111101011010110011111011111011000001111010000111101001101000001001001010010011000001110010010100111011111010 
01110110000110111001011000000101000110011000101110110001110010000001001000000110110100100101110111000111011000010000001111111110011110101100010000110100101000011011110010110111010010000011011100011100110001011011101000100111011110010001101001011010011001100010100101100000110101100100001000001010011110110001010111010010001100010010101100110010011000001000100001100101000110101001110001110010010000010100000001011010101111000001110001000010101101110110110001100100001011011001011000000010001111111110100001111110 
00111001011011110010100111010010110111111111011010111011000111110111001010000011110111001110111010010101111011101000010000011100111100100110110001111100111101111101010000010000111111001010011010111111010000111110000100100100110100111100101100010111010111110100101100010010001100100011101110000101011111111010111010000000111010110101001010011101010011000000110111101111010011101010110101011011100111100101111101011010110011111011111011000001111010000111101001101000001001001010010011000001110010010100111011111010 
01110001101001001110110011010111001100111101100000000010110000000111111011001111110010000001101010110001111001110000110111001001110000111110010111111011111001111101110000101111100111011111101000001010111111101101011000000110011100110011111011100110001100010100111010001010010101011110000011011000000111000001110111100111110000010111010100000100101101111011111111001111010010100111101100001000111111010000010011011001110101100010011011101001100101101101001101001110100011111110000111010111001111100101001000101110 
01110001001101110111001100010100111110001000101110101001010111111000011000010111100011011000101000111010001101001011101001000011011100000011111011001010101111110010100011110010100101011011101011101110111011101110000001100000001110010110101011111110001000111000010000111100010111011010110101100111111001010111000010111011001101001100111101010101001101101010111000111111111110101110100111100110101110011101101110111000011100011100001001001011100001000011100111001000011010011111111100001110111110110011010100011111 
10101101101011110010001110111000010100111111011111011110000110111011101010111000111100111001101001011111000100101110000011010011110100001110111001000011100001011000011111111010011110110001001110110000001101101011011001100001010111000111101101111011010010011001011101001111011001010011100001100100100000010001000010011111100011110111100110010111110011000000101100111100111011000111110010010110111001010100000011111010101111000101100010010110011101101010111010011100110101110010101000100011010011100101110101100011 
01110001001101110111001100010100111110001000101110101001010111111000011000010111100011011000101000111010001101001011101001000011011100000011111011001010101111110010100011110010100101011011101011101110111011101110000001100000001110010110101011111110001000111000010000111100010111011010110101100111111001010111000010111011001101001100111101010101001101101010111000111111111110101110100111100110101110011101101110111000011100011100001001001011100001000011100111001000011010011111111100001110111110110011010100011111 
10101101101011110010001110111000010100111111011111011110000110111011101010111000111100111001101001011111000100101110000011010011110100001110111001000011100001011000011111111010011110110001001110110000001101101011011001100001010111000111101101111011010010011001011101001111011001010011100001100100100000010001000010011111100011110111100110010111110011000000101100111100111011000111110010010110111001010100000011111010101111000101100010010110011101101010111010011100110101110010101000100011010011100101110101100011 
01001011010010100011000010110001010010010010001110001010101100101011111110001100011100101101010001000001100000101111000100101001100010110011010000110101000011110011011101111110000100000100001011111011010010011001000010101011101011000000110011111001111110110000000010111100011000000100100101111001001000010001011111110101110001111001000100010100100011101001111110000101000111111110100001010101011001111101100101000001000001000101101000100101100010001010110101010110010000011011100111111011010010111100110111100111 
11101010001011011010010100110111011101011101000011111000111011111100010111101111110100111001011100001110011101011100111101100011101010001110010101011011010000011010110110010001000101100010011000010011000000111101001101011011010100011010100010011010000100101011000011001111101101100111110001111001111000101111011011010011010010100110111110010000000011001101000001100101011000010010011000110010000011001101101111111101111110110100000101100110110110100111110011110110110101111011110111001011100100000000110001101111 
11100101101110110011000111000000100111100101100000101110000001111110111100010111010111011100110010000001001001000000001101000011001101000110100110001100000111111010011111000000000110110001110100110100101100100101110000111110111000011110001100100100000000010001110101010110000010010000011011100011110110101100000000100110010000001000001111101110011011101100111111101111101100100000101010111101011000101100010000000011000101011110010001111100100001111000100100001000111110100110100011101110011100011101000010011111 
01110001101001001110110011010111001100111101100000000010110000000111111011001111110010000001101010110001111001110000110111001001110000111110010111111011111001111101110000101111100111011111101000001010111111101101011000000110011100110011111011100110001100010100111010001010010101011110000011011000000111000001110111100111110000010111010100000100101101111011111111001111010010100111101100001000111111010000010011011001110101100010011011101001100101101101001101001110100011111110000111010111001111100101001000101110 
00011101110001110111011011010110000010000001110011011100101111010101010110000000100110111100001110110100101010101000111011000111010010111010010000111100010011111000100111010100100010000010110001101010001101010101010100000110010011001111000000000001100101110100001000000010001101111011011010011010110010111011101110111011001110110100011000100011011001000110010110010000111011011110011100011001001011101110110100010101000101010110100100110010100101100000010000010101001111111001100000010100100010110100010101110111 
11101010001011011010010100110111011101011101000011111000111011111100010111101111110100111001011100001110011101011100111101100011101010001110010101011011010000011010110110010001000101100010011000010011000000111101001101011011010100011010100010011010000100101011000011001111101101100111110001111001111000101111011011010011010010100110111110010000000011001101000001100101011000010010011000110010000011001101101111111101111110110100000101100110110110100111110011110110110101111011110111001011100100000000110001101111 
11100101101110110011000111000000100111100101100000101110000001111110111100010111010111011100110010000001001001000000001101000011001101000110100110001100000111111010011111000000000110110001110100110100101100100101110000111110111000011110001100100100000000010001110101010110000010010000011011100011110110101100000000100110010000001000001111101110011011101100111111101111101100100000101010111101011000101100010000000011000101011110010001111100100001111000100100001000111110100110100011101110011100011101000010011111 
00110000001000010110001111100101001100011000011111110111110000001111011100001010111001000110011100001000111010000100100101010110100011110010110011000101111001010101011000100010001101111011010001100111000011100110011001110011100010101001110101011110110101000100100001001101000100010111101111100100001001110111111111101101001011110010111010110100000111100011100010000010011001100110111010000110111000000001001000100011000101011101111110111000010100010001111100001011100001110110010000011010000011000100101001110001 
00110100101010011010001001101111010010110100100100101101110010100001111000110011100001111001110110100101001010000110110110110011111100001110000111111000101011110000000001001000101011010110001000011000001011001101001101110101010110000011101110111001111100010001110001010110100000000110001001111001101011010011100111101001100010011110011011110000010001000011101100111100100001100110010000000111111110101110100001000111111011100110011101011010111000100100100000000110100001100010100101101100010100100110111101001011 
00000111110110110001011010111001000001101111101010010011110111011111110100101100001011110100001011101101110010010011011110100000111111001000000110101111000001001011110010000110011100011111100001010011110011111110111001110010110111000001110100101110000000010001010100111000111111001001110101111110001001001010001101110000100010000000010101100101001000101010110010100001010000100001000101011010000010110111001001111001001001010010110001010001110000110001001001101100100011110111100011000111010001111111100010101101 
10110010000010011100010100011111010001000001100011101110011001111101000010000011100101100110010101111101001011000100010111001110011011001001001001100111001101101010111110011100001110010001010100100000000010001010100100000100011010011110110011010001010110001111110011101110111001101000000111101001101101000001110110111010010100001010101100010111011000000001101100100001010111100110011010110111011101000000110111111001111111101001011110101110110011001010110110000010100111111110000011000011000011001000111101100101 
00111110110001111100111001000111110000010101001111101110011011001000011101010010011001101010110010111110000101010111000000011111111000001011001000011010001110110111100011101110101001001101100000101111000111001111101100110111111111000010010111101001100001001000100001100001000001000101101111010011110111011010110001001010100111101010101001011000100100101011101011001010100011000101010100110100011100100110011101111001000011010110110110101011001011011100000000101001011000100111001100001000000001110010111100101001 
10100111001010101101100001100111000100010111000101010101111001101011111111001011001010011011001001001011101101101000100111101101010110101011100000101001000000101010000001000101011111111001101000011100110111110110000001000101110001010010111010101001010101110001111010111000111111000111010000110101100110010101011111010110111010010010110101111110010011111001010111001101101010001110101100010000000111100001000010000000010001010000001111101111110010101110100000101010110101100001010100001110011100111010111001111011 
11110010110100101111111001101111011100111000101000010111110100011011010100101000001110001001010101101001110110101001001010100101101001111111110000100010011101111000110110111010001010001101110111110000110001000010011111001101110100100001111000000111101010000100110010110111100111110001001101011101110111001100111001001011110010111010000110010001000111011100111011111011000011111100001111100011110110010000011001010000101110100001011001010011001101000000000010001111001111101111101010101001101101011011001110001111 
11000010000100111111011100101010011001000010110011101000101010111111100111111101110101011000110111111001101011000010001110000111010010111110110001111110010101111011000101000111100101100100011001100010011111100000101100011001010011010000001000110001111001001000110100110010100010111100110101100101110101011001001110001111101001010111100011100010101000000001110100110011000011111101001101101100011101100001101111010000110001011000111101100111110011010111110010000010110010110100001000000000011011100001100011001001 
10011100011010011100000011001000011001011011101110110001000101110100101101100010111001111100000011000101000100101001000000111110010001000101101011010100010110001001101111101001011101000110001000101011000010111111011111100111100100101111010110110101110011110011111100000011111010110010101000111101100001101101000001101011011000100111110111001111010000100011101111101101010110111100011000100111000111111011000100011100011010011001100101100101100011101110011110010001000000010001111111110001001000001111011101000011 
10010001101100110000100110100101101010101011111110001111111000110000101101110010000011111101011011111010100011011111110000111101110011010011000101011100101101010101100001110001000011010100100100110000101000100110100000110010110000110000011011010100100100010110000000100001010001101100111010110001001011100100000010010011011100100000011011101000001101100111000011000001111011100101000011100000000101001011000100001010111111100101000110110111100100001110011001000110001010101001110001101000101101000010111000000011 
10110010000010011100010100011111010001000001100011101110011001111101000010000011100101100110010101111101001011000100010111001110011011001001001001100111001101101010111110011100001110010001010100100000000010001010100100000100011010011110110011010001010110001111110011101110111001101000000111101001101101000001110110111010010100001010101100010111011000000001101100100001010111100110011010110111011101000000110111111001111111101001011110101110110011001010110110000010100111111110000011000011000011001000111101100101 
00110100101010011010001001101111010010110100100100101101110010100001111000110011100001111001110110100101001010000110110110110011111100001110000111111000101011110000000001001000101011010110001000011000001011001101001101110101010110000011101110111001111100010001110001010110100000000110001001111001101011010011100111101001100010011110011011110000010001000011101100111100100001100110010000000111111110101110100001000111111011100110011101011010111000100100100000000110100001100010100101101100010100100110111101001011 
00111110110001111100111001000111110000010101001111101110011011001000011101010010011001101010110010111110000101010111000000011111111000001011001000011010001110110111100011101110101001001101100000101111000111001111101100110111111111000010010111101001100001001000100001100001000001000101101111010011110111011010110001001010100111101010101001011000100100101011101011001010100011000101010100110100011100100110011101111001000011010110110110101011001011011100000000101001011000100111001100001000000001110010111100101001 
10100111001010101101100001100111000100010111000101010101111001101011111111001011001010011011001001001011101101101000100111101101010110101011100000101001000000101010000001000101011111111001101000011100110111110110000001000101110001010010111010101001010101110001111010111000111111000111010000110101100110010101011111010110111010010010110101111110010011111001010111001101101010001110101100010000000111100001000010000000010001010000001111101111110010101110100000101010110101100001010100001110011100111010111001111011 
11000010000100111111011100101010011001000010110011101000101010111111100111111101110101011000110111111001101011000010001110000111010010111110110001111110010101111011000101000111100101100100011001100010011111100000101100011001010011010000001000110001111001001000110100110010100010111100110101100101110101011001001110001111101001010111100011100010101000000001110100110011000011111101001101101100011101100001101111010000110001011000111101100111110011010111110010000010110010110100001000000000011011100001100011001001 
11110010110100101111111001101111011100111000101000010111110100011011010100101000001110001001010101101001110110101001001010100101101001111111110000100010011101111000110110111010001010001101110111110000110001000010011111001101110100100001111000000111101010000100110010110111100111110001001101011101110111001100111001001011110010111010000110010001000111011100111011111011000011111100001111100011110110010000011001010000101110100001011001010011001101000000000010001111001111101111101010101001101101011011001110001111 
00000111110110110001011010111001000001101111101010010011110111011111110100101100001011110100001011101101110010010011011110100000111111001000000110101111000001001011110010000110011100011111100001010011110011111110111001110010110111000001110100101110000000010001010100111000111111001001110101111110001001001010001101110000100010000000010101100101001000101010110010100001010000100001000101011010000010110111001001111001001001010010110001010001110000110001001001101100100011110111100011000111010001111111100010101101 
00110000001000010110001111100101001100011000011111110111110000001111011100001010111001000110011100001000111010000100100101010110100011110010110011000101111001010101011000100010001101111011010001100111000011100110011001110011100010101001110101011110110101000100100001001101000100010111101111100100001001110111111111101101001011110010111010110100000111100011100010000010011001100110111010000110111000000001001000100011000101011101111110111000010100010001111100001011100001110110010000011010000011000100101001110001 
10011100011010011100000011001000011001011011101110110001000101110100101101100010111001111100000011000101000100101001000000111110010001000101101011010100010110001001101111101001011101000110001000101011000010111111011111100111100100101111010110110101110011110011111100000011111010110010101000111101100001101101000001101011011000100111110111001111010000100011101111101101010110111100011000100111000111111011000100011100011010011001100101100101100011101110011110010001000000010001111111110001001000001111011101000011 
10010001101100110000100110100101101010101011111110001111111000110000101101110010000011111101011011111010100011011111110000111101110011010011000101011100101101010101100001110001000011010100100100110000101000100110100000110010110000110000011011010100100100010110000000100001010001101100111010110001001011100100000010010011011100100000011011101000001101100111000011000001111011100101000011100000000101001011000100001010111111100101000110110111100100001110011001000110001010101001110001101000101101000010111000000011 
11001111100100100011011100110010110010011001101110010001011001111000011011011010010100010101101111011001010111000010110110101001111000101101010011100110010000101101101110001011110000011111010111110111010000101000111110111100110110010011001110101111010111010111001010101101101001001100000000000101011000101100110001111101101110010000000010100111001110100111111010100110011001011111000000100100100011110010001110011100100000100000111001100001011101100110101111111010101010000000101000000101111111000011110001111111 
10101110111101100110100100001100000101110010100110011100101001111110110110110101000111001000111001110100110111100111111001000110011010000000111100010011100100000000001101111000110110010000010001000110010011010111100110001000101010110001101111011001100010111111100101011001101111011110110101100011001000001010010111111111100001110011000101010100001100111100000010110000011000110110001111001011010011011001011001100011010010111100101111111011001111110010000011000100110001001111000110000010001111000011010111011011 
10101111011011011010111000011000000011110100010110100100001001100000101101011001001001100100000100111101100011110100011010110110001111000011100100110000001010001011111100000010111010101011110011011010111000001001100111010101100110100101100111001011000011110111010010111000001010110100001000010111101101010000100001011001001110100010100100010011000010000100100011010000101111000110011011110001001010011110100010100001001101011010101110000000101010100100110001001111000110101101011001010001010100110101001110010111 
01000001000010010101110111011101000110001101010001001001000010100100111010011000011001001100100010001101010011010011011110110010110011001101000100100010000111010011101101101110010101111110001111101010011000000111110110001111100010111011110101100111111000110100011111110001110101100001111110010011011100001111001110010101110101001101000101001011100000000001110000011010111101110100100100100000100111011110101100000110010001110010010100011111100100110001011011101011000011010010000100101010111010011010011000101111 
01100001110001000001111100101101001100001011001100101110110100011100010010100111100100001111111000100010011011111010011010101010101001111000011100111111100110001010011010100110010001010011101001010100111001110101110101100011001011110111100100000001011001110110100000010001101011101011011111111111101011101010011101111110000011111101011001011001001000100111001010101111000000110011011100000100010100011001010111111010010011010001101010100110110001011100000110100011111001001001100100001101110110010111101110111111 
01100000011111110010000000010010110011011001111110000001110000011011010000010101111111000001010101101101000110001011110000100010101110110010010011110011111110100011101011001001000010001011000101110000010000101110111100111010110000101110111110100101000001100101000100001011000011000100011110000100111011000011010000101111000000000111000100011001001110100000011110001011111111000111100111110111110111110000011000010110000011110111000000110101101101111010101110100001111001010110101011101001010000001011111100101101 
00011011001111110110111000000011000110110101001100011010000000101011010010100101111110011101110110010110101110001110001101011011011000101001011111101010110001001000111000000101100111001010001001100010101101001000011110111111110011010101101101001010011111110101110110001100001011110101100001011010100011010010110001101000010110111010111000100000011001011000110110111110101001010000010111101101011011110100010111000010011111111001000011010110110100111100011100101111100011011100011111110011001110011100001110000011 
11010010010001101010110110111011110101000011010001111010111001110110101111010000110110011011001011011110001001110110111100101000010000011010100001100001000001110101111011001100000100011001010111101010010110110100011010101110000001000110001010000111001101110010000100110101000101001001001001111111001000010111111000011010111100010010110000001110111100010101100110110101100011100000010110101101000111011111001010000101100101111100100010000011110111001111100000101100001011011110101110101001011100001111111100010111 
01010111100101110000011000000110101100010011001111100100100001111101011100111101011111111010110101101110001110101001110000111011101011000101000101000100110000100100011001010100001000010001010010100011110011100011011001101010111000100110010110001000100100000000011010001101100000111101101000101010111000110011001101010011110110110010000111101111000111101010010011011100011000011100001000010010011001000000101000110101011100001101000100001001011101001110000111100101111100000110110001100100000011101000001000111001 
11110001111011110110001101110101100101101110000100000111111010011001101100110001000110101001101111001000001100000110000111010100100100111001010100111000010111001101100100101011111010111101100100000111011111001001111100011010010011101110111010001011110111111000001101110000000010011100110110010111110011001100101001000111101110011010000011110101101010110100011110110101110010111010011100001101101011011011110001001011001000111101111011010010001111000001101000000110110000011010101011000101010101010101111011010101 
10101000010001011000010101110011101110000111000001000001110010001110110100101000011011100001000111101111100011101110010000110111010010100100111010001000100110010010100101101011110011011101011110110100010001101010010001010110000000011011000101001111001011000011010100101100110000000111111110111000011011010101110011011010010000110010100110101011011100001100101000001100011110000101001110000011000010101011101100101100111001001010100001100101000111001000011000100000000000000110111100010011011111010101111000001011 
10110001101111010010011100001110011101011011111110100001101101101101001011011000000100100111001010101011001100111111101001111000010110110001000100011010001100000100001011000010110010110111000001001111111010110001111110011100011101111001010110110101000001000001110110010100011110111101111000110000001010100111101101011110101011010101011000110001110011110101100100000110100001011100000100011011011000101101000100011111010110110101010001110111101101001100110110001100001000101011101010001111010111110010001111101101 
10000000001010001110101101011110100111010010000111101010010111001011001001100000010101011001011011101100111100100000111010011000000100111110111110101010010101111100001110010000111101111010111010101001000011000100111101010111011000010101111000101101000010010111011001010010001001000000001011101100101000000111010001111001101100111100110001110101000111000010001001011000110100000000100101010010101110011010000011010111010010000101101111110001010011100010110010100111100001100001101000101101101001010100000000101101 
01001101111111101001100010000000011101101101010011010110110110101000111000101000111110101110001101101000001111010101110111111011011000011000111000000011111101001110100001011001011010110111011110010101111111110010010110001110000011001000010101110101000010010000100100010100011001111111000000100111111011010100010010011001001110100100001011101111000000011010100101010001001100100001101010011000010110000000001110100101010000001100100110101000011010001000011000111100011110011110000000100110011000011101010011011101 
11010001100100011010101101111110000101111100110101011010111100101000011000001010001100011110100010101100110110011000111010100011100101010010101001001010011110111001110011011110100100000110011110010010011010101001101100101111001000000000110110010111010111111011001001011001001111101100111001010001001111010010100110101100011110001010001110010000000001101000101110011100000110011101000111111110100111100001101101111110110111101001001001011011100101111110111101001010010010001000100011111111110110000010001111011011 
11111011000111000100010101111000100110111001100000010110001001100001001011101100100011011000110001011101010000001100111111011011011111101001010001010110000111100000110111011101100101111000111100010111010101111011111100001010101100111001101010100111011110010110011101101000100001000100100001001001100110110100001111100111100010111001100011011110101001010100100111101111001011011110100111000101111010110011011110110001111010111000010000011010110110100101100110001010110101010001100110101110100100100000000000101111 
11101000011001111011111111000010011000101000101011100000101001001011011011010001111000011001110111110010101110110000110001101111000001000001101011001111000000101111110000111000000001011100010111011100001100101111000001001000111001011000001001010011100110110001011100011110010110010000100100111101000000010101001011011100011010011001001011111101100011011101001101011111001111001111110000101010000000010110100100101011010101011000111011110010100100001010101101101100010111111111011010111001001010001000000000001011 
11111011000111000100010101111000100110111001100000010110001001100001001011101100100011011000110001011101010000001100111111011011011111101001010001010110000111100000110111011101100101111000111100010111010101111011111100001010101100111001101010100111011110010110011101101000100001000100100001001001100110110100001111100111100010111001100011011110101001010100100111101111001011011110100111000101111010110011011110110001111010111000010000011010110110100101100110001010110101010001100110101110100100100000000000101111 
10110001101111010010011100001110011101011011111110100001101101101101001011011000000100100111001010101011001100111111101001111000010110110001000100011010001100000100001011000010110010110111000001001111111010110001111110011100011101111001010110110101000001000001110110010100011110111101111000110000001010100111101101011110101011010101011000110001110011110101100100000110100001011100000100011011011000101101000100011111010110110101010001110111101101001100110110001100001000101011101010001111010111110010001111101101 
10000000001010001110101101011110100111010010000111101010010111001011001001100000010101011001011011101100111100100000111010011000000100111110111110101010010101111100001110010000111101111010111010101001000011000100111101010111011000010101111000101101000010010111011001010010001001000000001011101100101000000111010001111001101100111100110001110101000111000010001001011000110100000000100101010010101110011010000011010111010010000101101111110001010011100010110010100111100001100001101000101101101001010100000000101101 
00100010110101010010001110111111011000011110001100100010000110110110100101111111101000000001001010101101110101000001100010100011100011000011001110001101111111101011010010101111101011010101010101101001101100010000011001000111001100000011011011001110011110001110001100001011001110010100110000111110111011001001000101110001000111111001000010000001000100110001010011111010100101011111101110010110010100001001101111110010101000110101101011010100100110101111110010101101010000001111110110100010101101101011111001010011 
11101000011001111011111111000010011000101000101011100000101001001011011011010001111000011001110111110010101110110000110001101111000001000001101011001111000000101111110000111000000001011100010111011100001100101111000001001000111001011000001001010011100110110001011100011110010110010000100100111101000000010101001011011100011010011001001011111101100011011101001101011111001111001111110000101010000000010110100100101011010101011000111011110010100100001010101101101100010111111111011010111001001010001000000000001011 
10101000010001011000010101110011101110000111000001000001110010001110110100101000011011100001000111101111100011101110010000110111010010100100111010001000100110010010100101101011110011011101011110110100010001101010010001010110000000011011000101001111001011000011010100101100110000000111111110111000011011010101110011011010010000110010100110101011011100001100101000001100011110000101001110000011000010101011101100101100111001001010100001100101000111001000011000100000000000000110111100010011011111010101111000001011 
11001111100100100011011100110010110010011001101110010001011001111000011011011010010100010101101111011001010111000010110110101001111000101101010011100110010000101101101110001011110000011111010111110111010000101000111110111100110110010011001110101111010111010111001010101101101001001100000000000101011000101100110001111101101110010000000010100111001110100111111010100110011001011111000000100100100011110010001110011100100000100000111001100001011101100110101111111010101010000000101000000101111111000011110001111111 
01100000011111110010000000010010110011011001111110000001110000011011010000010101111111000001010101101101000110001011110000100010101110110010010011110011111110100011101011001001000010001011000101110000010000101110111100111010110000101110111110100101000001100101000100001011000011000100011110000100111011000011010000101111000000000111000100011001001110100000011110001011111111000111100111110111110111110000011000010110000011110111000000110101101101111010101110100001111001010110101011101001010000001011111100101101 
01000001000010010101110111011101000110001101010001001001000010100100111010011000011001001100100010001101010011010011011110110010110011001101000100100010000111010011101101101110010101111110001111101010011000000111110110001111100010111011110101100111111000110100011111110001110101100001111110010011011100001111001110010101110101001101000101001011100000000001110000011010111101110100100100100000100111011110101100000110010001110010010100011111100100110001011011101011000011010010000100101010111010011010011000101111 
10101111011011011010111000011000000011110100010110100100001001100000101101011001001001100100000100111101100011110100011010110110001111000011100100110000001010001011111100000010111010101011110011011010111000001001100111010101100110100101100111001011000011110111010010111000001010110100001000010111101101010000100001011001001110100010100100010011000010000100100011010000101111000110011011110001001010011110100010100001001101011010101110000000101010100100110001001111000110101101011001010001010100110101001110010111 
11010010010001101010110110111011110101000011010001111010111001110110101111010000110110011011001011011110001001110110111100101000010000011010100001100001000001110101111011001100000100011001010111101010010110110100011010101110000001000110001010000111001101110010000100110101000101001001001001111111001000010111111000011010111100010010110000001110111100010101100110110101100011100000010110101101000111011111001010000101100101111100100010000011110111001111100000101100001011011110101110101001011100001111111100010111 
01001101111111101001100010000000011101101101010011010110110110101000111000101000111110101110001101101000001111010101110111111011011000011000111000000011111101001110100001011001011010110111011110010101111111110010010110001110000011001000010101110101000010010000100100010100011001111111000000100111111011010100010010011001001110100100001011101111000000011010100101010001001100100001101010011000010110000000001110100101010000001100100110101000011010001000011000111100011110011110000000100110011000011101010011011101 
11110001111011110110001101110101100101101110000100000111111010011001101100110001000110101001101111001000001100000110000111010100100100111001010100111000010111001101100100101011111010111101100100000111011111001001111100011010010011101110111010001011110111111000001101110000000010011100110110010111110011001100101001000111101110011010000011110101101010110100011110110101110010111010011100001101101011011011110001001011001000111101111011010010001111000001101000000110110000011010101011000101010101010101111011010101 
01100001110001000001111100101101001100001011001100101110110100011100010010100111100100001111111000100010011011111010011010101010101001111000011100111111100110001010011010100110010001010011101001010100111001110101110101100011001011110111100100000001011001110110100000010001101011101011011111111111101011101010011101111110000011111101011001011001001000100111001010101111000000110011011100000100010100011001010111111010010011010001101010100110110001011100000110100011111001001001100100001101110110010111101110111111 
00011011001111110110111000000011000110110101001100011010000000101011010010100101111110011101110110010110101110001110001101011011011000101001011111101010110001001000111000000101100111001010001001100010101101001000011110111111110011010101101101001010011111110101110110001100001011110101100001011010100011010010110001101000010110111010111000100000011001011000110110111110101001010000010111101101011011110100010111000010011111111001000011010110110100111100011100101111100011011100011111110011001110011100001110000011 
11010001100100011010101101111110000101111100110101011010111100101000011000001010001100011110100010101100110110011000111010100011100101010010101001001010011110111001110011011110100100000110011110010010011010101001101100101111001000000000110110010111010111111011001001011001001111101100111001010001001111010010100110101100011110001010001110010000000001101000101110011100000110011101000111111110100111100001101101111110110111101001001001011011100101111110111101001010010010001000100011111111110110000010001111011011 
01010111100101110000011000000110101100010011001111100100100001111101011100111101011111111010110101101110001110101001110000111011101011000101000101000100110000100100011001010100001000010001010010100011110011100011011001101010111000100110010110001000100100000000011010001101100000111101101000101010111000110011001101010011110110110010000111101111000111101010010011011100011000011100001000010010011001000000101000110101011100001101000100001001011101001110000111100101111100000110110001100100000011101000001000111001 
00011001110000100111111001110111011001001010001101010101110010000000101100101010111010000011010000100111001111110111011000000100001101001010101111101101010010100010011000111011110010111010100000011001001100000101000000010010001000111100000010100001110100001110100000110110010110010110100110101101100000001010001000101000010001001100000000011110000001100111111000010100101010110010110001011111001111001001110011110101000010000110001010101101000101001101110110000000010001100001010111010111010010001010010100000001 
01101101101100011111110111100010001010111111011000100100111111001000111001111000011101010110010001000011000000100011110101111110000011111010001100101011111011110000110101010101010111011101000010011010000001000111100000100110110010100110111001111100100100011010111111010010111001100111010100011000011010111101010010001101011100111110111110001001111011111001001101110010101001110111001110000101010110101011010111110110111001110111011000110011101111011011101100111010101111010101101100110111101011001100100110111111 
01101000011001111011011001011111000111101010100110000000000111101001000111000001100100001010010000001010000111001100000101010111111101000000100001100100100100100001010011100100001101011101101011100110100010010111010000010010110000000000010111111010001001010001000000110110100010110100111010010011100010101110100110101111000000100100011001101011000110011111101001001000100011000001010100101000100001111011010010010100111011101000111000001011001000100010111100001010111001101100010111011000101000101100001010111011 
01110110000110111001011000000101000110011000101110110001110010000001001000000110110100100101110111000111011000010000001111111110011110101100010000110100101000011011110010110111010010000011011100011100110001011011101000100111011110010001101001011010011001100010100101100000110101100100001000001010011110110001010111010010001100010010101100110010011000001000100001100101000110101001110001110010010000010100000001011010101111000001110001000010101101110110110001100100001011011001011000000010001111111110100001111110 
00111001011011110010100111010010110111111111011010111011000111110111001010000011110111001110111010010101111011101000010000011100111100100110110001111100111101111101010000010000111111001010011010111111010000111110000100100100110100111100101100010111010111110100101100010010001100100011101110000101011111111010111010000000111010110101001010011101010011000000110111101111010011101010110101011011100111100101111101011010110011111011111011000001111010000111101001101000001001001010010011000001110010010100111011111010 
01110001001101110111001100010100111110001000101110101001010111111000011000010111100011011000101000111010001101001011101001000011011100000011111011001010101111110010100011110010100101011011101011101110111011101110000001100000001110010110101011111110001000111000010000111100010111011010110101100111111001010111000010111011001101001100111101010101001101101010111000111111111110101110100111100110101110011101101110111000011100011100001001001011100001000011100111001000011010011111111100001110111110110011010100011111 
10101101101011110010001110111000010100111111011111011110000110111011101010111000111100111001101001011111000100101110000011010011110100001110111001000011100001011000011111111010011110110001001110110000001101101011011001100001010111000111101101111011010010011001011101001111011001010011100001100100100000010001000010011111100011110111100110010111110011000000101100111100111011000111110010010110111001010100000011111010101111000101100010010110011101101010111010011100110101110010101000100011010011100101110101100011 
00011101110001110111011011010110000010000001110011011100101111010101010110000000100110111100001110110100101010101000111011000111010010111010010000111100010011111000100111010100100010000010110001101010001101010101010100000110010011001111000000000001100101110100001000000010001101111011011010011010110010111011101110111011001110110100011000100011011001000110010110010000111011011110011100011001001011101110110100010101000101010110100100110010100101100000010000010101001111111001100000010100100010110100010101110111 
11100101101110110011000111000000100111100101100000101110000001111110111100010111010111011100110010000001001001000000001101000011001101000110100110001100000111111010011111000000000110110001110100110100101100100101110000111110111000011110001100100100000000010001110101010110000010010000011011100011110110101100000000100110010000001000001111101110011011101100111111101111101100100000101010111101011000101100010000000011000101011110010001111100100001111000100100001000111110100110100011101110011100011101000010011111 
11101010001011011010010100110111011101011101000011111000111011111100010111101111110100111001011100001110011101011100111101100011101010001110010101011011010000011010110110010001000101100010011000010011000000111101001101011011010100011010100010011010000100101011000011001111101101100111110001111001111000101111011011010011010010100110111110010000000011001101000001100101011000010010011000110010000011001101101111111101111110110100000101100110110110100111110011110110110101111011110111001011100100000000110001101111 
01110001101001001110110011010111001100111101100000000010110000000111111011001111110010000001101010110001111001110000110111001001110000111110010111111011111001111101110000101111100111011111101000001010111111101101011000000110011100110011111011100110001100010100111010001010010101011110000011011000000111000001110111100111110000010111010100000100101101111011111111001111010010100111101100001000111111010000010011011001110101100010011011101001100101101101001101001110100011111110000111010111001111100101001000101110 
11000010000100111111011100101010011001000010110011101000101010111111100111111101110101011000110111111001101011000010001110000111010010111110110001111110010101111011000101000111100101100100011001100010011111100000101100011001010011010000001000110001111001001000110100110010100010111100110101100101110101011001001110001111101001010111100011100010101000000001110100110011000011111101001101101100011101100001101111010000110001011000111101100111110011010111110010000010110010110100001000000000011011100001100011001001 
00110100101010011010001001101111010010110100100100101101110010100001111000110011100001111001110110100101001010000110110110110011111100001110000111111000101011110000000001001000101011010110001000011000001011001101001101110101010110000011101110111001111100010001110001010110100000000110001001111001101011010011100111101001100010011110011011110000010001000011101100111100100001100110010000000111111110101110100001000111111011100110011101011010111000100100100000000110100001100010100101101100010100100110111101001011 
11110010110100101111111001101111011100111000101000010111110100011011010100101000001110001001010101101001110110101001001010100101101001111111110000100010011101111000110110111010001010001101110111110000110001000010011111001101110100100001111000000111101010000100110010110111100111110001001101011101110111001100111001001011110010111010000110010001000111011100111011111011000011111100001111100011110110010000011001010000101110100001011001010011001101000000000010001111001111101111101010101001101101011011001110001111 
00110000001000010110001111100101001100011000011111110111110000001111011100001010111001000110011100001000111010000100100101010110100011110010110011000101111001010101011000100010001101111011010001100111000011100110011001110011100010101001110101011110110101000100100001001101000100010111101111100100001001110111111111101101001011110010111010110100000111100011100010000010011001100110111010000110111000000001001000100011000101011101111110111000010100010001111100001011100001110110010000011010000011000100101001110001 
00000111110110110001011010111001000001101111101010010011110111011111110100101100001011110100001011101101110010010011011110100000111111001000000110101111000001001011110010000110011100011111100001010011110011111110111001110010110111000001110100101110000000010001010100111000111111001001110101111110001001001010001101110000100010000000010101100101001000101010110010100001010000100001000101011010000010110111001001111001001001010010110001010001110000110001001001101100100011110111100011000111010001111111100010101101 
00111110110001111100111001000111110000010101001111101110011011001000011101010010011001101010110010111110000101010111000000011111111000001011001000011010001110110111100011101110101001001101100000101111000111001111101100110111111111000010010111101001100001001000100001100001000001000101101111010011110111011010110001001010100111101010101001011000100100101011101011001010100011000101010100110100011100100110011101111001000011010110110110101011001011011100000000101001011000100111001100001000000001110010111100101001 
10011100011010011100000011001000011001011011101110110001000101110100101101100010111001111100000011000101000100101001000000111110010001000101101011010100010110001001101111101001011101000110001000101011000010111111011111100111100100101111010110110101110011110011111100000011111010110010101000111101100001101101000001101011011000100111110111001111010000100011101111101101010110111100011000100111000111111011000100011100011010011001100101100101100011101110011110010001000000010001111111110001001000001111011101000011 
10110010000010011100010100011111010001000001100011101110011001111101000010000011100101100110010101111101001011000100010111001110011011001001001001100111001101101010111110011100001110010001010100100000000010001010100100000100011010011110110011010001010110001111110011101110111001101000000111101001101101000001110110111010010100001010101100010111011000000001101100100001010111100110011010110111011101000000110111111001111111101001011110101110110011001010110110000010100111111110000011000011000011001000111101100101 
10100111001010101101100001100111000100010111000101010101111001101011111111001011001010011011001001001011101101101000100111101101010110101011100000101001000000101010000001000101011111111001101000011100110111110110000001000101110001010010111010101001010101110001111010111000111111000111010000110101100110010101011111010110111010010010110101111110010011111001010111001101101010001110101100010000000111100001000010000000010001010000001111101111110010101110100000101010110101100001010100001110011100111010111001111011 
10010001101100110000100110100101101010101011111110001111111000110000101101110010000011111101011011111010100011011111110000111101110011010011000101011100101101010101100001110001000011010100100100110000101000100110100000110010110000110000011011010100100100010110000000100001010001101100111010110001001011100100000010010011011100100000011011101000001101100111000011000001111011100101000011100000000101001011000100001010111111100101000110110111100100001110011001000110001010101001110001101000101101000010111000000011 
11001111100100100011011100110010110010011001101110010001011001111000011011011010010100010101101111011001010111000010110110101001111000101101010011100110010000101101101110001011110000011111010111110111010000101000111110111100110110010011001110101111010111010111001010101101101001001100000000000101011000101100110001111101101110010000000010100111001110100111111010100110011001011111000000100100100011110010001110011100100000100000111001100001011101100110101111111010101010000000101000000101111111000011110001111111 
11010010010001101010110110111011110101000011010001111010111001110110101111010000110110011011001011011110001001110110111100101000010000011010100001100001000001110101111011001100000100011001010111101010010110110100011010101110000001000110001010000111001101110010000100110101000101001001001001111111001000010111111000011010111100010010110000001110111100010101100110110101100011100000010110101101000111011111001010000101100101111100100010000011110111001111100000101100001011011110101110101001011100001111111100010111 
10000000001010001110101101011110100111010010000111101010010111001011001001100000010101011001011011101100111100100000111010011000000100111110111110101010010101111100001110010000111101111010111010101001000011000100111101010111011000010101111000101101000010010111011001010010001001000000001011101100101000000111010001111001101100111100110001110101000111000010001001011000110100000000100101010010101110011010000011010111010010000101101111110001010011100010110010100111100001100001101000101101101001010100000000101101 
10101111011011011010111000011000000011110100010110100100001001100000101101011001001001100100000100111101100011110100011010110110001111000011100100110000001010001011111100000010111010101011110011011010111000001001100111010101100110100101100111001011000011110111010010111000001010110100001000010111101101010000100001011001001110100010100100010011000010000100100011010000101111000110011011110001001010011110100010100001001101011010101110000000101010100100110001001111000110101101011001010001010100110101001110010111 
01010010110100100011000111000111000101010111011101100110111111111100101100100101011111110111110001110010011111110011100000000010010101100000111011010011101011001011110100111111100000100110000100100001000000001000110010111011011010000100110011100110001101010010001111010101001110011011100101100011001000011101111011000110011011011011011111111100011001000011100001110000100001101100101000100010101110110101110000100011100100100111011000001011010100000001000101111000110010001001000100010011111000111111101001100011 
10110001101111010010011100001110011101011011111110100001101101101101001011011000000100100111001010101011001100111111101001111000010110110001000100011010001100000100001011000010110010110111000001001111111010110001111110011100011101111001010110110101000001000001110110010100011110111101111000110000001010100111101101011110101011010101011000110001110011110101100100000110100001011100000100011011011000101101000100011111010110110101010001110111101101001100110110001100001000101011101010001111010111110010001111101101 
11101000011001111011111111000010011000101000101011100000101001001011011011010001111000011001110111110010101110110000110001101111000001000001101011001111000000101111110000111000000001011100010111011100001100101111000001001000111001011000001001010011100110110001011100011110010110010000100100111101000000010101001011011100011010011001001011111101100011011101001101011111001111001111110000101010000000010110100100101011010101011000111011110010100100001010101101101100010111111111011010111001001010001000000000001011 
11010001100100011010101101111110000101111100110101011010111100101000011000001010001100011110100010101100110110011000111010100011100101010010101001001010011110111001110011011110100100000110011110010010011010101001101100101111001000000000110110010111010111111011001001011001001111101100111001010001001111010010100110101100011110001010001110010000000001101000101110011100000110011101000111111110100111100001101101111110110111101001001001011011100101111110111101001010010010001000100011111111110110000010001111011011 
01001101111111101001100010000000011101101101010011010110110110101000111000101000111110101110001101101000001111010101110111111011011000011000111000000011111101001110100001011001011010110111011110010101111111110010010110001110000011001000010101110101000010010000100100010100011001111111000000100111111011010100010010011001001110100100001011101111000000011010100101010001001100100001101010011000010110000000001110100101010000001100100110101000011010001000011000111100011110011110000000100110011000011101010011011101 
01010111100101110000011000000110101100010011001111100100100001111101011100111101011111111010110101101110001110101001110000111011101011000101000101000100110000100100011001010100001000010001010010100011110011100011011001101010111000100110010110001000100100000000011010001101100000111101101000101010111000110011001101010011110110110010000111101111000111101010010011011100011000011100001000010010011001000000101000110101011100001101000100001001011101001110000111100101111100000110110001100100000011101000001000111001 
01100001110001000001111100101101001100001011001100101110110100011100010010100111100100001111111000100010011011111010011010101010101001111000011100111111100110001010011010100110010001010011101001010100111001110101110101100011001011110111100100000001011001110110100000010001101011101011011111111111101011101010011101111110000011111101011001011001001000100111001010101111000000110011011100000100010100011001010111111010010011010001101010100110110001011100000110100011111001001001100100001101110110010111101110111111 
01100000011111110010000000010010110011011001111110000001110000011011010000010101111111000001010101101101000110001011110000100010101110110010010011110011111110100011101011001001000010001011000101110000010000101110111100111010110000101110111110100101000001100101000100001011000011000100011110000100111011000011010000101111000000000111000100011001001110100000011110001011111111000111100111110111110111110000011000010110000011110111000000110101101101111010101110100001111001010110101011101001010000001011111100101101 
11111011000111000100010101111000100110111001100000010110001001100001001011101100100011011000110001011101010000001100111111011011011111101001010001010110000111100000110111011101100101111000111100010111010101111011111100001010101100111001101010100111011110010110011101101000100001000100100001001001100110110100001111100111100010111001100011011110101001010100100111101111001011011110100111000101111010110011011110110001111010111000010000011010110110100101100110001010110101010001100110101110100100100000000000101111 
11110001111011110110001101110101100101101110000100000111111010011001101100110001000110101001101111001000001100000110000111010100100100111001010100111000010111001101100100101011111010111101100100000111011111001001111100011010010011101110111010001011110111111000001101110000000010011100110110010111110011001100101001000111101110011010000011110101101010110100011110110101110010111010011100001101101011011011110001001011001000111101111011010010001111000001101000000110110000011010101011000101010101010101111011010101 
10101000010001011000010101110011101110000111000001000001110010001110110100101000011011100001000111101111100011101110010000110111010010100100111010001000100110010010100101101011110011011101011110110100010001101010010001010110000000011011000101001111001011000011010100101100110000000111111110111000011011010101110011011010010000110010100110101011011100001100101000001100011110000101001110000011000010101011101100101100111001001010100001100101000111001000011000100000000000000110111100010011011111010101111000001011 
00011011001111110110111000000011000110110101001100011010000000101011010010100101111110011101110110010110101110001110001101011011011000101001011111101010110001001000111000000101100111001010001001100010101101001000011110111111110011010101101101001010011111110101110110001100001011110101100001011010100011010010110001101000010110111010111000100000011001011000110110111110101001010000010111101101011011110100010111000010011111111001000011010110110100111100011100101111100011011100011111110011001110011100001110000011 
00100010110101010010001110111111011000011110001100100010000110110110100101111111101000000001001010101101110101000001100010100011100011000011001110001101111111101011010010101111101011010101010101101001101100010000011001000111001100000011011011001110011110001110001100001011001110010100110000111110111011001001000101110001000111111001000010000001000100110001010011111010100101011111101110010110010100001001101111110010101000110101101011010100100110101111110010101101010000001111110110100010101101101011111001010011 
00011001110000100111111001110111011001001010001101010101110010000000101100101010111010000011010000100111001111110111011000000100001101001010101111101101010010100010011000111011110010111010100000011001001100000101000000010010001000111100000010100001110100001110100000110110010110010110100110101101100000001010001000101000010001001100000000011110000001100111111000010100101010110010110001011111001111001001110011110101000010000110001010101101000101001101110110000000010001100001010111010111010010001010010100000001 
01101101101100011111110111100010001010111111011000100100111111001000111001111000011101010110010001000011000000100011110101111110000011111010001100101011111011110000110101010101010111011101000010011010000001000111100000100110110010100110111001111100100100011010111111010010111001100111010100011000011010111101010010001101011100111110111110001001111011111001001101110010101001110111001110000101010110101011010111110110111001110111011000110011101111011011101100111010101111010101101100110111101011001100100110111111 
01101000011001111011011001011111000111101010100110000000000111101001000111000001100100001010010000001010000111001100000101010111111101000000100001100100100100100001010011100100001101011101101011100110100010010111010000010010110000000000010111111010001001010001000000110110100010110100111010010011100010101110100110101111000000100100011001101011000110011111101001001000100011000001010100101000100001111011010010010100111011101000111000001011001000100010111100001010111001101100010111011000101000101100001010111011 
01110110000110111001011000000101000110011000101110110001110010000001001000000110110100100101110111000111011000010000001111111110011110101100010000110100101000011011110010110111010010000011011100011100110001011011101000100111011110010001101001011010011001100010100101100000110101100100001000001010011110110001010111010010001100010010101100110010011000001000100001100101000110101001110001110010010000010100000001011010101111000001110001000010101101110110110001100100001011011001011000000010001111111110100001111110 
00111001011011110010100111010010110111111111011010111011000111110111001010000011110111001110111010010101111011101000010000011100111100100110110001111100111101111101010000010000111111001010011010111111010000111110000100100100110100111100101100010111010111110100101100010010001100100011101110000101011111111010111010000000111010110101001010011101010011000000110111101111010011101010110101011011100111100101111101011010110011111011111011000001111010000111101001101000001001001010010011000001110010010100111011111010 
01110001001101110111001100010100111110001000101110101001010111111000011000010111100011011000101000111010001101001011101001000011011100000011111011001010101111110010100011110010100101011011101011101110111011101110000001100000001110010110101011111110001000111000010000111100010111011010110101100111111001010111000010111011001101001100111101010101001101101010111000111111111110101110100111100110101110011101101110111000011100011100001001001011100001000011100111001000011010011111111100001110111110110011010100011111 
10101101101011110010001110111000010100111111011111011110000110111011101010111000111100111001101001011111000100101110000011010011110100001110111001000011100001011000011111111010011110110001001110110000001101101011011001100001010111000111101101111011010010011001011101001111011001010011100001100100100000010001000010011111100011110111100110010111110011000000101100111100111011000111110010010110111001010100000011111010101111000101100010010110011101101010111010011100110101110010101000100011010011100101110101100011 
01110001101001001110110011010111001100111101100000000010110000000111111011001111110010000001101010110001111001110000110111001001110000111110010111111011111001111101110000101111100111011111101000001010111111101101011000000110011100110011111011100110001100010100111010001010010101011110000011011000000111000001110111100111110000010111010100000100101101111011111111001111010010100111101100001000111111010000010011011001110101100010011011101001100101101101001101001110100011111110000111010111001111100101001000101110 
00011101110001110111011011010110000010000001110011011100101111010101010110000000100110111100001110110100101010101000111011000111010010111010010000111100010011111000100111010100100010000010110001101010001101010101010100000110010011001111000000000001100101110100001000000010001101111011011010011010110010111011101110111011001110110100011000100011011001000110010110010000111011011110011100011001001011101110110100010101000101010110100100110010100101100000010000010101001111111001100000010100100010110100010101110111 
11100101101110110011000111000000100111100101100000101110000001111110111100010111010111011100110010000001001001000000001101000011001101000110100110001100000111111010011111000000000110110001110100110100101100100101110000111110111000011110001100100100000000010001110101010110000010010000011011100011110110101100000000100110010000001000001111101110011011101100111111101111101100100000101010111101011000101100010000000011000101011110010001111100100001111000100100001000111110100110100011101110011100011101000010011111 
11101010001011011010010100110111011101011101000011111000111011111100010111101111110100111001011100001110011101011100111101100011101010001110010101011011010000011010110110010001000101100010011000010011000000111101001101011011010100011010100010011010000100101011000011001111101101100111110001111001111000101111011011010011010010100110111110010000000011001101000001100101011000010010011000110010000011001101101111111101111110110100000101100110110110100111110011110110110101111011110111001011100100000000110001101111 
00111110110001111100111001000111110000010101001111101110011011001000011101010010011001101010110010111110000101010111000000011111111000001011001000011010001110110111100011101110101001001101100000101111000111001111101100110111111111000010010111101001100001001000100001100001000001000101101111010011110111011010110001001010100111101010101001011000100100101011101011001010100011000101010100110100011100100110011101111001000011010110110110101011001011011100000000101001011000100111001100001000000001110010111100101001 
00110100101010011010001001101111010010110100100100101101110010100001111000110011100001111001110110100101001010000110110110110011111100001110000111111000101011110000000001001000101011010110001000011000001011001101001101110101010110000011101110111001111100010001110001010110100000000110001001111001101011010011100111101001100010011110011011110000010001000011101100111100100001100110010000000111111110101110100001000111111011100110011101011010111000100100100000000110100001100010100101101100010100100110111101001011 
11000010000100111111011100101010011001000010110011101000101010111111100111111101110101011000110111111001101011000010001110000111010010111110110001111110010101111011000101000111100101100100011001100010011111100000101100011001010011010000001000110001111001001000110100110010100010111100110101100101110101011001001110001111101001010111100011100010101000000001110100110011000011111101001101101100011101100001101111010000110001011000111101100111110011010111110010000010110010110100001000000000011011100001100011001001 
10110010000010011100010100011111010001000001100011101110011001111101000010000011100101100110010101111101001011000100010111001110011011001001001001100111001101101010111110011100001110010001010100100000000010001010100100000100011010011110110011010001010110001111110011101110111001101000000111101001101101000001110110111010010100001010101100010111011000000001101100100001010111100110011010110111011101000000110111111001111111101001011110101110110011001010110110000010100111111110000011000011000011001000111101100101 
10011100011010011100000011001000011001011011101110110001000101110100101101100010111001111100000011000101000100101001000000111110010001000101101011010100010110001001101111101001011101000110001000101011000010111111011111100111100100101111010110110101110011110011111100000011111010110010101000111101100001101101000001101011011000100111110111001111010000100011101111101101010110111100011000100111000111111011000100011100011010011001100101100101100011101110011110010001000000010001111111110001001000001111011101000011 
10100111001010101101100001100111000100010111000101010101111001101011111111001011001010011011001001001011101101101000100111101101010110101011100000101001000000101010000001000101011111111001101000011100110111110110000001000101110001010010111010101001010101110001111010111000111111000111010000110101100110010101011111010110111010010010110101111110010011111001010111001101101010001110101100010000000111100001000010000000010001010000001111101111110010101110100000101010110101100001010100001110011100111010111001111011 
00000111110110110001011010111001000001101111101010010011110111011111110100101100001011110100001011101101110010010011011110100000111111001000000110101111000001001011110010000110011100011111100001010011110011111110111001110010110111000001110100101110000000010001010100111000111111001001110101111110001001001010001101110000100010000000010101100101001000101010110010100001010000100001000101011010000010110111001001111001001001010010110001010001110000110001001001101100100011110111100011000111010001111111100010101101 
11110010110100101111111001101111011100111000101000010111110100011011010100101000001110001001010101101001110110101001001010100101101001111111110000100010011101111000110110111010001010001101110111110000110001000010011111001101110100100001111000000111101010000100110010110111100111110001001101011101110111001100111001001011110010111010000110010001000111011100111011111011000011111100001111100011110110010000011001010000101110100001011001010011001101000000000010001111001111101111101010101001101101011011001110001111 
00110000001000010110001111100101001100011000011111110111110000001111011100001010111001000110011100001000111010000100100101010110100011110010110011000101111001010101011000100010001101111011010001100111000011100110011001110011100010101001110101011110110101000100100001001101000100010111101111100100001001110111111111101101001011110010111010110100000111100011100010000010011001100110111010000110111000000001001000100011000101011101111110111000010100010001111100001011100001110110010000011010000011000100101001110001 
10010001101100110000100110100101101010101011111110001111111000110000101101110010000011111101011011111010100011011111110000111101110011010011000101011100101101010101100001110001000011010100100100110000101000100110100000110010110000110000011011010100100100010110000000100001010001101100111010110001001011100100000010010011011100100000011011101000001101100111000011000001111011100101000011100000000101001011000100001010111111100101000110110111100100001110011001000110001010101001110001101000101101000010111000000011 
01100001110001000001111100101101001100001011001100101110110100011100010010100111100100001111111000100010011011111010011010101010101001111000011100111111100110001010011010100110010001010011101001010100111001110101110101100011001011110111100100000001011001110110100000010001101011101011011111111111101011101010011101111110000011111101011001011001001000100111001010101111000000110011011100000100010100011001010111111010010011010001101010100110110001011100000110100011111001001001100100001101110110010111101110111111 
00100010110101010010001110111111011000011110001100100010000110110110100101111111101000000001001010101101110101000001100010100011100011000011001110001101111111101011010010101111101011010101010101101001101100010000011001000111001100000011011011001110011110001110001100001011001110010100110000111110111011001001000101110001000111111001000010000001000100110001010011111010100101011111101110010110010100001001101111110010101000110101101011010100100110101111110010101101010000001111110110100010101101101011111001010011 
01100000011111110010000000010010110011011001111110000001110000011011010000010101111111000001010101101101000110001011110000100010101110110010010011110011111110100011101011001001000010001011000101110000010000101110111100111010110000101110111110100101000001100101000100001011000011000100011110000100111011000011010000101111000000000111000100011001001110100000011110001011111111000111100111110111110111110000011000010110000011110111000000110101101101111010101110100001111001010110101011101001010000001011111100101101 
10000000001010001110101101011110100111010010000111101010010111001011001001100000010101011001011011101100111100100000111010011000000100111110111110101010010101111100001110010000111101111010111010101001000011000100111101010111011000010101111000101101000010010111011001010010001001000000001011101100101000000111010001111001101100111100110001110101000111000010001001011000110100000000100101010010101110011010000011010111010010000101101111110001010011100010110010100111100001100001101000101101101001010100000000101101 
10101000010001011000010101110011101110000111000001000001110010001110110100101000011011100001000111101111100011101110010000110111010010100100111010001000100110010010100101101011110011011101011110110100010001101010010001010110000000011011000101001111001011000011010100101100110000000111111110111000011011010101110011011010010000110010100110101011011100001100101000001100011110000101001110000011000010101011101100101100111001001010100001100101000111001000011000100000000000000110111100010011011111010101111000001011 
01010010110100100011000111000111000101010111011101100110111111111100101100100101011111110111110001110010011111110011100000000010010101100000111011010011101011001011110100111111100000100110000100100001000000001000110010111011011010000100110011100110001101010010001111010101001110011011100101100011001000011101111011000110011011011011011111111100011001000011100001110000100001101100101000100010101110110101110000100011100100100111011000001011010100000001000101111000110010001001000100010011111000111111101001100011 
11010010010001101010110110111011110101000011010001111010111001110110101111010000110110011011001011011110001001110110111100101000010000011010100001100001000001110101111011001100000100011001010111101010010110110100011010101110000001000110001010000111001101110010000100110101000101001001001001111111001000010111111000011010111100010010110000001110111100010101100110110101100011100000010110101101000111011111001010000101100101111100100010000011110111001111100000101100001011011110101110101001011100001111111100010111 
11001111100100100011011100110010110010011001101110010001011001111000011011011010010100010101101111011001010111000010110110101001111000101101010011100110010000101101101110001011110000011111010111110111010000101000111110111100110110010011001110101111010111010111001010101101101001001100000000000101011000101100110001111101101110010000000010100111001110100111111010100110011001011111000000100100100011110010001110011100100000100000111001100001011101100110101111111010101010000000101000000101111111000011110001111111 
01010111100101110000011000000110101100010011001111100100100001111101011100111101011111111010110101101110001110101001110000111011101011000101000101000100110000100100011001010100001000010001010010100011110011100011011001101010111000100110010110001000100100000000011010001101100000111101101000101010111000110011001101010011110110110010000111101111000111101010010011011100011000011100001000010010011001000000101000110101011100001101000100001001011101001110000111100101111100000110110001100100000011101000001000111001 
01001101111111101001100010000000011101101101010011010110110110101000111000101000111110101110001101101000001111010101110111111011011000011000111000000011111101001110100001011001011010110111011110010101111111110010010110001110000011001000010101110101000010010000100100010100011001111111000000100111111011010100010010011001001110100100001011101111000000011010100101010001001100100001101010011000010110000000001110100101010000001100100110101000011010001000011000111100011110011110000000100110011000011101010011011101 
10101111011011011010111000011000000011110100010110100100001001100000101101011001001001100100000100111101100011110100011010110110001111000011100100110000001010001011111100000010111010101011110011011010111000001001100111010101100110100101100111001011000011110111010010111000001010110100001000010111101101010000100001011001001110100010100100010011000010000100100011010000101111000110011011110001001010011110100010100001001101011010101110000000101010100100110001001111000110101101011001010001010100110101001110010111 
00011011001111110110111000000011000110110101001100011010000000101011010010100101111110011101110110010110101110001110001101011011011000101001011111101010110001001000111000000101100111001010001001100010101101001000011110111111110011010101101101001010011111110101110110001100001011110101100001011010100011010010110001101000010110111010111000100000011001011000110110111110101001010000010111101101011011110100010111000010011111111001000011010110110100111100011100101111100011011100011111110011001110011100001110000011 
10110001101111010010011100001110011101011011111110100001101101101101001011011000000100100111001010101011001100111111101001111000010110110001000100011010001100000100001011000010110010110111000001001111111010110001111110011100011101111001010110110101000001000001110110010100011110111101111000110000001010100111101101011110101011010101011000110001110011110101100100000110100001011100000100011011011000101101000100011111010110110101010001110111101101001100110110001100001000101011101010001111010111110010001111101101 
11110001111011110110001101110101100101101110000100000111111010011001101100110001000110101001101111001000001100000110000111010100100100111001010100111000010111001101100100101011111010111101100100000111011111001001111100011010010011101110111010001011110111111000001101110000000010011100110110010111110011001100101001000111101110011010000011110101101010110100011110110101110010111010011100001101101011011011110001001011001000111101111011010010001111000001101000000110110000011010101011000101010101010101111011010101 
11010001100100011010101101111110000101111100110101011010111100101000011000001010001100011110100010101100110110011000111010100011100101010010101001001010011110111001110011011110100100000110011110010010011010101001101100101111001000000000110110010111010111111011001001011001001111101100111001010001001111010010100110101100011110001010001110010000000001101000101110011100000110011101000111111110100111100001101101111110110111101001001001011011100101111110111101001010010010001000100011111111110110000010001111011011 
