01111110011111101001111010001001001100111100000011111101100111010011111110011010001111111010011010000111111000110011110101000100001111111111101110101010000111111100100011000100101101101011110110011001001110100011001011111111011100010010101111001011000101111011001000110110101111010111010010110100111110011001001010011001011111110110100111010001011011000111111110010110001110011100110011000000100011001111110001111100010111101101111111011100111000101110000011111100111011011011101110011100010110010000001000010010 
10000001010111101010011100011101110000000101000001001000111001000101001010100011110001100000011001000101011100010000001000011100111100000101001000000100100010111101000000000100101010000100110000100001001011100111001000011100101010010110100010001001100101010011100001001100101001011110011011001100101000001010001000011010100100100111100011101101101010101011001110001001111000010101101001100101000100011000100011001101000000000101111110010010001001001110000100000110100100110101111000000010010000001110001001100011 
11101000110100001000001110101010001100010000000011010000010000000001001000100000010001111011011100100101011010000010100000100000101010111010110001010000110010101011111110101111000110100110000100110100011101011111000110100110110100100001111000100001110011000010110001000110100000010100001001011110011000110011000110011001000000101000101100001011101100001111011110110101101100011001011010010000101100100001110111011101000100010000001100000101000001011000111000001100001001011110110100100010110111010100010001010011 
11110010101111000000101100010110010100100000100000100001001000001111110000110101100000101000000011100111110110110100100100010100101100110010100110010011010000000001010100011010000011101100011101100000001001110101101100111010100100110011000010100101101000010000110100000010100100100110011010011100101110110001001111010110011010001110010010100111101010001001010000110000011100000001111101100010111010110000000011001010101110010101101111111000101011001000101001100000110010000010001110100010100001011110001101100110 
10110000111000001100111000111111001110011001100000110111100111111001001110110010000011111010001111100010101011111110001111101110010111111101110111110001011111110011110100111101101100010111100100111010101111111110111011001101100111010101110000001010100001001000101101110100111101111101011100101010010101001110100101101011100111010001011000110000100111101000010011101001000110101101111100111011001000100011001110101000010010101110010011101010010110110010101101110110110101010100010011110011101101100101111111100111 
10100100111111111001111001101011000000101011000010001011001011010001101100111110111001000100100111010010101100111100111010010111110010011001001110100010111000101000010011000111110011101100100110110110011101000100111000011110011001101010111011100101111001111010011101100001001011110011001011101000001010100010011111011100010000011100111010000010101010111000010101101001111101110010101011111100000001111010000010101010011000010101101100111010111111101100010111100110101011111010101100001001100011110111101100000111 
10101010011110011001000001011010011100110000001111101000001110001010000100100000000000001110001111011001011010111000100100000011010010001010011101110110111010000000001101001101000011110111111111110000110001011101001000010100111001001011001000111100001000100110101001011001010110111000000110000000010000001000110110111110010100010100001100010010110101110110011101111000100000111010100000001010000101011001010100010011001100011011001111001011111011010001110111000010000011001011001011000111101101000110111011101011 
00111000001111110010000111010110111011011001110000011100111110010100111010100000000101101100110101100111101010100000011001111111011000111111101010111011101101010101010100010010001010010001111111101110110101101000010011111101110001100001110101100111101000001101000100100101110111000111111000010101111001010011111111001001111000100010111110001101000101010110000111010110010100111011010111000000001000001011111111011000000110101000101110010001001100100001011100010100110111010111101100111110010100011111100111111111 
10000111101111001001111010101011001000101010111100110100111011001000001110101010001101110001010011111011000111110000010001011111011011110111101001011100011011110101011011011110100001010111101011110011010101111100111110101010111010110110011001011101010110111101001011110001101010111110111110100010010001001111011001000100100000101100010110100011111110110000111010011100100011111011101111111000010010010001001100111110010100110001011010011100110010010101101100110000011101001011011000001100011001001101101101001111 
11100110001011000000101100100011000111000110010000111001001101001000000010100101100110010011011101001011110000100101010000100000001101111110101001100011101000100111000001001000011100011111111100000000011000010011010110011110010111100111110100100001011001011010110000100100010001100011111111110010101100000001000010011010101010101111000000001110101010100100000001000111001100110000010011011001010000010111000011100010001100011000011010101011101110001100101000110011100000001011010000111111010001101101001001100001 
11101001101011101010011111111111011001110001000101011101110001001001111011110010110110110111010101101001011001111001100000010010000110110101111100111110101101001010010001100011111010100111110110111111001011110011000001111011111000100010100000001101010000001101011110100111100111101111001001001011111000011010111001111010111110011110001111111000011110111001001001100110101010101110011101111110111000000000001100111011001100110001110010100110111000100101100101110101010100101001110111110100111101101010111110001011 
11100101010011101000000000001101111100101010111010010001111000101110000001110010000011101110111010011011100111110110011000010001011001110001001011100011101111110100100010010010011111100101100010101001010111101111010101010111111011010000010100001001100010101010101101000000100101111010110011011001110111001111111001101011000010110111110011001101100011110111110000010101010101100110111011100010111011001100010110110110010000100110000000110100110011001011000001100101011101011110111010101111100110001000100110111001 
10000100101111011100001011110101001010110110100101111000100000111011111110000100000001001000001110011001101000001000110100101110110100100011011010010110000111011110111101010000110000111101100110000000011101000111100110111011011011001101101011101100110111101011110101100001010000101100111010011000011011111001001111101111010010100101111110000110101000010100110100110010010101010100010000001110111010101010011110110011000010000000101000111000110110010000011110110011010111111101000100011100001001000111110001101101 
01100011010100110110111100001010111101101001001010000011001111010101010001111010111000010010110100010011110010011000000111101100010000001001001101111000011001111000000101101101000010000101010011011100100001010000110001000111111110000000001100010100100111001000110001000110001100010000101010010010101101010111110110110000101010101110101000011101000000001101101001000100100010011010110110011101100010010100000010001100101010001010011011101011000011011110101010011100101010000101100011011010000111111000000001000011 
00110101111001010001000010110010001001000001011001000000000010101110111010011000110010101101101000000111100011011111101111011010100101010100010001101101000101111010000000100011011101001011001011000010000111101000110011111001100001100000100011011010001101110011110011101011000010001000100010000011010110001110010000011011111110011111000001001000110100111010100010111001000101000100111000111010000100110000010111010100001101001011111100111110010100100001000010011100000100010110100101100101111100011010110000100001 
10011100001000011110110100010000101101110111010001100001100100111101111011010110001000100101111111011110011101111001101010111100110010101111110111011010111100110000011000001110010111110001110111001011010110110110101100010010110011111001100101001111110111001101011101111111110001011110001000011001111001010011111000101100110111100001001111000100010001111011010010100100011000000110101111011111111111111101111011000110011110101110101010110001111100100010010001110001011101010010001110001100000110001001101010110111 
11001011011110000110001110010110100111001000100010100001100010101111000001011110010111011001010011010111010010110001111101001000111001011101011001111010110000111100101010100101011100001110000001011010001010000011000011111001000010110010110010100011111100010011001010100111100101000100000001000001111110100110000101000100000010110101100110001110111010101000111110010000101101100001110110011010100001000100000100001011011000000001110101010111000000010011111001000101010111001100000001111111001110011110111110000101 
00010001101000100001001100101001101011010100100011000001101011001101011010001011011111101011101110111100011111010101111100010100010000110011111111101000110101111110111111100001111000101111010100100101110000011001000111111011100111010111101110101001001101111101011000010111111000011111100000100110000111001001100110100000011001001110101010111111101100011111100111010010000110001100011111101110110001001001001000110000111011110000011001010001110010000000110001000000001000000010000110010101110100011010100101011101 
10000010110100001010001110101110100111001001011100100011100001110011000001111101000000000111110101111101001000011100000110010011001000110000000001101000011000100011011110111010000100010100101111010111110001010101010000001000001011001001011001000110100010001101100101001011111010010001111011000011010000101101010110000100100101001001100011111110110000101010001000101111110001100111000000001101011010110000101001001011100111011010000101100011000111010110011001101001101101110100110000011001111011111110110111000101 
10011001010101011101011110000010000101001110000000100001000100101101011100000100100000100100101000101110110111101010111100010001100010110110010001011010010010110001000110100100001111110000011101001001001101011111111100001111001100000101110011100101000011101000110000110111101001101000111000010111100011111010100000011110100110101001000010010010000011000110010000100000010000101110011001101010100101001011001001011001110010111001101010000001001011101010001001001101000010100010111001101011000100000000100001010101 
11100000111101011100101100111101000101010001000011010000110001000000000011001011100000001010100100011100100100001001001100110110100111110000111100010010111011111000010101000000110101010001111011000000110011100100111010110100000000110010100011010110001100100101001100100101000111111001110101110110001100101000100101010011000111110000001110110110101110001100101010000100110111110001111011000111110001011011010011001111011001100101000001100010101110011010101000101000011101010110000111000111000100001110110100010010 
10001110110110001111100000110010101011001010000011100110010110101010001110011110000010011100110000110010100110000000010101000010001100100100111110110010001001001000100000100000110100100100111010100100100101100110101010111010110100111011110100110110000000100000111101001111111000000000000110100010000100001000011000111101101110010110111110110000001011110101011100001001000010010000111011110000010010001011101011010111111100010110000111011011010101001111000000100010101000101000101011110111001111100100110001111010 
00010100000101110110111111001000101100101101010000010110101011100100101101000010111111111101101111101110101000000111001011111100011001111101110101101000111111011100010110110001100110101100000111001101001100100000110110011010101100010010010111111011111111100001001010101110101011011010011001011011011111000011001000001111101111101001000110111001011111000100010010000010101110010101101111111001111000111100100010011100010101100100100100111100011100101101010001101101110000010000011110011100000010011010001000100011 
11110101100111011000000100101100001111100011011001110110010100110001100010100110001001001101000001010011101100011010000111101101101001101100010001000111000110010111010000010101001011000000111000101100001111101010011010000100001010101000110011001101000101010000000101000111100101110011000010001111011111000000001101111001001101110011111110110001101010100001100101000110000011000101001110100000101010001001000000011001000001100010110111000100110100011111100101000101111010101100011010011011110001100100111111100010 
01101000011100111110101100011001010001100000010111110011111111101011000101110001000101001010000001011000101110001101111000110110110110100010111111100000011111100000101110101101110000011111000011111001110100111111000101000000010001110101010101111010101110101111011011011101011010111000111011110001111000111100110010011110100110100010011011010110001001110010001100101001111001011011111011010101100010010110111101000110100110001101100000101011001001100111011110110011010111110010011001101001011011001101011110010111 
01101010100110100001111110001001111010101001011110010111110110011000000010011010110101101010101010100101101000000010110001000000010110010011010110101010111110100010001001101000111000101011110000000100111100010101011011010100011101000001111110100011101001001011011100010011010101011001000111011001100111101000010100011011011011110011101100101111110011110001000100110111010001100011110000000000101100010101000000001000111010101101010000100111101100011111110111101010110110110110101011100001000110100110110110000111 
11001101110001111010101100111101010110100100100010101000011001101001100101001001001101110011010010001100100100001100000000110000101000101100001101000011000010000000011010110110100100101110000000110001000111011110100100110010010111011111001001000000111101010011111000010001011000010000000001100010000111110000001000110101001011111110011000111010111001001100101110010010011110110101101000111011110101110100000100001111110110011001010101001110010101100110101000000001111000001010100001100101101011000110001010000001 
00010111111010111001000010000100110011001011111111000011111110110110000010001001111000011000101011010100111010001100110011111000010000101110101111101110111010000110001011000001111011100111010101100111111110101000010110111001011110111110001111111110001001010010101010100101110111011100000110111001111011111000001000000010001001101010000011000001111011001100100001110010010101111100101111101000111000001111011111110000000101010001100000101010011111101110000100011110100011010101010000101111110000010000101110100001 
01011011100110010111100101001111101011000001001001111111101110110111111010000010100111101010001010111010110110001001110110111100111011101001010110001010100110100111000111011001001111100001001101001110111001010001101000011111011010011101010100100100101101001111110110100110101001010010110101100110111110100111101101010001000011101100011000011011000110110001100100110111111001000110100010110010111010111001001101101010100111111101100011101011100011011010111010001110101110110011100111010011110101011001110000110001 
01001001100100101000010011001101110011111000000100110110000101110000111110011110101011110000100010110010001001001011100101101010111000111100000010010000011010101101001110111110101011101101101110001100001111110000011010111010001110000100011100100111111111110111001101010101111001011100111101101111010011101100000001010101101111111101011010010001000111110101111111111101111011001010011110101111010101011111111001011111000110101001110011011100101010101110100011001101010111100001101110010000100011010100111111111111 
11001100011011000010011011010001011000001111000110000001001001001010011101111001011011000000101100100001110110001111100011111100100100011100011000000010110101010100101100100001001001000101010110011110000111111001011000000101110000000000000001010000101000101101110010111100111010101001100100100010110101001000001111110100011100001011010100001001111011001010111101110101110010100110110110100011000001010101001001001001100001010110101100100011101000000010110111001011010110110001000110010101110000000100110110001011 
00110001001001011111011111001110101111101001110000001001101111111100011010101101111001100011011011000001111111101110011011001100101111000010000001001111110111110100100100101111101010111001101101100001011011000001000110011101000100000100101001001101110111011111000000110000000100111111111101111101101111110011110111111000101011100011000101011101111110111010101111110010111001100001101111000011100000101001000000100000100011111111111010000101111100110110111011000111011111010111010100111000001111011111010110001011 
00110001100110011110110001101000000011110111011011011100111100100100010100000011101000100110100100101011110000001110110110001101100100011110100010010010001101101111010100001010100001111000101111110011000000101111100001111110100101111101100000001100110100011110100110001011101011100100010111100010111110001011001110001001010001110111110100000101101100000011110101000111101101001000101101100010100101010111010011111011000010110011101111101000100110101000010001101101111110111011010101101011100010011101101101001111 
10000111000001010111101011000010000000000111100010011011000000000010011101011000110010010001000010101000011100101010110011000011100000110011110100110000101001001000010001101111011110010100011010111001010000100010001011110001001111000100110111111011010100001101100000000000001010000011100001001110101111111010001100111000110000000001111111101100001111010010010010000110011111011010000110010110110110001101101101001001011110101101111100011101010100001010111100010100110101111100000000110000000010000001001111000101 
11111110011111001000000000110101111001010100001110100010010001000011100111000110100101011110000001100110000110110101110000111101010000111111010111110000101011010101011111111000010100010111010101110101010000111111110001010011001011011101011110111000101011101000101110110100110011001100001011001010010101111000101000010101000000111000110010100011100010010110011000011001101110011110011101110101000110010010001110011010011100011000000011001011001000001000000110110000110100011010011011000000110101100100100010100101 
11000011001010010101101100101010000100110110011011100011011001011001101010101111100110010011000010010100000101010100111111110101000110100110110110100101000000101000101011111001100001100101111110011001001011111011001000001010000000001100010011011111100101110110010111011001000110000001101111101000000100111000000011111011110111110100000111100110111011011100111010101001001001100111101100100010010011011110011110010110111010110000110001111100011100011010100111100011001010001110001000000011000001001000110000010101 
01011011011001000011110011001000011010010101111110010110110000111111011110100011001010010111101010000100000111100101110001011010000100100010111101001000110111000110010001011010110100010001011001010010111000010110100110101101110001110101111001111010010000101011001000100100001110011100100110111000100010110101110010001010010111001101101000110011001000010110101100111001100101110010100001011111010101000010111010100010111111010101000010010111101011001001011100101001001111110101000101000110100111011111001110110001 
00110110011110110101011000000001001000101110010101000010011010001100110101011001110010100000011010011100010101001011010011100111000111011011101111110001000011101100011110111010110111111110001100010111100010100001111100101101010111001000001110100110010010100110101111111010111001111101101110101000100000010100110111000111110111000001101101001010100101011000111111101101011000111111101100110111010100110000111111101010100101100000011010111111001011110000101000101011100000011001001110111110010111011010101100001111 
11101111010010010101101100101111101101000000111100100110111000111100010110000011100111111110011011110110011001110001101101010111010001000101100110111100011100111010110011001111110110100100101000100101000101110010100100011110010111111001111110000100001101010011100100100010010011011000000010101101000110111011010010001001100001111110100101111111000000110001111010000101111100011001000001010100111001100010101100110101110011101101110001000100110110010101000010100001001010101111101100101110100101011011101001100011 
00010001001011000100110001011101001100001110111110111000101100000110111000100101010111000000000000011011110110011100110100100101000111101110101001010000000010011111010100010110000001101010101111011011001001000010100100101010011010110111111001001101000110010011111010011101110011100010111101101100011010110101101001010001101100101101000010010100011100100010111110000011111100000000011000111011001010000010111011110111001000000111001001010111111111111100000001111000111110100001010000111001010110111101111101110001 
01100101111110110101000100100010000001010100000010111110111100110100010100000100100111010010001100111101111010011101011110011101011001111010110010011011111010100101111001101100001010101100001110101110111100010011000110100010111100011111101001101001110111011101001101100100010101000111011111100111001101010011001101111010010110100100111110010011001001100001110101010011100000011001000111101110100010011101100100001010111010110110000010010000110001011110110001000010110001111101111010011011001010010111001101110101 
11111000101110011010101000001000000000011000111010100111101010010111011100001010010001100001011101011000111100010011010000111110101110010101101100100011110100010111010100110111100110101000011010101010110101000010101100001101101100100111010000000110111110000001001100100111100000010010111111110100101011000011110101111011110111110101111101001100011101101111001111100110010001101011101100011101111100100100111111111101101111010111011000101101110011110010011001001111010010110011101101110101010011110111011001010011 
10110101110101100000001100010111110110011100101111011101011001101011011100000000010100110001101000101001100010001101000100001111110110100010001011110010001000100111110111101010111011111001110100101000110110010100100011111010000000100110000100111000000100000011101110000011100100000011100111111101101001101001101100000100001100110011001111111100110100100010000110100001010111110110010010000010101000001110001101000100011111011100001110011111010110110011000100000111000000001001010110011110101011001100011000100111 
01010111111010110010000111011000011100100001000001000110110100011100001011000110110000111011100111011000010110000111110110111001010100110000100011011010110001111000001100110111101101100001000011111111000100010100111001000000110110011110010000110101111111011111010111100101100011101010000011001011110000010100001111100110110001110001000111100011101000110111111110000101011111001110110001100111011000010001010101000100110000111100000010011000011111100111011100001001001000001111101101000100000111011000001100010001 
00111111011110011110110111010010011111010010110110010010000100110010010010001011110111001101011100000010100110011101000110101110000101001010111010101101111101000100111100101010011010100010101110000010011111100010001011110110001101111011001010011110010000110101010111101001011011110011010001100011001011111100111001101010100010100110110111111100010001000100001001101111111101011101100010111100110100011010101010000010111110001010110101111011110010111011011111111001001110001101001011000000111100110110010111101111 
11101110111000110101110101111101011111011100100110100001001010001111110111011101000101001100001111110100011111111011001111110101011110111100111011110001100000110110011000100000110000111100110001011100111110001110101011011111110010001101111010111101101100001010110010110011011010101101010011110100010111001001111011010110110111111001001101011110101101000111100101101101010001110010100000101100101110100001000000110001001111101010000010001010111101010000111101011100101111001100110110110111001000000101000010101101 
00001101100000111111000001001000111000111110011111011000111100100101001010111110101000010010111100100010101011011111110000101010010111011100011011101000101010011110101100000101011111000111010010011001110110001100000001110110011011010100111100011110011011000110011010111011011011000010111101000111010111111100011101001100110110100100011110001001010011100001001100010111101001100110010000011111111111011111111111110100011100111010011010000100010101011110010111010111101101011101110001010101001110100001001000000001 
01010101010110000111111001111111110010101100001011100000101011001100000101111000001110011111011011110101111001101110111100010110101001101100010001000011010000010011000010111001101001111101010110011001100100111101111101000011110010010001111101000011101111111110000000100110110000011000100010011000110110111011001110110101001010101111101100001111101100100010110100010000000010101100011010101000010110100100011100010010010100110010101000010001011100000000110100000110010001110010111010011000001001001001000000011101 
10001000110100111111100101111101000000100000001101010001110100001100111010000011000011010000000001000101110110111111100001001001010101110110110110000001001100011011100110101000111101001000101110000101101001101100011011010010100011101001000000001000111010101001100101011110011011100110111011101110010000011010100010010110001000000110001101111111011100000100010011100101001100011100011001110010010010010110110000000010101010111100111111100011000001110101000010101100101110011001110110111010010111111111000000001001 
10001101110011100010001011110101100100110110100110110010010001101011000111010110001011011000101010000110001101001011100001110011101011011010010010000000100010110011100010111000101111110010001000101011011001100111110011101000000001010111101110100001011010010011100111011101001111001011110101101001111011001111010001000111011001111000000111100010110111011110111010000000010101000001110001100010010001110011101100010010110000100110111001111001011101101100010010000001111100101010111100101011111110110111101110100101 
