00100100110000101000100000010000110100010000000110110001100000110010111100001111010010011000011000000100010000001111110110010111000111000010111000100001001100000100000110011000100101101010100100000100011000100010100001101111110010101000011001100000011011001001010011001111011011001011000011001010000001000100010100101100011001100100001000001100001101000110100000111000010101101000100000110111010011011100110000001001001000000000000000110000001000110001111101011100000110010100101000101100000100101100010001011101 
11111011101000000100011110110011101011101101100110010110111101110001101110110010111101101110100101101110110111001010111110101001100101010111111110110111101001001001110110011111111101101011101110111010100001110110110110000011010011100000100010011111100100111111100111010111010110100010010010100101111000011011110111111111000111110100110110110110111001000010101111101010101101101011100000111100110110100110111101011110011101111111000101100111110110101111110100000011110101101010101000001100100101000100010111011011 
00110100110001101000000000010011110000010010000110100001101000110010111110101111010010011000101000000101010000001111110010010110000111100010101101100101001100000100000110011000100100101000100100000110011000100010101001111011110010001001111001100100011011000001000011000101011111001111000011001010100011000100010100001101000001100100001000001100001101000110100000110000011101001010100100010111010111011100110100001001001000000000000000010000001000010001111001011100000110010100101000101100001100101100110001011100 
00101110011101111010110010100010101100000000001000110101001000110110111000101100011010010110100010000110000111101101000010000101000010000111000011110111000101000101100110100000000000011010001100000001000101101001010100101110100000100000011101010000101111011001010010111101000101001001000001100010010100000101100100100110000101101000010010100001000011000110000011001010000101101100101100110111101010100000100001000000001110010101011100011011001001011110011101010111000000010100110110010100011100111000110001000001 
10100100010100101010100010000000110100010000010000100001000001110010111100000100010010011010001000000001100011101111000100010101000010000010001011100101001100000100100110110001000110011010000100000001011000110000100101101110100010111001011101100000011011011001010010011101001011001011000011100010000001000111000000100111011000000100010000001010101011000110000010101000000101111010101000110111011011000100111001001001001000100010000110111010001000010000011001011101110010010101100000010100011100111100110001001001 
00100100110100101101100000000000110100110000001110100001100001110010011100001010010010011000001000000000010010001111100110000111000011000010011011100011001100000100000110011000000100011010000100000100011000110000100101101110110010101000011001100100011011011001010010001111011011001011000011010010000001000111010100100101010001100100011000001010001011000110000110101000000101111010100000110111011011011100101000001001000001000000011110111000001000010001011001001101100110010101101000011100011100101100010001001101 
11111101011110101111111101101110111110001001010010001100001110100101001011010101110001001111110111111100000101110111000011101110101000011010111001111101101011011010000100111110111000100111011010111101100111101000010111110010111111111011010101111111111100011110001100001110110111011001110011101101101000011011001011011000011110110101101001000100100010001101110010111010010101100101000111111111011011101001100011111010010111111010010010110100101110001011011100111111011101110100011101001000010111001101000101011010 
11111101011111101111011101011011111110001001110101101100111111100001110011010101110001001111110110111111001101110001011011101110111000011000111001101101111111001110101110110110111000100111011001011111000011100000010010110010111110110011011101010011100100001110011100011010110100011001111010100100000011001011110001011000011100010001101011001011100010000001110011111010011101100111000011010111011001101001110111111010010111111000011110110100111100001011011100011111011101100111001101101001110111011100000101111011 
10111011101001000101011100110101101011101110000110000101111101100001101111110000110101100110100101111110111110011110101110101000010101110110010101110110111001001101110100011111010101101010100110111010101101100010110110000001011011100101100010011110100100111110100111010111010101101011110010100111110000011111100011101110000111111100110110110111101000111110001111101000100101100011110100111110110111100110111100010110011101111111001001110111100010011111111110000001101110101010100000001100110100001100100110011011 
11111011001000000100111010110011101011001101110100001110111101110011101100110101011101101111100100000111110111001010111110101101100111010111111010011111101001001001010110011111111101111011001110111010100001110110110111000011010011100000100010010111101100111111100101010111010111100011010010100101110000011011110111110011000111110110110010110110111100000010101110101010101001101001100001111100111011010010111101011110011000111111000100100111111110101011110100100011010101101110101000101110100101010000011010011110 
10101110010000101010100010100010111100010000011000100001000001110010111100001100010000011110001000000110010111101111000010010101000010000110000011110101000100000101100110100000000010011010000100100101011000111101100101101110100000111001010101110000011011011001010011111101101111001010000001100010000101000111000000100111010011100100010000000010100011000110000010011000000101101110101100110111001011000000111001011001001000000010000110011011001000011100011001011101100000000101100100010100011100111000110001001001 
10100111111100011011111101111111101101100111000110001101101110101101100101100001111101111111001111000001010100111111110001011011001101011010111111011111111111111010000110011001011010001111010101100111100010001110100110100100101110110110111101101110111111111110000111010110001110011111101001100101001000011010011000111010010010100101000001000010100101101001101011110110111000100111100011111101001110111011101010100111010111111010001011110101001110111111001110110101001011011011010000100111001000101001010001110010 
00101110111000011001001000101010101100000110001010110101001101010010011110111001000110011010001000101000100110101111000000010101010010000000000001100011010100100101100110100000000110010000100000010100001000101101000110100010100010101110100110110000001011110001110011110101110010011000101000100011010110000111100000100011000001101100010100001000000111000100000011001101011101101100111100111101000011100010011100011101000100110101000110011011101010010000010011011101100010001001010111000101010100111000010000111001 
11111011101101100101111001110001011111011110000111101011010111001011000110011001000011010110100101011010000001010111000110101010000000010110101110111110001001001001010010110100010001100010010111000001111110100010111100011111011010001100000000111001010111111010101010010110011110111100101101110000001101011111010110011110000101110110110111110001010100010101000011100011100111001111111010010101001111110011111111110110110000110010110001110100100100110111110111000010111001101000101001000111011111011110110011010101 
00111010101000101111111001110011010001111010100010010001101001011011001111100010000011101110110111011100100001101011001010101010111001010101110111101100011000101011000110001001100101101110101110100010111100100001010110001101111000000110111011101001110110101111100010011111101010100011111111110011101101111101011110010100000111110111100100110100001001001100000011101111101011101011101010011100110101111011111111000111111100001011101011101101111111110110110100000000011001100101100000110011110111001110110010100001 
01111101011100100111111101101100101110001001010010011100001110100101111011010101110001001111110111011000010101111111000011101110100000011010110001111101111011011010000100111100110000001111011010101100100111101000010111110010011111111011010101111100111110011100001100001110010111011001100011101001111000001001001011011010011110110101101000000100100010001101110010110110010101100101000011111111001011101001101011101010010111111010010110100110101110001011011101111111011101110100011101101000010111101001001101011011 
01111011101100100101111001110001011011001110100110000010011001011011001101111010010011100110110101011110100001011011100110101010001001010111110111111110011000001011000100001101010101001110101110111000111001110100010110000001011000100100100011101011010110101011100111011111011110101011110010100011101101011101110010110100000111110111100110110100101000101100000011101011100111101011101000011100100111111010111111100110011100011011101001101101110110110111110100000010111101100100000000010100111111001010010011010001 
11100111110100110011111101111100101111100011010010101101101110101111011001100001110101001111111111111000010001111110010011001110100100011010101001011101111111011010000100111100001000001000011101100101100110101000110111110010001111101010011101101100111110011100000100011111011110111001100010101101011000001010001001011010011110100101000001000100010101100011110010110110010100100101000011101111001111101001101011100011010110111011001110100100001110001011101100111111011011110010011101110100011111101101001001011011 
10011101010010101110000101110100111011011011010001010101000000000110000101001101100100111110101110100110001101001011101100111010011011010101111011100001111000010001101111110011001101100010010010100100010011110111100110000010011000101100111010100110110001000101011000111100110011010010000100111110011000011001110011110010111111010000010101101000010000100000000101010011110001010010000101111101100100011010101111001111001001110111010000100010100101010111011000100100010101010111111100001111111011001001110111001001 
00011011010000111011111000001011101010110111001011010001101110111100101110001010100000110110110000101011110001000110111001001010111110100111110111011110100101110111101000101100101100111001001100100111010101101110000101010111111110000101110100000010011111111000100010000011010100100110101100100111100100100011011011010111011100000100100011111111110011111101001110101010001101101110011110011010101101001000100110011001111111101100101100110110111001001100111100001111101001111101001000010000111101111101101011010101 
00111110111000011011011101011110110000000010001110100101001101010010111011101001010010111010101000101110000100100110010010010101010000010000000011100011010100000011100111100000000110000010001000000101101000101001000101100010100100101110110101100010001011010011100110110100110100001001001000100011010100000111100010100011010001010110010000001000010101010110000010011010111001101100111000111111010011100010001100011100000000110101000110001001001001110010011101010101000001001001010100010101111100111000111000100001 
00101111110101010111111111110011110111001011100010010110000110111100101110011011001111111100000011111000011001001101111100001001100100000011111100111111110110010111100101000000011100001110100011111101011010000010000111100010000000001001000100110010101100000110111000111110101111111101111011011000001001111000100100100001100010101111100110011101100110110000111000111101000011100111010100111010100011011001001110100000100111111011101000001110001010011100111111000110010010100111100111100011001101001101110011011001 
00101111010101000011110111110011110111001011100011010110000110111110101110001011001111101100000010110001111001001100111110001100100110000011110110111111110110110011100101000000111100001110100011111101011010101010000011100000100100001111000100111010101110000110101000111010101111111101111011011000001001011011100100101001100010101111000110001101100110101000111000111111000011110111010101111010100101001101001110101000100111111111100000001110001010010100101011010100011010110110101111100011001101000101010111001001 
11101110110100101111110101101100110111100111000010111100111110000111001011011011010101011101111001111100011001111110000010101110101100001100101010110101111111011110010100101100001000001000011001101100100101111000010111110110011011101111111101101110011000001100100111001111011111101011100010000011010000110101000001011011001111000101000000111010110111100000001100110110010011110101011001101000001011100100101111110011011100101011111110010100011111000110100100110111111111110011011101110111111100000101111101011011 
11111101011110101111111101101111111011001001010010011100001110110101011001110101110001001111001111010000000011010111000011100110101010011010011001011001101011011010000100111110111011110110001010011101100111101001110100110010111111111011010101111111111100011010001110100010110011011001110011101001001000011011110011001000011110110100101101010110110010001101010110111010010101100000000111111111011011111001100011101010010101111010010010111100101110001011000101111111001101110100011100001000000111101101000101011011 
11110000100000100000101110110010000110000000010000100100001110011101000110000011110001010011100010001100101001100011110110111100111000000001111000011111010010111011100101111100101100110101001100110010101011101101101000101110100100011010011010001100100000100100101110010011010110010010100000110111110110000001101000100101011011101011100111100000011000110111100101011010010100110011011010111000011010101010010110111011100011000000100010001010100000100011001101001001011101000010100001010100100101001001011011010001 
00101110011000011001111101111110110010000010001111100100001101000011111011101001011010111110100100101110000100110110010000010101010000010000001011100011010100001011100101100010000111000110011000000100101000111001000101100010100100111110110111100010001011010010010111111100100100001001011000100000110000000100110010110010010001110110100000001000010001010110000011001010111101101000011000110101011111100010001100011101001010110101001000001001011000010010011101010000000001001001011101010100011100111000111000101001 
11101011101100100101111001110011000111101110100110000110010011101011001101111011010011110110110101011100100001010011100110101010000001010111101111111110011001001111001110001101010101001110001111101000111101110000011110000011011000100100100001111011010110101011100111011110010110111010100001100010001101011111010010010100000101110110100010110100001100011100000011101011100111100111101000011101101111111010111111100110011100011010111101111101100100110101100100000010111101101100001000000100011111001010110011000001 
10011110010000000101110011100100000001111101011011001000011000001010010000000100101000011011101101100001001111110111000001011001111010011111100000101000000000011111101001001000010101000110111001010001000111001111110011110011011000001010011101010010101010111011110111010010011101000101010011110110110000011010111111011111011101010100101010100110100000010101000011001011111111101101111100111111110111011111010100001101111101111011001100110111110110101010100101110001111111001010110001111001101100000101111100111101 
00111111111101001101101110111110111001101000001110001110101111001101000111111011001100100101100010011110110010001110010001001010010111001001110100110110011010101010010111101001000100100110001000010010111011010100001000000110011001001100000100001111110101010100001110111011000001010010001100110000101111011111101110010111001001111001011111111111011000011011111111100100111001100101011010110011010101110011111011001100100010101001101100100100111110111110011011011100110111110100100011101101111011111101011111101001 
11000111011001000111111010001001011011101000101100010000000000101101000110110110010010111101111000001000100011110101000000100100111001101000011010001111010010100011110101000111000010011001010000000110001101100000010110110110011001111011010110111101010000001000011000010000110101000001010010011001000100101011100101100010110100101100111010001011101001011101110011101110100100011001110101011100111101000001000100110111001010100100110101011000100110111000100110011011101001000000010010100111000101101101000111001011 
00100111110101010111111111110001110111011011100010010111000010101100101101010011001111111100000111111000001001001101111100001001100100001010111100111111110010010011111101001000011000001110100011111101011010000010000111001010000010001001101000110010101100011110111000111110001101111101101010011010111001011000110100010001100010101110100110011101100110110010101000111100000011100111010100111010100011011011001110100000100011111011101000001110001010111010111010010000010010101111100111001011001101001101110001000001 
00101110111000010010011110100010110100000010001010110101001001010010111100101001000010011110001010001110000111101101000000000101000010000010000011110011000100100101100110100000000010011010100100000101001000101001010111100110101000101110010101110010001011010001100010111101100100011000000001100011010100000111100000100011010101100101010000001000000111000110000010011010010101101100111100111111001011100000111101011100000100010101001110011011001011010110011111010111100001001101110100010100011000111000010010001001 
11010000100000001000101010110010000010001000010001000100001110001101000100000111110101010010100010001100101001100001110100111100111001001001111000011101000011111111100101110100101111101101000100110010101001101101100000001110101100011010011010011100100000100100001110011011010110010010100001100111110110000011001100100101010011101010100010100000011010111011100101010010010100110111011010100010011000101010000110111010100011000000100111001010110010100011000101011001011101000010100001010000100101001100011011110001 
00111011101010001011011010001100011111010011101010000000110001001011000101011010010001000100000010001100000011001010001100100000111001111111010001100101010100000110010100000001010001101011000010101010101010001000000111011001111000000110100001110000111100101010100001001010011111100011010011000011111001111001110010011100000100011110100110010001100100101100100000011111111011100010101001011001110010111100000110101101001110001011000011001001101001110010100110000010101001100100100011010000011011010110110011000101 
10111110100001001101110101110011110001100000101000000101000000010011000111010000010110000010011010110011001010100011101000001011010111011111000111100010011011010101100101001100011111001001000001100111111001100001110000000111000010000001101000110000000000011100001101110111111110110101001001111000011010100110110110110101000111110111101001111011010001100101000110001110001000010111110011010011110001111111100000100100011001100011010111000101101011100001110000001000110111001001100101000101011001011101110000001111 
11101111110000101111001110000010111100011110000100000000001001010011111001101100010101001110001001000010010111001111010000010101110011100100000001110100100000001101110010100000001010011000100000100101011100011101101001101110000100111001010001100100001011001100000101111101010101001001100000100011000011010111001010101001010000110000001000011010110010000000000011001000010101011111101100110111000011001001110001011000101000000010101100011101001010001100011000001000100000101101100110000100111100110000010001001001 
00100100110100101001110000010010100100110010001110100001101001110111011100001010010010110101000000011000010010001111100010010111000010001010011010100011011100000100000110011000001110001010001100000100111000110001000101101110110110101000010001100101000011001001010110001011111011001111000010010010000001100001110000000100010001100100011001001011011011100100000100101000100111111010100000110111001011001110100000001001001101000000001110111000001000010000011001001101110111010101001100011100001000110100010001001101 
11111011101001000100011100110001101011101110000110010111111101000001101110110010110101101110100101111110110110011110101110101000100101010111110111110110111001001101110100011111010101101010101110111010100001100010110110000011011011100100100010011110100100111111100111010111010110101011110010100111111000011011100011101110000111110100110110110110001000101100001111101010100101100011100100111100110110100110111101010110011101111111001001110111110110111111110100000011111111101010100000001100110100001100010111011011 
11111011100010010100011100010001101011101110100110010111111101010011101110010111110100011101100101111110010100011110101110101100100101010111111111110110111001001101110100001111011101101011101100111010100000100100100110100011111011100001100110111110001100101111100101110110000110101010110010000111111100011011100011101110101111011110110110110110111000101100010111101000101001100011000100111110110110100110111100011010010100111111001101110011110110011111110000000011101011101010100000001100110100001100010111011011 
11011101011110101111111101001101111110001001010111001100001110100101101011100101110001001111110110111100101111110111001011101110111000011000111001111101111111011010101100110110111000100101011010011111000011101000010110110010111111111011010101011011101100001110011100001010100101011001111010100100001000011011000001011000011100010101101111000110100010000101110010111010011101100101011011011111011011101001110011111010010110111000011010110100101100001011011100011111011101100101001101001000110111001101000101111011 
11111110110100111111111101101100011110100010000010101111101110000111001101101011110101011101101010011100010001111110001011101110101110001000001011011101111111011100001110111110001000001001011001111100100110111011011111110110001011101110111101001100111100011100110110000111011101101011101000001011010000100100000001111010001111000101000011111000110100000001100100111110010101110101011011101000001010101100101011111011011100111011101100100100011110111110100100101111100111010001011101010111111011010101111111111011 
10011110011010000101010011000100000011111101011011100000111100001110011000000100100000011001100101100001101111010101100001111001101010010111100000111000001001011111100101001000010101100110111001110000011111001111110011110010011000001010110101111010101000110001110111010011011101101101011011110110110000011000111110011111011101010110101010100110101010010101001011001111111111101101001100111111111111011111011110001101011101101111001110010111110110111011100100110001111101001010110101111001101100010101111100111101 
00101110111000010011010100101010111101000010001011100001001101010000111110101001000000011001101010101110000110101101000000010101110100000010000011110011110100000011100110100100000010010000100100101100010000101001000111000010101000101110100111110010000011110001100010110101100110011000001100110001110100000011100000100010010001100110010101010100010001000111000010001000010101101000101101111111000011101010011100011100000000110100001111001011101010011110011111010101100011001001010011010000001000110010010000101001 
11110101110011000101111000110100011001111000000011101111101000000011011110000100111001000111001111101000111001011011101010010101001011101110001111111011100100110010000000100000101011010110000010111110010001111111011001000111001000111001100000100010010000101001110011010100001100001000000011001011100110100110100000000101000010101111101110101000101011001010001100110010000100000111101010000111101110001011000100101110100000000000000000101000010000110010110011001000011111001110001000000100001000011110101100111111 
01010010011100000001011011111010111010101001001000000110001011000011111001111110111011000011100010100010110110100010100110101011101000101101100010100100110010001011001011100111010011100011100111111001000111100010010101111110110001011011010100100101110000100001001101011111111000101101000011010000000000111000001011101001101000010011000001101011111101011100111000010110100101010010011011001011111011101101001100111011011110110010100000110111000001111011101011010100101100101000000110000001111011001000110001000001 
00111111110000001101101010111111111011101000000111001111001111001001011111101010100000100101101011101110111001011110110001010110010101001001110010010110011000101010011111100010111100100010001101111110111011101011111001001110101011101001000110010111011111000101101110111011010010000010011100110000001111010011000111000100111001000010011011101111011000010111101111001011101111110100011010100001011111110011011001001101001100111101001011100110011100101110001111010101110110100000000010110100100001111110101001101101 
11100110110100000100011100001000100110010011001001110101011001010110011110000010000010011010111110110000000110101100000000100101010000000011000001110011000100100111100110000001100100011000001000000100011110111001100010100010101000100110000101010010010011011001110011000000010110011010001010001010011100000010100001100011010001101100110100001111010101110011001010001010011011101110010000101111001011100010011000001101100000110001001011011011101001110110111111010001100011001001010110110101011000111100101000101101 
11101110010101111111011101111000111111100010010010101001111111100111001101101001101101011101101110111100010101111110100011111010101000111000101011110101111110111010000100111110001001001010101001101100100111101000110100111110001011101010111001101010111100011110000000001111111111001011101000101101011000100000001001010011011110001111010001110000110100100001101000110110110100100101010001101111001001101100101001101011011110111111001110000110001100011111100000111011011111010010010101110101101111111101101001011001 
10100111110100110011111101111110101111100010010010001101101110101111011101100001110111001111101111001001011101111110010111001010101100011010101101011101111111011000000110111100001000001010011001100101100110001000110111110110001111101000111101101100111110111100010110010111001110011010101000110101011000001010001000111010010110100101001001000010110101100011110011110110111100100101000011101101001110101001101011100011000110111011001110110100001110000111001100111111001011010010010001100100011111101100010001111011 
01111010000100000011001000000001111001110010111000011010111110111011101111110001000000011010111011010110001000101000001110111001111111011001100000001101011001011011111011011111101011110100000000101101100011001011101100010000111100011110111100000100110101000001000011110001001111010001110111101101011001110011110011111010011110011000110001111100001101101001001010000001001001010001001111101100010010100011101101011001000100001011001011111100011000100001011110010110000111000110110001100001001110011010101001001001 
01010001110100001010110000101011011011100100001110111000010001101000001010100000010011010110101100111110100101000001001001000100001110111110000000000010101101011100001011000011100110111010011000011001000100110111011100110111110011101000000000000101001011110011011101010001000111100000000110110100101000000111000000010100101111010010101100010101000001111100010111001011010101100101110101010010011010001101110110101010001010100001101001000111111101110010010101110101011000001111000000101000100100100010000101101001 
10101000011100111101010011100001010100011111001110110111110000000111111100001010110100011100100010111100110101111011100110000101010111000111010011010000000111001111010001000100111111110101000100101101100100000010010101110100100010110101110110100110101000000100101010100001101100010000010001100101010000101110110100110010001011011100110011001001111111101101111010111110000111101011010101110111111001011000000010011000101000000011110011111100001001000010110100110010100111010001110000101110110011010111110000100111 
10001101110100101101110100110110001000010000011000100100000110010111001011110000000010000010000100000010000011110111011000111100001100000101011101100110011001011111001001001100001110100011000001111000000100100000000101001111000111001111100001010100111100011101100001000111100000111101000000001111111011001100110000010000000110111111000001101000010001100100100101001110001001011111001010000101101010001111010100010100111100000011001111000100011011101000100101101000100010111001000100110110010110001001100100100011 
11111101110101111011111101101100101111101001010010001101001110101101011001110001110001001111111111011000010001111110010011101110100000011010100001011101111101011010000100111100101000001011011100100100100110101000010111110010001111101010010101101100111110011100001100011110011111111001100010001001111000001000001001011010011110100101000001000100010010101011110010110110010100100101000011101111001111101001101011100010000110111011010110100110001110001011101101111111011001110110011101101101010111101101001101011011 
00101110111000011010110010100010111100000000001000100101001000110110111000101000011010011110101010100110000111101101000010000101000010000110000011110111000100100101100110100000000010011010000100000101001000101001010110100110100000111000010101010000011011011001010010111101101101001000000001100010010100000111100000100011010111100100010010000000100011000110000010011010000101101100101100110111001010100000111001010000001100010101011110010011001001011110011101011101100000001101110100010100011100111000110001001001 
10100110111000000001011100001011110101000010011010111101011000010010011110000001000010011000111110110010000110100110000100110101000000000000010001100011110100100111100000000011000000010000000000000100001100101011000001100010101100100010010001010000001001011001010011010001010010111010001010000001010100000110100001101011010001011100011100011001010001101110100000001010011001101110111000111111001011110010001100101000100001110101001111001011101101111011011101010001110011000001010110011101101000110010001000101101 
11101111010000111011101110000010111100010010001100100000001001010010111000101100010001001110001001000110110111001111000010010101010010100100000001110101000000001101100110100100001010011010000110100101011100011101101101101110100100110001010111100100001011000101010101111101011111001000000000100010010001010111010000100011010000110100000000010010110010000000000011001000000101110111101100110111000011000000110001011000101000000010000100011100001000011100011000001000100000001101100110110100111100111100010001001001 
00101110111000011011011100001010110100000010001010110101001101010010111110101001000010011010101010101110000110101101000000010101010000000010000011110011010100100111100110100000000110010000100000000100001000101001000111100010101000101110100101110010001011010001100010110101110110011000001000100001010100000111100000100011010001100100010100001000010101000110000010011010011101101100111100111111000011100010011100011100000000110101001110011011001011010010011111010101100001001001010100010100011000111000010000101001 
10100100010100001010010010110000110100010000010000100001000001110110101100000100010100011010001000010011000011100011000100010101000000011011001101101001001100000110110110100001000110101011000100000001011000110000100101001110100011111001011100100000001011011001010010011111001011001011100000100001010001001111000000100111011000000100010000000010101111100110010010101000010101111100101000110111111011001101111001001001001100100010000110101010101000010000011001010101110110110101110100010101011100110100110000001001 
00010100010001101010100010101010110000011001000010100111000000110010111111000100010010001001000110000011000011100010000100000001010000100011011011100101001101000100101111110011001011011010001100011001011000010100100101001110100011011001111101100000001011011000000110001000100011000010010011101100001001010111100000100101001110100100111000001010101001001110000000101000000111111010011101101111010011000101110001001011010001101110000100111110001000010010011101010000110010001101010000100100010000110000110000011101 
10110110010001101010110010101010110000011000000010000101000000110010111110000100010010011010000100000001100011100110000100010001010010100010001111100101001100000100101110110001001111011010000100001001011000010000100101101110100010011001011101100000001011011000000010011000101011001011000011101100001001010111010000100111011010100100011000001010101001001110000010101000000101111010011001110111011011000101111001001001011000101110000110111110001000010010010101011101110010011101110000010100011100110000110000011001 
01010101110011000011011000110101001001111100000011101110101000000011001101000110110011000101010001101000110000011000001010010101001011001011001101110001101101110110000100101001101011010110000011011110110111110010011001001010000000111101101000100010010000101000011011000000000001111000101011001011100111110111100000011001100110000000101100101010111001000001011000111010100110000110101101110111101110001011000101101111100100010000100000101000010000110110110110001101010111001100101100000110101000010110100100111011 
11101010110011110010001111100010001111011011110011101101010100100110110000000000111101011110000011000000110111001000100000010100111110001001111011110110000001110110101010100101100100011011011000110010011110000000111010111000010000001000111001010110101101011001100101101101011010011111110011001100101010010001111000011010111110011011110101100101110000101010111111010011000001010110001010110011010111101000101101000010100000001011001010110101110111011011110011010100101101000001000010001111100110011110100011100101 
11000101000010011111000110101011100111101000100011010000111001101000010010110011100011101111111101001100010100011000111000011001001111010111101111100100100100111100010100010010010001001001001011011010010111111111101101111111011111010111000001111001011110100110100110100001101001010110000110011000111001110100101101010000001001110100000000110010100101100110110001011110101010000000100111000111100111011001010111011111111001111111111110110100000101111100110010101001010100000011101110001100010100011011001101011111 
11010000101000001000101110010011000010101000110001010100011110011101000000010111110101010010100010001100101001000001110000011100111001001001111100011101101011111111100001110100101110101101000100111010100001101001100000001011101110011010011010011110100001000001001100011111011110010110100001000111110111000011000100010101010010111010100110100100001000111011100101110011010000010111001110100000011000101010001110111010100011000000100111001010110010101011001101011000011101100010100000010000100111000100011011110001 
11001011110101101100000101101111100110100001011000111010011101110101000100000011110011100000011000001111100101100001101101001001010110011000001001010001110011101111111010100000001101010000111011100101101101100111100101101011000000010010010110100110011000010000100101011011110001000111000100010000100010001110001001111001110000011100100110011110011010001000111010001011011111010001101011000010110011000001010010001100111101110001101101100111110011010001001011010000000111010110001111101100000010001101100110101101 
10100110111000010001011100001010110100010010001010110101011001010110011110000001000010011010111010110000000110101100000000110101010000000011000001110011010100100111100110000001100000010000000000000100001100101001000011100010101000100110010101010000001011011001110011100001010110011010001010001001010100000010100001100011010001001100011100001111010101111110000010001010011001101100111000111111001011110010011100011001000000110101001111011011101001110011111111010011100011000001010110010101011000111000011000101101 
01000010011000000001111011111010101010101000001010000110001011010011101011111010111011000011101010100010110110000010101110101111101000101101000000100110110110001011100011001011010011101011010111111001000011100010010101111110110000111011010001100001110001000011001101001111100000001101001011010000000010010010001111101001101000010011001001101011110000011100110110011110100101110010111011001111111001101101001110101111011110101011100000110111100000111011101011010100100100101000000110000001111011001000100101010001 
00010010101010110100100000100111001000010100011111001110110110010011100111010100110100010101101111110111110011101000011011010110110011001010011001110011101101011001010001001000110100010010001100010010111100110000010001101110011111000100000100001000000001011000000111001011001110000110110110101100010111010101100100011111000001110010101101000101111110011110000011010110101001010011010000111110100100100011011001101000110000110111001101001110110010010010000011111101001000101010010101010010101111101011001100000111 
01100110100110011010001110010110000001011101111011000110011110010110011111110000000100110011010101100001011110001110010010010011010110000011000101011110111010100111111100001101001110011010100100011100010001100011010010000100100010000100110110010010101100101001010101110101001000100011011101001000001111011001110110000101000010100101011011011010110000001101110110010110000000101010100001011101111001000010011010110110001100001011011101010001101000110100000000001111100001001011101100101000100110110101010011100101 
00010000001001000111111001101010111111110100010101010101010101111101101011111101001001001000000011110000001111110011010100011010110110110100101110110011110001010010111110000111100111110101011001101111011100001101001101110010011011011100011101011010101001010101111111110101100101000011000111000000010001100010101011010001010100000010110010111000010011001011100000111100111010111110011010011110001000010011011110101011111110000010100101011111001010101001000110111101101000010011101001000011111100000000001001010011 
01101101111101001010001010110000000000100110101000011010001100010000010111110100100101000000010101111110101001010011100111101100111111110001111110111001001110100111001111000111100001101010001101011010100111110001010000000010001000001100001001110110000000100010111111010010110101001101100011111111011101101110110100010110010110101010010001010001110100011100100011111001000111000110100110101010010001101101010011110011011111101000110001100001001101000111001100100010101101001000001100101100101110010100010010101011 
11001000001001110001011010000010010000001001010110110100001011111101000000111100011100110111011011000111000000011110010110001011011100101000111101001101111100000000110111000010011101000100100010111011101000111100111111011011111000000111110000100101110111011100010010001110011010111110101100000100110011000011111011111011101011010110110000111100101101010011001001001110000000010000111111101110001110100111100010110000110111011101010000100101001010010101110001111001110100111110110010111110101100110011011101010101 
10000000010110010011100000110000110011111010111000001110100011111011010000100000100110110111001010100000011011011010011010110010001010000011111010001000010111100011011010001001001101000000000000011100101011000011111010000101100001111011100101110000000000101110001111011100101101011011111011000101110100100010101100111011100111000011100110100110010110101001010010010001001001101010111001001011000011110000010111010111100010100100010101111010011000101100111101111100001111001000100010111011000101110110011100000011 
00100100001010101010101001111110000011100100001001010111110000111010101111100011100111001110011000101111101101001001110111111100101100101011101010011000000100000000000110000000001010110110111000010011000110111010010111111010010101000011001100110001110100100010100101100101001100101011111010100110000110010000100011011011100001001001101001011100101000011111100110111100000101110100001110111001001000011111001001101000100001100100000000010101111101111100011010010110110000110101111000000111011101010011111101110001 
10111111111001001101101110101110111001101000000010001111001111001101011111111010101100101101100011011110110001101110010001001110010101001000110110110110011010101010000111101001000100100010001001010000111011000000001011000110011001101100000000001101101101010100101110111011010011000110001100110000011111011111101110010101001001111001011011111111011000011111110111100101111001100110011010110011010101110011111011101101000000001001001101100100010110101110011001011100110111100100100011101101111011111110001011101001 
00111101111000011111011101010111110000100000011110100101011001010010111010101001010010100110001000101110000100100110010010010111010010000000100011100010010100010011101111100000000100000010001000000101001000110000000111100000100100101110111101000010000011010011100110110100100100101011001000100011010000011001110010100011010001010110010010001100110101000110001000011010111101001100011010011011010011001011001100011100100000111101110011001001001001110010011101000101000001001000011100010001111100111001111000101001 
00111011101000101111111001110011011111111010100010000000011001011011001101110000010011100110110111011100100001001011100010101010111001010111110111101110011000001011000100001001010101101010101110111010111000100000010110001001001000000110111001101001010110101011100111011111111110100011110010100011101101111101111010110100000011110110100110110100101000101100000011101111101011101001101000011100100111111010111111000111011100001011101011101101111111110111110100000010011101100100000000010000111111001110110011000001 
01110101110011010001111000110101011001111100000011101110101000000011011110000110111001000101000101101000111001011011101010010101001011001111001101111011101101110110100100101000101011000110000011011110010101110111011001001111001001111101100001100010010000101001010011010100000001011000100011001011100110110111100000001001000000100111101110101010111001000000001000111010100110000110101010110111101110001011000101101110100000010000000000101000010000110110110110001000010111001110001000000110101000011110100100111111 
11000010110101101100100111101110100110110011010000101010001101110110000100000001110011111001011000011111101101100101101101011011010110011000001000010001010011101101111011010000001100000010111000100101101101110111110111101010000000010010110110100100011000000011000101101011110001001011000100010000100110001110001101111001110000011100100000011110011010001000111110111011011101011001100011000010110011100001010011001010111100110001101101110111110111000001001010010000010111010110000101101000000110011101100111001101 
00000001110101111111110000010101001000011111101000100000010111100000111101101001101011110111111010001100110111110100100110010101101111000010010001111101011011110111110010101111110100110111000101101000111000100111101010110110000010110111000110000111111000011000110010011100001111010100001001111010100001110101010100110010001111111100101000001110111100010100110110010101100111010110000001110111101010010100001011111010010001001010001011010101010100101111101110001000010010001001111101011111101001001110000101100101 
11001101010000101101001010010111000000000110101010011101100010101101110100011000000001001110000110010111001101111010111011111101001000101110010111001010011001101000011110000000111101110101111001111010000110010010001110011010110011100010001110100011010111000111110111001011111100010010100101010011011101000111010001101101111101010000100111000111110101011111010110100101100101110101000000101011101010111010111100110100100110100000111101001111111111001001111111110111111100000001101011010011110001101010110100000111 
10111110100001001100110101110010111001100001101000000101000000000010000111110000010110000010011000110011001010100011001000001011010111010111100111100011011010011100100101000100010110101001000001100111111001100001110001000111000100000001101001110000010001011100000101010111111110110101101000111000101000100010110110110100000111110110000001111111010001110101010111001110001100000011100011110011110000111111100100100100011001100011010100001101101011100101110000001010110011001101110101000001011001011001110000000111 
11000010011000001001110101010010101010100011001010100010001001010010101010111010111011000011011010100110110110000010101110010111101000101101000000100010111110001110100011001011010110001011000111111000000010100010010001111110110000101011111011101101110001000010001111000111100000011001001000010010000011010000001111001001001000010011001001001011100000001110110110011010101101111010110011001111101001111101000110111111110111100000101001110110100000111011101011000100100101100000000110100001100011001000101100010001 
00111000010010000101110111100100000001111001111001001011001000011010010000000100001001011011101101110001001111100011101000011001110010011100100000101000001000011111101001011010010101000110111000010001000111001111110111010011011000000010011101011010001100111011110111010001011101000101110011100010010000011010111111011111011100000100100010000110101000011000000011011001110100100100011101111111100110010111010110001011111111111011001000110111110111101010110101110111111101001010110001111011101101000100011100110101 
11000000010001001100000101100111100111110001011000101000011101110100001111000011110011100000011000001011100001100001001100001001010100011000001000011010110011101111111010100000001101010001111011100001101000110001100101101011001000010010100010100010011000010000000100001001111001110110000100010000100010001110001001111001110000111100100110011110010011001010011010101001011111010001101011000010110011101000011110001100100101111001111110000001110010010001011011011010100111000110001111101100000010001101100110101101 
00001001101111110100100101000111000010110111100011111010110101010000110100010110101011100111100000110100010110111110000101111001111010001010101000110000101000010110001111101111001111110000011011110101000101101010011010000000101001110110001000011000100000010101010010011100010101000011000010010010110100100000010101010001010110010011111101110100010111010010110110001010011010001000001001101011010100101000001000100110100000100111110000010000011011101001101010011111101110100000000000011011011110111010101110101111 
00100111110101001111111111000101110110011011100110011111101011111000101101110011001101101100000111101000001101001101111100101001100100001011111100011111100010010011111100011000010000001110110000111101011010000011101111001010001010000001101000110010001100011110011000111110011101011101101110000000010001010000110100000001100010101100100110011101101010111010101000111001100011100111010100111010100011011011001110100001000011111111101100000110001010101010111010000000010010101111100111001011011101001100110001000001 
11000110010000101011000011111101001011011110101010100111010101000010111110011110110111000001011001111000001011101000011110101110111101110001000110111100011010001101001001100100101111101011111100010001010100101001010110110011110100001001111100111101110100100101001000110111111100111001110011111010011011000101011100100001100111001001101111010100011110111110111011011011011101101110001100011000110001000010010010011110100100001011110111110100011110100000100001000111100010100000110001101000010100111001001110000111 
11011100000001001001110101110101110000100000001000000101000000010011000110110000010110000010010001101011001111100011101000101110010100011111000111100000011011010101100101001100011110001001000001100111001001100001110000000110000010000000101000110000100100011100111101110111111010111101001001101001111011100100010110110101011111100111101001111000010001100101000010001110011000010111110011010001110001001111100000010100011001000011110101000101101010100001010111001000110011001101110000000101010011011101101000001111 
11010011111001010111000110100000000011000100101111100011000100001001101001011011010010010000000111011000111110001110100010100011100100001000010010000110010011001111100100110010011101001011010000101110100011011110010010110010011010100000010011011111011110011110111110100100000111111001000101010001110110101110001111101010101011110100010001011100010111111001100001011010101110100100101000100011101011001010011110111111111111101011110000100000101101001011100111010011101100101101110110101111101100001100011100101101 
11000000100001001000001010110010000010001100010001001110001110101100000100000011110101010010100000001110101001110001110100111100111011101001011000011101000111111111100000110100100011101100000100010010111001101101101100101110100100011010100010011110100000110100101110000011010110010000100001100111110110000011001000101101010011001001100011100000011010101011100101010010010100110111011010110010011000101010000100111001100111001010100101001010000000100011000101011001010110100010100001000000100101011100001111110101 
00100110100000010111001100110111011111011000010110011000010101111011111110101101010100011001010010010000101101101110010110001001110111010000011010100110011110001001000110001001111011011111111100010001101110001101101010110100000011001001100110010001110010001111101100010000101010011111101110100011111001001010110111010000000010011011010101111111110010010100101011100110111010000001001110011111101010011100001001011111111111001101100001110010001110100001111000011100101101101100111000100101110000101010010011111001 
10101001110000111100110001101010010000011000110100111000010011000100100111110101110101101100000011101111101101111100011101001001111100100001111110101111110011010010001110001111010101011000101001001000110111001110101010100010111010010010101010101101001010100111011110111011001100111111011100010100111110001111010010001011110110110001001001100100101001010100011111000110111101010001001001110101000001010110010111100101101011110010110101110011101001111111101010000000111111110111000000000001100010111010011110001001 
11010111101011110110110011000000100011011000110100010000110001101110010010010001001011100001000100011001010100011010110011000000110111101110011111010101010011110101001110000111111001000011101001001011101100000001000100000111100011010010000001111110001001001110000100110100101101011010010100001101100101000110110011111011110110100010111111000111011111000001001000110110010110000111100111000000111001011111100101110011101011000101101001100010000011101011101011001101101111010000100110011100111110100110101000101001 
00011111001010111011111000001101111100110111001011010001110110111000101111011100100110011110110100101011110111010110100001011010111101000011011010011110100101100111101000101100100101011001010001100111010011101010000101011111111010000101010100010010001111111001000000000011110100000110111100100111100100100001001010110110001110010101100011110101110000111101001100011000100000101111010010010101101001000100001100001011101000001101100000110000011001101101011100001101101001111000100000010000110011111111101001110101 
01000011000110010101110111111010110000011001000000000001011011010101010101100101000101010000001000011101111000010011100100001101100100011010000000101011010011000001100111100000010111111111001010101000100011101110111011010001111111100111011110001111100101111111111000010100110111100111111100110101101011001100001011100010100011100011000001010111101011000101111000101001001101111010010010100010100110001100011111100111110100000000101101100110000100011100010100001000001000110011000111000110001001011010101000001101 
10100111011101111110110010100010101000000100001000110101001001111010101000101100011010010110100010000110100011101100101010001100000010100111000011110111000001000100100110100000000000011010001000010001000101101001010110100110110000100000011101010100001110011001110010111101100101001000000011100010010100000101100110100110000001101010010010100001010110000101000011001010000101000100111101111101101000101000100001000000001010010101011100011011001001011110001101000111000000110110111110010100011101111000110001100001 
00000011000110010101110111111011110000111001000000100001011011010101010101100101000101010010001000011101101010010011100100000101100111011010110000101011000011100001110111000010010111111101001010101000100000101110111011010001111111100101011000001110101101111101011000011110110011100101111110111110101011101100011111000010000011100001001001110111011111000101011000101011001101111011000010100010101110001100011111100111110100000000101101100110000000011001010100101100001000110111100111000110010001011110100001011101 
