11110100111101000111101010100101010001000011000100101101111011011000101101111100101111100101011111101110011001110001101000011110001100101010101010010111010011100011000010111101001010101100110111000111110001111110101100110111010101000101000110111100000010010111101110111100010000111010101000010111010110010010110100010000101011111110100101111110101111101110110110100101101110011101100111010111110100110100010100111110001001000001101111011111000001101101100111101111101000111110110101001010110101000111101010011100 
10111001111110100011011110000010011100101010010000001100110110001001101101010000110110011001010100010100000101100001000000111000010001101000100100001100011001001011000000000110001011110100101001101100010110001100100100110011000000010011011111000110010000101111000000011001110011100000000100110011010010110100110110010111000100111110011101010111000001101111000000011011000110111101101100111101100010100100001000100011010100010111011101001001111100011100101000101101100000100001010100110100110001101100000110011111 
10111001111110100011011110000010011100101010010000001100110110001001101101010000110110011001010100010100000101100001000000111000010001101000100100001100011001001011000000000110001011110100101001101100010110001100100100110011000000010011011111000110010000101111000000011001110011100000000100110011010010110100110110010111000100111110011101010111000001101111000000011011000110111101101100111101100010100100001000100011010100010111011101001001111100011100101000101101100000100001010100110100110001101100000110011111 
11110100111101000111101010100101010001000011000100101101111011011000101101111100101111100101011111101110011001110001101000011110001100101010101010010111010011100011000010111101001010101100110111000111110001111110101100110111010101000101000110111100000010010111101110111100010000111010101000010111010110010010110100010000101011111110100101111110101111101110110110100101101110011101100111010111110100110100010100111110001001000001101111011111000001101101100111101111101000111110110101001010110101000111101010011100 
00110011110010000101010000101111100000111100010000101110110100110010100001101100010000111100100100100111001101110100001010011001011100000001010000011101111101000010010000111001001001110110010110001001000011011110100100011111110010000101001011100010001000111000111001001100111000100110000011000100000000111000110010110100000001100000010111010001110000010100101100100110110100101100001011011001101000101001101101101000111010101110010111111111011111110011011110111110100101101001000011110111010001010000000110011101 
00110011110010000101010000101111100000111100010000101110110100110010100001101100010000111100100100100111001101110100001010011001011100000001010000011101111101000010010000111001001001110110010110001001000011011110100100011111110010000101001011100010001000111000111001001100111000100110000011000100000000111000110010110100000001100000010111010001110000010100101100100110110100101100001011011001101000101001101101101000111010101110010111111111011111110011011110111110100101101001000011110111010001010000000110011101 
10100001010101101101011100100100110101100110001001110000100000010101110111110101010011101000010000001000100100100111000011001110000100011010100100011111010110110100111000010011000110011010110011101011001010000001110010001111001101000110100010010001010001000011001011110100101111001101101100010001101010000111100010001011000101011010011100000101101001101100011101100000101011110100010110101110011111110010010000100011011110111011110111100100100100000001011111100001110101011100011101100101110100011011010010100100 
01110010010111001110111101101010110101101010110001000101000000000010101010010111011100111011010110111110111011011100001010110110011010010101000001111010100111111110000101001001111100101001111001000000011100011011001100100010000000000101100110100110001110000000010000100100011100101110010110110001010000110011001101010010111000100010110001100110010101110011000001001001110010101110000011101010101000000000101011000011010010000001010001010010100011100000010011001001011101001010111110011000000010000101001111111101 
10010111101101101100011110001110111110110001001100100011101001111100101100011101011001001111010111111111001110010101110110111000111011101101110100111111110100110100101011001110100011111010100111101100111010001001101110000010000110011100111010111000110010110100010000110010111001010110001101111011011000111110010000110000100000110101101010000010001111101100101000000101110110001011011111011100101101101111010111011110011111100111100111100111111010100101101010100000000101110000011000111011100011100011111100110010 
10010111101101101100011110001110111110110001001100100011101001111100101100011101011001001111010111111111001110010101110110111000111011101101110100111111110100110100101011001110100011111010100111101100111010001001101110000010000110011100111010111000110010110100010000110010111001010110001101111011011000111110010000110000100000110101101010000010001111101100101000000101110110001011011111011100101101101111010111011110011111100111100111100111111010100101101010100000000101110000011000111011100011100011111100110010 
01110010010111001110111101101010110101101010110001000101000000000010101010010111011100111011010110111110111011011100001010110110011010010101000001111010100111111110000101001001111100101001111001000000011100011011001100100010000000000101100110100110001110000000010000100100011100101110010110110001010000110011001101010010111000100010110001100110010101110011000001001001110010101110000011101010101000000000101011000011010010000001010001010010100011100000010011001001011101001010111110011000000010000101001111111101 
11010000111001101110100000110101101011101100000111110111000111111010001111101010101110101001011111110010010000011011001100100010010101001111010000111111110111001111010000011110101101011001010000111001011101011001110111000110111100111011010100000110111110000110110110111001001100100011111100111001000011110101010000101110001110110010011100011111001101001110010001111010001110100110011011101010111001111100001100001110010100111100000110110010010001001110010010111111001110001110101100111011101011101100011001111001 
11010000111001101110100000110101101011101100000111110111000111111010001111101010101110101001011111110010010000011011001100100010010101001111010000111111110111001111010000011110101101011001010000111001011101011001110111000110111100111011010100000110111110000110110110111001001100100011111100111001000011110101010000101110001110110010011100011111001101001110010001111010001110100110011011101010111001111100001100001110010100111100000110110010010001001110010010111111001110001110101100111011101011101100011001111001 
11011101011001010100100110110101000111110101001010011111010011110111101100110101110101110011000111101001110100110000000100000101011111000100100000001011000100001001100011001001111100100111000101100111100110110101001100000000001011100101110100010001000101000111011100100111110111011100111111110100111011111110010111110100010101001000111101001101010011110110010110001001000001001001111101011010101101101100010110101100101100110111110001101111111011010111111111010101010110011010101110001111000100110101010101010101 
10011100011110001010101100101101000111111011010010111001100011100110100101110100011100111100100111000111111110011011111100101010001111110110100101101111111010110001000111011011111010110001010101001101110111111010000011001111010110011111000010100011111001100101000001110011110111100011001110101111110010010010111100111100111000001111001110011100000010110110101101000110110100010110001010110000011110000000111011110100110111111101011000000000010111000110011010011010100000001010011101101101000011011111011100100011 
10001010111011111001111101011100111100100000000011000001001001000101011000110010100110111110110011101011001000001000001100011000111101001111000010010100101001011000100000110100011001110001101100100001011001101100010000100001011100010010100111000001010100000011101111111000100110100111010110010100101110010100110011011101000000011100100010011110111000100111000111111000000001110101100000101101011111110101010110001100111001111011000111010010111000101011110110011110001001100111110001000110110001010111100001101111 
10011100011110001010101100101101000111111011010010111001100011100110100101110100011100111100100111000111111110011011111100101010001111110110100101101111111010110001000111011011111010110001010101001101110111111010000011001111010110011111000010100011111001100101000001110011110111100011001110101111110010010010111100111100111000001111001110011100000010110110101101000110110100010110001010110000011110000000111011110100110111111101011000000000010111000110011010011010100000001010011101101101000011011111011100100011 
11011101011001010100100110110101000111110101001010011111010011110111101100110101110101110011000111101001110100110000000100000101011111000100100000001011000100001001100011001001111100100111000101100111100110110101001100000000001011100101110100010001000101000111011100100111110111011100111111110100111011111110010111110100010101001000111101001101010011110110010110001001000001001001111101011010101101101100010110101100101100110111110001101111111011010111111111010101010110011010101110001111000100110101010101010101 
10101111011001000010101111101111110110111101011110000111111101011011000001011000001111111011101101110000100010011101110000111011100010000110010011110010100010001010101000110001001101010000001111111111010011101111111101110111010111101111011000001010110010110111011111110011010111110011100010100001010000110100000011111101101100000100000110110101010010010110001010001110111100000100100010000100111000111110100001000011011111000100001111110001111100110110100110101001100111000101000000001110011011100011101101001110 
10001010010111000101110000110110110001100100011100010111110111001010110110110100111010110000101000101010011101000101000110000010110101111101101011100100001100110000100011000010101100001010010110111110111010101000100010111000110100010010010100010000111101010001001001101001011101111100101110100101011110101100010010011100011101011001101000111000100010011001011111100101000010001110000110101100001011101101000001100000101011010010000010111001001011110100011010000110000100100001101100001010100101101110001010111011 
11010110111110110111001100010101011001100111100000100011101011010111110100100000101100011001100000110011100010110101010011100011001011100010010000110001011011100111100010111001111100111101011001111000101011110111010100010110111100001100111100111110011010000100111101110111011000000110110011101111110101100011111010101011000111011001000110110100011000101001001111110000100011011101011001000000101001011111010010111010101111100011011100001001100111100010100100001001011010110101000110010111111111001101100110111001 
10110111100001101010000000110100110011011011110010001110101010101001011101111010101001100011011100110000000111001111101101011110001011110011010100101111100101100101001110000111000110010100011110011101011100001101100100010011110111000011001111000011000111000010100000101000010000011011111000001001110001010111101010001001011111001101000010110010010100111011010000010000100100110001001001110100001100100000110111111000101111011110101011011000111111001001010001100001111101111101101100110111110111101101001011101110 
10001010010111000101110000110110110001100100011100010111110111001010110110110100111010110000101000101010011101000101000110000010110101111101101011100100001100110000100011000010101100001010010110111110111010101000100010111000110100010010010100010000111101010001001001101001011101111100101110100101011110101100010010011100011101011001101000111000100010011001011111100101000010001110000110101100001011101101000001100000101011010010000010111001001011110100011010000110000100100001101100001010100101101110001010111011 
00011100010101001110111011000111011000101110001001100011000101100110100101010100001111010111100110010000101110011110111111110110110010001011111001001101000101110111110010001010001110101010011011100110111110000110011101001010001010110110100000010100100001111001010101001110110111110101001111011100101101010101001010111100000101101101001010111001111110001101010111100011111001111000010100101000010110110011111000100010110010010001110001111100010110010010011100001011101010011010000110010100001111011111011001111110 
10000010111111011001001010000110110010001011000111100010111110011101010101110010000100011111110101001110001001001110100110011100010001111010000001100110000010111001100011111100100100010110011000001001110011101001101101001011010110110110000100000001000000000011111011001010000001010100101110111011000010110101010000001111100010011000101100111010011001001110000101100000001000001110101110100100101111010001001101111100000100001001010111111110110000011100011000001110100011000000101011111110001110101101010110111011 
01010000101001001101011011010000110001111101100101010000110010101111001100111011110010000110100100110011101111001010001010000100110000000101111100011111110000111100110110101010100110101011111101111111011111010000011100001101111110001001000001011110010010011011101101111111110001001100000000101011111110111110001011111011001101100111000011110010110101110100101011001011110011101101111010111000001001001010000001100101000100101101010000100111000000100110110010111110010100100100101100011010110101110011001100101111 
01010000101001001101011011010000110001111101100101010000110010101111001100111011110010000110100100110011101111001010001010000100110000000101111100011111110000111100110110101010100110101011111101111111011111010000011100001101111110001001000001011110010010011011101101111111110001001100000000101011111110111110001011111011001101100111000011110010110101110100101011001011110011101101111010111000001001001010000001100101000100101101010000100111000000100110110010111110010100100100101100011010110101110011001100101111 
01100110000011101011110110111101111100111000011100100010010000011101000000001111111010110001011111111000100001011101010011010111011100100100000110000110001011000101110111010010011100011111011001110101110101100100010111010111111001100110000001000000000110100111001011010011000010001111100000111100111010000110000111110000010110101101110011010000000111010010111110000001101000000101110100011101100101001110000100111011000100100011001011110111100000110000111000001111110111101100101111001010011101010000000011100001 
11101100000010100100011111101111000010001111110101111110010110100000100100010100010001010110111010010100001110011011111001110100111111100100011110000100010010111001001111000100111011111101010010010101001010100111111001110110101111000100011010101111101100111111001010001000000111000100000011000100101100101001011001111101101011101011110000000110010111000100000000100000101000100110110000110011101110000000111110101111111001110100010001110010101100110101111001000001101100101001101011100100101100101100001110110001 
00100010011101000110101110110111111001101101000111101100101101000001110001001111001010001101110110001100111001010110001000011010101110010111100001000000000011001101001111100110100110110010010001110000011001110100001001100101010100011101001000100110001111111111111010000100001001010011101011101110100011011101001000001001011000110110100110111111100000101111001101100000100111100110101011111010111001110000111110010100110010101100010111100110110111111111110001110111101000011110001111000010110100100100000111110101 
01011011001011100111101010011011010000000111111111001100110011001100101101001111110000000000101001110000110110001000011000010011100111100110000000111011001011100110100110100111011110001101111100011110001000010001001111100110000001011000101010101110001001111011110011000101101000110100101000101110010010010111110010011100110110010011011010101111011010111110110010110010110001010011001001110000001111011011011011010010000000111001010101110010010101000010011011011101001010000010100110111110111111101000001110001011 
00011100010101001110111011000111011000101110001001100011000101100110100101010100001111010111100110010000101110011110111111110110110010001011111001001101000101110111110010001010001110101010011011100110111110000110011101001010001010110110100000010100100001111001010101001110110111110101001111011100101101010101001010111100000101101101001010111001111110001101010111100011111001111000010100101000010110110011111000100010110010010001110001111100010110010010011100001011101010011010000110010100001111011111011001111110 
01001000011111001111000100001111011011101100101010101011001110110010000001100100010111010101111010010001001000111010111111011000100101001011010010001110010000010101100011011001000111110001100110110110100110101100100111011010110001001011101000001010000000101000000111110110110010000010001000101010000111011011101010001001001000101101111101111001111000000011001101111101110101000100000101011011011000100001001101101000101111010111100100101110011111110011001101110001000100011011000110001101101001011111110001100111 
10001010111011111001111101011100111100100000000011000001001001000101011000110010100110111110110011101011001000001000001100011000111101001111000010010100101001011000100000110100011001110001101100100001011001101100010000100001011100010010100111000001010100000011101111111000100110100111010110010100101110010100110011011101000000011100100010011110111000100111000111111000000001110101100000101101011111110101010110001100111001111011000111010010111000101011110110011110001001100111110001000110110001010111100001101111 
11010110111110110111001100010101011001100111100000100011101011010111110100100000101100011001100000110011100010110101010011100011001011100010010000110001011011100111100010111001111100111101011001111000101011110111010100010110111100001100111100111110011010000100111101110111011000000110110011101111110101100011111010101011000111011001000110110100011000101001001111110000100011011101011001000000101001011111010010111010101111100011011100001001100111100010100100001001011010110101000110010111111111001101100110111001 
01001000011111001111000100001111011011101100101010101011001110110010000001100100010111010101111010010001001000111010111111011000100101001011010010001110010000010101100011011001000111110001100110110110100110101100100111011010110001001011101000001010000000101000000111110110110010000010001000101010000111011011101010001001001000101101111101111001111000000011001101111101110101000100000101011011011000100001001101101000101111010111100100101110011111110011001101110001000100011011000110001101101001011111110001100111 
01011011001011100111101010011011010000000111111111001100110011001100101101001111110000000000101001110000110110001000011000010011100111100110000000111011001011100110100110100111011110001101111100011110001000010001001111100110000001011000101010101110001001111011110011000101101000110100101000101110010010010111110010011100110110010011011010101111011010111110110010110010110001010011001001110000001111011011011011010010000000111001010101110010010101000010011011011101001010000010100110111110111111101000001110001011 
10101111011001000010101111101111110110111101011110000111111101011011000001011000001111111011101101110000100010011101110000111011100010000110010011110010100010001010101000110001001101010000001111111111010011101111111101110111010111101111011000001010110010110111011111110011010111110011100010100001010000110100000011111101101100000100000110110101010010010110001010001110111100000100100010000100111000111110100001000011011111000100001111110001111100110110100110101001100111000101000000001110011011100011101101001110 
01100110000011101011110110111101111100111000011100100010010000011101000000001111111010110001011111111000100001011101010011010111011100100100000110000110001011000101110111010010011100011111011001110101110101100100010111010111111001100110000001000000000110100111001011010011000010001111100000111100111010000110000111110000010110101101110011010000000111010010111110000001101000000101110100011101100101001110000100111011000100100011001011110111100000110000111000001111110111101100101111001010011101010000000011100001 
11101100000010100100011111101111000010001111110101111110010110100000100100010100010001010110111010010100001110011011111001110100111111100100011110000100010010111001001111000100111011111101010010010101001010100111111001110110101111000100011010101111101100111111001010001000000111000100000011000100101100101001011001111101101011101011110000000110010111000100000000100000101000100110110000110011101110000000111110101111111001110100010001110010101100110101111001000001101100101001101011100100101100101100001110110001 
10100001010101101101011100100100110101100110001001110000100000010101110111110101010011101000010000001000100100100111000011001110000100011010100100011111010110110100111000010011000110011010110011101011001010000001110010001111001101000110100010010001010001000011001011110100101111001101101100010001101010000111100010001011000101011010011100000101101001101100011101100000101011110100010110101110011111110010010000100011011110111011110111100100100100000001011111100001110101011100011101100101110100011011010010100100 
01001101010111110001001100011011011110011110110001100010010101111111100110000110011100000001010001100101000010101001001100010011111111010111011001000111011111001000110100001011110001000001100100101000010101101011100010110110000011111111011110010010011000110000111101101111000011110100010110111101101101010001101011000000010000100100011101001010111001110101001100011011111111110001011011010101011011011000000111000010001000010011111110011001010101110011000011010110011001110100100100001010101011111011110001011011 
10000010111111011001001010000110110010001011000111100010111110011101010101110010000100011111110101001110001001001110100110011100010001111010000001100110000010111001100011111100100100010110011000001001110011101001101101001011010110110110000100000001000000000011111011001010000001010100101110111011000010110101010000001111100010011000101100111010011001001110000101100000001000001110101110100100101111010001001101111100000100001001010111111110110000011100011000001110100011000000101011111110001110101101010110111011 
11101001111001110100110010001100111000010000101010010000001111001101010100010110110110000011011111001001010101110011101110110011111011010111010010001010111100010010000011101001000010100000001011101001001011110100111111010010101000110000001100011000011100101110000111111010010100111111010110010101111100101101001100000001010100100010101101010111111011000010001011110011110010100011000110011100010111111111011110101000001001100000010111100100100101101011110111111110100110000111111011111111100110001110100010000111 
01001101010111110001001100011011011110011110110001100010010101111111100110000110011100000001010001100101000010101001001100010011111111010111011001000111011111001000110100001011110001000001100100101000010101101011100010110110000011111111011110010010011000110000111101101111000011110100010110111101101101010001101011000000010000100100011101001010111001110101001100011011111111110001011011010101011011011000000111000010001000010011111110011001010101110011000011010110011001110100100100001010101011111011110001011011 
01100101001110000100111101011111100110111011010101110001110001011111101010000010110100101011010011100011100101101001100011100000100101101000000101000111010001100001000111001000011100001100010011010111011001001110010010001100111100100111011000010101110011010101001000011100110101001100000101110010100011111011011000101000000001101110110010101010101010000111101111100000001000110101111001010000100111100101100000010100100000111100001000001111110110111110101111101001001001100101110010001011001110110111001010100111 
10101010011100101010001110101110111001011110000000010111100111010110110111011011100111010110111100000010011100010000000010010111101011101011000101010010100011010011111010101100011010100010011001000001000101001101001011000000100101110100011010010010110010000010010011100110011000010000110110000010001011000000110101000101000010000010101000001001000111110110100011011001101110011110101110000110110000111111111000101000111011100101101011101010101001000100100000000010010000011010110000000011110011101100110000000001 
11110010100000101111110111001001001101000011100010111110100001110001000011000000100101001011101000011001001101011110010110001100001010100101001110110011011101110111111111011010110011010111000101011011100110001010010110101100010110000001010110101000010100101000001000101001010111001100100111010111000011010001010101110000010100100110111011010101100111010101010101101011001101010110011100011111110101100011010111100011011010101101111111110001011000100011111001011001110100111000101000010011010110110110000001010101 
00001010101110010111001000100000011101001001001100111000100111101110010011110000110000000100000010101001000000001100001010000100101001001100000111010000001110100101110001010000000111110111101111010110011000100100111000000000001111110110100000011111010110011001011100111000110100111110111110000110110011110100001101000101001101111110000010000010001111101010000101101000100111011010100000000001110101110010010101101110001001100100110001001001100100110111001100000011010000010100001101101110111100011001110111011001 
11111001011011010100010010000100000100101001000110000001101101011011110100010010001110000011100110110110111000111101110101010111010010010000010001110000100110100000001110001111110010001100110011010011100101111111101011101001011011001110111000101110000101100011111110110111101000000101101111010000000101101100100001010111111011100111011010110110011101100010100010000110100000011000011100001000101100101011010110011100001000011100011000100110000000111010011100001101110101101111110001000010101100101010100111000111 
00001010010001010001110000111101100110100001100000011000100000010001110011010000110010100111010111011000111011110110010100100000110100100001111000110001001101101101111011111001000011101110100111111011001001111111100100011001000000110110100000101001110011110100001100100100011001011100010001100010111001111011010110011011101001010011110100101101111101010011111010010101101100111110100110110111100011010111110010000010011010010111000101000010011110111101110100010011000011110101101100010100011111011000010101111001 
01001101110001110100100011110100111000110001111100001100011101110010100110101011111111011011100110001010110100101101111110111001110101001010000101111010010011101010000101101001110011101100010111000100000111111010100100001100011101110100111010110111100111010111000000000001111011101001110000011011011001101010001001100000010100011101100010100110110111000010001000111000110011011011000100011110010010011001110101011110001111010101101110101001001110110110000111100110100010011001101001001010011011001111010010101011 
10100110000110010111101100111010010000000110011010101001110100111100010010010000101101100010100010101000010100101100011001001101001011001010110000101001110101001000110011110001101100110001100110001011010110111100000001110010001101101011000010100010100101001111111101010100100101000001010110111111011010010100101001010110011011110011101110011001010001011000001110111010101111010101100111111100111110110011111011101010001000110001001010001011010110110000000101010011101011000011110100111101010001101100001011101101 
01001110010010000001010001101111100110011111011101011101111100001111101001111001000111101111111001101010011101001101000101000100101111011000100010001100111110110000111101111111101110101110001101010000001001101001101101100101111010000101101001101000101000011100010100100011001110001001101101111001110100011110011101100111101001001000001100101111010000101010101010010000010100111101101111001000011100001011101111100011101110000011101100111001010001010100100001011100110000100101100100110011110011011110001001111101 
11010011001010111001010110001100001000000111000111000011000110001101110100001101011010110011000011110011110111000101110001000001110010001001010110001000100101000010111000110101011000110000100100110001111110110010100110011011100011001000101111100111011100001110010011011010110000000010010110010101100001110010000000111101101101101110110001111000110001101010101110001011110000100011111011001100101010111010110011011110100111000101111011000010100011111001110111001001010001011010000101101111111011111000100011110011 
00011101101101010100100010010111111011000010101001000100111111001111000111110001110100110000001110100000101011111101011011111001101110000111110111001010100100110101100010101000101000100111011100000010010011010111101011000001110000010110011111111011010100010100011001111001110010100110000100000011010110010000100001110000000100010101000011101100100001000011000000101100000010100010001001110000001001010001010010100001011000001011011111100001110101110110001101100000001110100101100010100011001001001010110100001011 
11111001011011010100010010000100000100101001000110000001101101011011110100010010001110000011100110110110111000111101110101010111010010010000010001110000100110100000001110001111110010001100110011010011100101111111101011101001011011001110111000101110000101100011111110110111101000000101101111010000000101101100100001010111111011100111011010110110011101100010100010000110100000011000011100001000101100101011010110011100001000011100011000100110000000111010011100001101110101101111110001000010101100101010100111000111 
10101010011100101010001110101110111001011110000000010111100111010110110111011011100111010110111100000010011100010000000010010111101011101011000101010010100011010011111010101100011010100010011001000001000101001101001011000000100101110100011010010010110010000010010011100110011000010000110110000010001011000000110101000101000010000010101000001001000111110110100011011001101110011110101110000110110000111111111000101000111011100101101011101010101001000100100000000010010000011010110000000011110011101100110000000001 
11010011001010111001010110001100001000000111000111000011000110001101110100001101011010110011000011110011110111000101110001000001110010001001010110001000100101000010111000110101011000110000100100110001111110110010100110011011100011001000101111100111011100001110010011011010110000000010010110010101100001110010000000111101101101101110110001111000110001101010101110001011110000100011111011001100101010111010110011011110100111000101111011000010100011111001110111001001010001011010000101101111111011111000100011110011 
00011101101101010100100010010111111011000010101001000100111111001111000111110001110100110000001110100000101011111101011011111001101110000111110111001010100100110101100010101000101000100111011100000010010011010111101011000001110000010110011111111011010100010100011001111001110010100110000100000011010110010000100001110000000100010101000011101100100001000011000000101100000010100010001001110000001001010001010010100001011000001011011111100001110101110110001101100000001110100101100010100011001001001010110100001011 
01001110010010000001010001101111100110011111011101011101111100001111101001111001000111101111111001101010011101001101000101000100101111011000100010001100111110110000111101111111101110101110001101010000001001101001101101100101111010000101101001101000101000011100010100100011001110001001101101111001110100011110011101100111101001001000001100101111010000101010101010010000010100111101101111001000011100001011101111100011101110000011101100111001010001010100100001011100110000100101100100110011110011011110001001111101 
01001101110001110100100011110100111000110001111100001100011101110010100110101011111111011011100110001010110100101101111110111001110101001010000101111010010011101010000101101001110011101100010111000100000111111010100100001100011101110100111010110111100111010111000000000001111011101001110000011011011001101010001001100000010100011101100010100110110111000010001000111000110011011011000100011110010010011001110101011110001111010101101110101001001110110110000111100110100010011001101001001010011011001111010010101011 
00001010101110010111001000100000011101001001001100111000100111101110010011110000110000000100000010101001000000001100001010000100101001001100000111010000001110100101110001010000000111110111101111010110011000100100111000000000001111110110100000011111010110011001011100111000110100111110111110000110110011110100001101000101001101111110000010000010001111101010000101101000100111011010100000000001110101110010010101101110001001100100110001001001100100110111001100000011010000010100001101101110111100011001110111011001 
10100110000110010111101100111010010000000110011010101001110100111100010010010000101101100010100010101000010100101100011001001101001011001010110000101001110101001000110011110001101100110001100110001011010110111100000001110010001101101011000010100010100101001111111101010100100101000001010110111111011010010100101001010110011011110011101110011001010001011000001110111010101111010101100111111100111110110011111011101010001000110001001010001011010110110000000101010011101011000011110100111101010001101100001011101101 
01100101001110000100111101011111100110111011010101110001110001011111101010000010110100101011010011100011100101101001100011100000100101101000000101000111010001100001000111001000011100001100010011010111011001001110010010001100111100100111011000010101110011010101001000011100110101001100000101110010100011111011011000101000000001101110110010101010101010000111101111100000001000110101111001010000100111100101100000010100100000111100001000001111110110111110101111101001001001100101110010001011001110110111001010100111 
10110111100001101010000000110100110011011011110010001110101010101001011101111010101001100011011100110000000111001111101101011110001011110011010100101111100101100101001110000111000110010100011110011101011100001101100100010011110111000011001111000011000111000010100000101000010000011011111000001001110001010111101010001001011111001101000010110010010100111011010000010000100100110001001001110100001100100000110111111000101111011110101011011000111111001001010001100001111101111101101100110111110111101101001011101110 
11110010100000101111110111001001001101000011100010111110100001110001000011000000100101001011101000011001001101011110010110001100001010100101001110110011011101110111111111011010110011010111000101011011100110001010010110101100010110000001010110101000010100101000001000101001010111001100100111010111000011010001010101110000010100100110111011010101100111010101010101101011001101010110011100011111110101100011010111100011011010101101111111110001011000100011111001011001110100111000101000010011010110110110000001010101 
00001010010001010001110000111101100110100001100000011000100000010001110011010000110010100111010111011000111011110110010100100000110100100001111000110001001101101101111011111001000011101110100111111011001001111111100100011001000000110110100000101001110011110100001100100100011001011100010001100010111001111011010110011011101001010011110100101101111101010011111010010101101100111110100110110111100011010111110010000010011010010111000101000010011110111101110100010011000011110101101100010100011111011000010101111001 
11110100111101000111101010100101010001000011000100101101111011011000101101111100101111100101011111101110011001110001101000011110001100101010101010010111010011100011000010111101001010101100110111000111110001111110101100110111010101000101000110111100000010010111101110111100010000111010101000010111010110010010110100010000101011111110100101111110101111101110110110100101101110011101100111010111110100110100010100111110001001000001101111011111000001101101100111101111101000111110110101001010110101000111101010011100 
10111001111110100011011110000010011100101010010000001100110110001001101101010000110110011001010100010100000101100001000000111000010001101000100100001100011001001011000000000110001011110100101001101100010110001100100100110011000000010011011111000110010000101111000000011001110011100000000100110011010010110100110110010111000100111110011101010111000001101111000000011011000110111101101100111101100010100100001000100011010100010111011101001001111100011100101000101101100000100001010100110100110001101100000110011111 
00110011110010000101010000101111100000111100010000101110110100110010100001101100010000111100100100100111001101110100001010011001011100000001010000011101111101000010010000111001001001110110010110001001000011011110100100011111110010000101001011100010001000111000111001001100111000100110000011000100000000111000110010110100000001100000010111010001110000010100101100100110110100101100001011011001101000101001101101101000111010101110010111111111011111110011011110111110100101101001000011110111010001010000000110011101 
10010111101101101100011110001110111110110001001100100011101001111100101100011101011001001111010111111111001110010101110110111000111011101101110100111111110100110100101011001110100011111010100111101100111010001001101110000010000110011100111010111000110010110100010000110010111001010110001101111011011000111110010000110000100000110101101010000010001111101100101000000101110110001011011111011100101101101111010111011110011111100111100111100111111010100101101010100000000101110000011000111011100011100011111100110010 
01110010010111001110111101101010110101101010110001000101000000000010101010010111011100111011010110111110111011011100001010110110011010010101000001111010100111111110000101001001111100101001111001000000011100011011001100100010000000000101100110100110001110000000010000100100011100101110010110110001010000110011001101010010111000100010110001100110010101110011000001001001110010101110000011101010101000000000101011000011010010000001010001010010100011100000010011001001011101001010111110011000000010000101001111111101 
11010000111001101110100000110101101011101100000111110111000111111010001111101010101110101001011111110010010000011011001100100010010101001111010000111111110111001111010000011110101101011001010000111001011101011001110111000110111100111011010100000110111110000110110110111001001100100011111100111001000011110101010000101110001110110010011100011111001101001110010001111010001110100110011011101010111001111100001100001110010100111100000110110010010001001110010010111111001110001110101100111011101011101100011001111001 
10011100011110001010101100101101000111111011010010111001100011100110100101110100011100111100100111000111111110011011111100101010001111110110100101101111111010110001000111011011111010110001010101001101110111111010000011001111010110011111000010100011111001100101000001110011110111100011001110101111110010010010111100111100111000001111001110011100000010110110101101000110110100010110001010110000011110000000111011110100110111111101011000000000010111000110011010011010100000001010011101101101000011011111011100100011 
11011101011001010100100110110101000111110101001010011111010011110111101100110101110101110011000111101001110100110000000100000101011111000100100000001011000100001001100011001001111100100111000101100111100110110101001100000000001011100101110100010001000101000111011100100111110111011100111111110100111011111110010111110100010101001000111101001101010011110110010110001001000001001001111101011010101101101100010110101100101100110111110001101111111011010111111111010101010110011010101110001111000100110101010101010101 
10001010010111000101110000110110110001100100011100010111110111001010110110110100111010110000101000101010011101000101000110000010110101111101101011100100001100110000100011000010101100001010010110111110111010101000100010111000110100010010010100010000111101010001001001101001011101111100101110100101011110101100010010011100011101011001101000111000100010011001011111100101000010001110000110101100001011101101000001100000101011010010000010111001001011110100011010000110000100100001101100001010100101101110001010111011 
01010000101001001101011011010000110001111101100101010000110010101111001100111011110010000110100100110011101111001010001010000100110000000101111100011111110000111100110110101010100110101011111101111111011111010000011100001101111110001001000001011110010010011011101101111111110001001100000000101011111110111110001011111011001101100111000011110010110101110100101011001011110011101101111010111000001001001010000001100101000100101101010000100111000000100110110010111110010100100100101100011010110101110011001100101111 
00011100010101001110111011000111011000101110001001100011000101100110100101010100001111010111100110010000101110011110111111110110110010001011111001001101000101110111110010001010001110101010011011100110111110000110011101001010001010110110100000010100100001111001010101001110110111110101001111011100101101010101001010111100000101101101001010111001111110001101010111100011111001111000010100101000010110110011111000100010110010010001110001111100010110010010011100001011101010011010000110010100001111011111011001111110 
10001010111011111001111101011100111100100000000011000001001001000101011000110010100110111110110011101011001000001000001100011000111101001111000010010100101001011000100000110100011001110001101100100001011001101100010000100001011100010010100111000001010100000011101111111000100110100111010110010100101110010100110011011101000000011100100010011110111000100111000111111000000001110101100000101101011111110101010110001100111001111011000111010010111000101011110110011110001001100111110001000110110001010111100001101111 
11010110111110110111001100010101011001100111100000100011101011010111110100100000101100011001100000110011100010110101010011100011001011100010010000110001011011100111100010111001111100111101011001111000101011110111010100010110111100001100111100111110011010000100111101110111011000000110110011101111110101100011111010101011000111011001000110110100011000101001001111110000100011011101011001000000101001011111010010111010101111100011011100001001100111100010100100001001011010110101000110010111111111001101100110111001 
01011011001011100111101010011011010000000111111111001100110011001100101101001111110000000000101001110000110110001000011000010011100111100110000000111011001011100110100110100111011110001101111100011110001000010001001111100110000001011000101010101110001001111011110011000101101000110100101000101110010010010111110010011100110110010011011010101111011010111110110010110010110001010011001001110000001111011011011011010010000000111001010101110010010101000010011011011101001010000010100110111110111111101000001110001011 
01001000011111001111000100001111011011101100101010101011001110110010000001100100010111010101111010010001001000111010111111011000100101001011010010001110010000010101100011011001000111110001100110110110100110101100100111011010110001001011101000001010000000101000000111110110110010000010001000101010000111011011101010001001001000101101111101111001111000000011001101111101110101000100000101011011011000100001001101101000101111010111100100101110011111110011001101110001000100011011000110001101101001011111110001100111 
10100001010101101101011100100100110101100110001001110000100000010101110111110101010011101000010000001000100100100111000011001110000100011010100100011111010110110100111000010011000110011010110011101011001010000001110010001111001101000110100010010001010001000011001011110100101111001101101100010001101010000111100010001011000101011010011100000101101001101100011101100000101011110100010110101110011111110010010000100011011110111011110111100100100100000001011111100001110101011100011101100101110100011011010010100100 
01100110000011101011110110111101111100111000011100100010010000011101000000001111111010110001011111111000100001011101010011010111011100100100000110000110001011000101110111010010011100011111011001110101110101100100010111010111111001100110000001000000000110100111001011010011000010001111100000111100111010000110000111110000010110101101110011010000000111010010111110000001101000000101110100011101100101001110000100111011000100100011001011110111100000110000111000001111110111101100101111001010011101010000000011100001 
10101111011001000010101111101111110110111101011110000111111101011011000001011000001111111011101101110000100010011101110000111011100010000110010011110010100010001010101000110001001101010000001111111111010011101111111101110111010111101111011000001010110010110111011111110011010111110011100010100001010000110100000011111101101100000100000110110101010010010110001010001110111100000100100010000100111000111110100001000011011111000100001111110001111100110110100110101001100111000101000000001110011011100011101101001110 
11101100000010100100011111101111000010001111110101111110010110100000100100010100010001010110111010010100001110011011111001110100111111100100011110000100010010111001001111000100111011111101010010010101001010100111111001110110101111000100011010101111101100111111001010001000000111000100000011000100101100101001011001111101101011101011110000000110010111000100000000100000101000100110110000110011101110000000111110101111111001110100010001110010101100110101111001000001101100101001101011100100101100101100001110110001 
10000010111111011001001010000110110010001011000111100010111110011101010101110010000100011111110101001110001001001110100110011100010001111010000001100110000010111001100011111100100100010110011000001001110011101001101101001011010110110110000100000001000000000011111011001010000001010100101110111011000010110101010000001111100010011000101100111010011001001110000101100000001000001110101110100100101111010001001101111100000100001001010111111110110000011100011000001110100011000000101011111110001110101101010110111011 
00100010011101000110101110110111111001101101000111101100101101000001110001001111001010001101110110001100111001010110001000011010101110010111100001000000000011001101001111100110100110110010010001110000011001110100001001100101010100011101001000100110001111111111111010000100001001010011101011101110100011011101001000001001011000110110100110111111100000101111001101100000100111100110101011111010111001110000111110010100110010101100010111100110110111111111110001110111101000011110001111000010110100100100000111110101 
01001101010111110001001100011011011110011110110001100010010101111111100110000110011100000001010001100101000010101001001100010011111111010111011001000111011111001000110100001011110001000001100100101000010101101011100010110110000011111111011110010010011000110000111101101111000011110100010110111101101101010001101011000000010000100100011101001010111001110101001100011011111111110001011011010101011011011000000111000010001000010011111110011001010101110011000011010110011001110100100100001010101011111011110001011011 
00001010010001010001110000111101100110100001100000011000100000010001110011010000110010100111010111011000111011110110010100100000110100100001111000110001001101101101111011111001000011101110100111111011001001111111100100011001000000110110100000101001110011110100001100100100011001011100010001100010111001111011010110011011101001010011110100101101111101010011111010010101101100111110100110110111100011010111110010000010011010010111000101000010011110111101110100010011000011110101101100010100011111011000010101111001 
00001010101110010111001000100000011101001001001100111000100111101110010011110000110000000100000010101001000000001100001010000100101001001100000111010000001110100101110001010000000111110111101111010110011000100100111000000000001111110110100000011111010110011001011100111000110100111110111110000110110011110100001101000101001101111110000010000010001111101010000101101000100111011010100000000001110101110010010101101110001001100100110001001001100100110111001100000011010000010100001101101110111100011001110111011001 
01100101001110000100111101011111100110111011010101110001110001011111101010000010110100101011010011100011100101101001100011100000100101101000000101000111010001100001000111001000011100001100010011010111011001001110010010001100111100100111011000010101110011010101001000011100110101001100000101110010100011111011011000101000000001101110110010101010101010000111101111100000001000110101111001010000100111100101100000010100100000111100001000001111110110111110101111101001001001100101110010001011001110110111001010100111 
01001110010010000001010001101111100110011111011101011101111100001111101001111001000111101111111001101010011101001101000101000100101111011000100010001100111110110000111101111111101110101110001101010000001001101001101101100101111010000101101001101000101000011100010100100011001110001001101101111001110100011110011101100111101001001000001100101111010000101010101010010000010100111101101111001000011100001011101111100011101110000011101100111001010001010100100001011100110000100101100100110011110011011110001001111101 
01001101110001110100100011110100111000110001111100001100011101110010100110101011111111011011100110001010110100101101111110111001110101001010000101111010010011101010000101101001110011101100010111000100000111111010100100001100011101110100111010110111100111010111000000000001111011101001110000011011011001101010001001100000010100011101100010100110110111000010001000111000110011011011000100011110010010011001110101011110001111010101101110101001001110110110000111100110100010011001101001001010011011001111010010101011 
11010011001010111001010110001100001000000111000111000011000110001101110100001101011010110011000011110011110111000101110001000001110010001001010110001000100101000010111000110101011000110000100100110001111110110010100110011011100011001000101111100111011100001110010011011010110000000010010110010101100001110010000000111101101101101110110001111000110001101010101110001011110000100011111011001100101010111010110011011110100111000101111011000010100011111001110111001001010001011010000101101111111011111000100011110011 
00011101101101010100100010010111111011000010101001000100111111001111000111110001110100110000001110100000101011111101011011111001101110000111110111001010100100110101100010101000101000100111011100000010010011010111101011000001110000010110011111111011010100010100011001111001110010100110000100000011010110010000100001110000000100010101000011101100100001000011000000101100000010100010001001110000001001010001010010100001011000001011011111100001110101110110001101100000001110100101100010100011001001001010110100001011 
10110111100001101010000000110100110011011011110010001110101010101001011101111010101001100011011100110000000111001111101101011110001011110011010100101111100101100101001110000111000110010100011110011101011100001101100100010011110111000011001111000011000111000010100000101000010000011011111000001001110001010111101010001001011111001101000010110010010100111011010000010000100100110001001001110100001100100000110111111000101111011110101011011000111111001001010001100001111101111101101100110111110111101101001011101110 
10101010011100101010001110101110111001011110000000010111100111010110110111011011100111010110111100000010011100010000000010010111101011101011000101010010100011010011111010101100011010100010011001000001000101001101001011000000100101110100011010010010110010000010010011100110011000010000110110000010001011000000110101000101000010000010101000001001000111110110100011011001101110011110101110000110110000111111111000101000111011100101101011101010101001000100100000000010010000011010110000000011110011101100110000000001 
10100110000110010111101100111010010000000110011010101001110100111100010010010000101101100010100010101000010100101100011001001101001011001010110000101001110101001000110011110001101100110001100110001011010110111100000001110010001101101011000010100010100101001111111101010100100101000001010110111111011010010100101001010110011011110011101110011001010001011000001110111010101111010101100111111100111110110011111011101010001000110001001010001011010110110000000101010011101011000011110100111101010001101100001011101101 
