01100001110001011011001101001100110111101101011111011010110111101110111111111100101111110111110001010101011011110111110001010011111010010100111110111010101011110011010010001011111111010110010010110100011000110101011111111111101011101001010100000101000111001111010101111011011010011011011100110100010101111111100001110000000111011010010110111001110110011001111010011000111110101101010000101010100011010011101111111110010010111011111011110001011000110010101011001111110011100101100111110001111010010001010000101111 
01100001110001011011001101001100110111101101011111011010110111101110111111111100101111110111110001010101011011110111110001010011111010010100111110111010101011110011010010001011111111010110010010110100011000110101011111111111101011101001010100000101000111001111010101111011011010011011011100110100010101111111100001110000000111011010010110111001110110011001111010011000111110101101010000101010100011010011101111111110010010111011111011110001011000110010101011001111110011100101100111110001111010010001010000101111 
01000100000010011111001010010101010000100000101000100100011010000111000000011100000100010010101011101001010100100001000110010000001111100000110011000000110000111000111100111000010101010000111100000111111111111001111111001000001000000110000010001100111110111001010000001010100001001000110000100100101010100000110010010100110000100101001010001100111000111001010111100110110100101100101111101010011011101000100000000000000000101101001000001000001100100000001000010110001111111000100101000101100011001101000001000101 
01000100000010011111001010010101010000100000101000100100011010000111000000011100000100010010101011101001010100100001000110010001101101011111001100101011101001011010100101000110110000001011010001111110000110110011011001101110011000000010010001110010100011000011101011111011001111111010000000001100100000000100110101000111010000011101110110100111000100101110101000000011001001100100010000001001100011010001100011011011010110100101010000001000001100100000001000010110001111111000100101000101100011001101000001001101 
10110110110111110010010111011100010110100011110010011101100011110100101011101011011001101111100111010101011011110111110001010011111010010100111110111010101011110011010010001011111111010110010010110100011000110101011111111111101011101001010100000101000111001111010101111011011010011011011100110100010101111111100001110000000111011010010110111001110110011001111010011000111110101101010000101010100011010011101111111110010010111011111011110001011000110011000010101100100010100011000000111101101010101110110110111001 
10110110110111110010010111011100010110100011110010011101100011110100101011101011011001101111100111010101011011110111110001010011111010010100111110111010101011110011010010001011111111010110010010110100011000110101011111111101000110011101001100011000111000010100011011110101001100111110101111110111110101110100100100110010111111001000010101101110111100110010010000111111011000111011111101110110111111001100101111000000000010110111101111001011100101110000110110010100111011011011000101001100000101101001011101011111 
01000100000010011111001010010101010000100000101000100100011010000111000000011100000100010010101011101001010100100001000110010000001111100000110011000000110000111010100101000110110000001011010001111110000110110011011001101110011000000010010001110010100011000011101011111011001111111010000000001100100000000100110101000111010000011101110110100111000100101110101000000011001001100100010000001001100011010001100011011011010110100101010000001000001100100000001000010110001111111000100101000101100011001101000001001101 
01000100000010011111001010010101010000100000101000100100011010000111000000011100000100010010101011101001010100100001000110010001101101011111001100101011101001011000111100111000010101010000111100000111111111111001111111001000001000000110000010001100111110111001010000001010100001001000110000100100101010100000110010010100110000100101001010001100111000111001010111100110110100101100101111101010011011101000100000000000000000101101001000001000001100100000001000010110001111111000100101000101100011001101000001000101 
01000100000010011111001010010101010000100000101000100100011010000111000000011100000100010010101011101001010100100001000110010000001111100000110011000000110000111010100101000110110000001011010001111110000110110011011001101110011000000010010001110010100011000011101011111011001111111010000000001100100000000100110101000111010000011101110110100111000100101110101000000011001001100100010000001001100011010001100011011011010110100101010000001000001100100000001000010110001111111000100101000101100011001101000001001101 
01000100000010011111001010010101010000100000101000100100011010000111000000011100000100010010101011101001010100100001000110010001101101011111001100101011101001011000111100111000010101010000111100000111111111111001111111001000001000000110000010001100111110111001010000001010100001001000110000100100101010100000110010010100110000100101001010001100111000111001010111100110110100101100101111101010011011101000100000000000000000101101001000001000001100100000001000010110001111111000100101000101100011001101000001000101 
10110110110111110010010111011100010110100011110010011101100011110100101011101011011001101111100111010101011011110111110001010011111010010100111110111010101011110011010010001011111111010110010010110100011000110101011111111111101011101001010100000101000111001111010101111011011010011011011100110100010101111111100001110000000111011010010110111001110110011001111010011000111110101101010000101010100011010011101111111110010010111011111011110001011000110010101011001111110011100101100111110001111010010001010000101111 
10110110110111110010010111011100010110100011110010011101100011110100101011101011011001101111100111010101011011110111110001010011111010010100111110111010101011110011010010001011111111010110010010110100011000110101011111111111101011101001010100000101000111001111010101111011011010011011011100110100010101111111100001110000000111011010010110111001110110011001111010011000111110101101010000101010100011010011101111111110010010111011111011110001011000110010101011001111110011100101100111110001111010010001010000101111 
01000100000010011111001010010101010000100000101000100100011010000111000000011100000100010010101011101001010100100001000110010001101101011111001100101011101001011000111100111000010101010000111100000001101101001000011010100111011011011100110100000100000001001001101111101010100100111001100010001001110001101011000000011001000100100010100111010011100100101010010110100010110010010011111001110110111110101010110011000000001110111101001000000110001001001111110010000000100111100001000101001010000011101111010010001001 
00010100000000001000101011001011010111100000101000011000110010110000101001111111100110001100001010000011111110110111010111001110010010101000110111000001001100110011100100000010000001001101010001001011100001000001101101010100100000101001110001101010010101001010000101100001001101010110110100100000110110001000000111101001100011011010010100001000111011000101111000001011000001000010001111000101110010111100010111001011001101010111001110110000010101100100000100100100011000001001011001000011001111000111100100000011 
01100010100110000100111101110000111111001111101000000001100001101000011101101100110111001111010111001111111011001011111111011000110011001010000111111011101110110101111101101010100100001101100000001101100101110000101111111111101011101001010100000101000111001111010101111011011010011011011100110100010101100110010010000011100010001100101110100101100001100101011001100111010010100110111011001110011001111011100101011110001011000010011011011010111010000000111100110001011100010100000100010101011001100011100100110011 
10100111001110000000000000011101011001110000010001000001000010010101000100010101010101101000000011000000110110111001111110100110111000000110011101001100100011111110001010100110000010011010100011000101000110101110010100111110010111101110111000110101110000010110011100100101111001001001001011000111101011100010001100000011000011010101001101100000111010100000101011000110111100111000000001011100111000000001010110110100110111111111011101010010011110010111100111100010100111011000011100010111000001011001000010001111 
01110010011100110010101111011001110000001111010001000010111001001111100000001101110000000100001001100000100111010010000101010110010111000001010101100011000001000101111011011111100000111100111110100001101101001000011010100111011011011100110100000100000001001001101111101010100100111001100010001001110001101011000000011001000100100010100111010011100100101010010110100010110010010011111001110110111110101010110011000000001110111101001000000110001001001111110010000000100111100001000101001010000011101111010010001001 
10110110110111110010010111011100010110100011110010011101100011110100101011101011011001101111100111010101011011110111110001010011111010010100111110111010101011110011010010001011111111010110010010110100011000110101011111111111101011101001010100000101000111001111010101111011011010011011011100110100010101111111100001110000000111011010010110111001110111100101011101010111110100100111011100001110001100011010101011111100100100010100000111011100111000110110001100110100100010001010011100011110010011110100011111100111 
00010100000000001000101011001011010111100000101000011000110010110000101001111111100110001100001010000011111110110111010111001110010010101000110111000001001100110011100100000010000001001101010001001011100001000001101101010100100000101001110001101010010101001010000101100001001101010110110100100000110110001000000111101001100011011010010100001000111011000101111000001011000001000010001111000101110010111100010111001011001101010111001110110000010101100100000100100100011000001001011001000011001111000111100100000011 
11111010101010111010010111011100010110100011110010011101100011110100101011101011011001101111100111010101011011110111110001010011111010010100111110111010101011110011010010001011111111010110010010110100011000110101011110010010110001111010001101101000100011100011010101010110000110100100100111111111100010011000001011110010011010011110001001111101101010110010010000111111011000111011111101110110111111001100101111000000000010110111101111001011100101110000110110010100111011011011000101001100000101101001011101011111 
10110100101100010001100001001101011010011011111010111101110111010100101000110101001010010101010011001110100010110100100100111100010000110110000001011000010100001000110100110100010110010000000011100100010111010111101001010010001110110101010100000011010011000110101000011011111001110111100011010001110100110000110110011111011011001001010110001100001100011010110000000010111100110011110001110101000000010001011101010100101010011011000010101110001000010100101101110011010010111011000011011011001100011010100000100101 
10110110110111110010010111011100010110100011110010011101100011110100101011101011011001101111100111010101011011110111110001010011111010010100111110111010101011110011010010001011111111010110010010110100011000110101011111111111101011101001010100000101000111001111010101111011011010011011011100110100010101111111100001100100001011011101100001010010010010110011001010001111010111010001011111110000000000010001011101010100101010011011000010101110001000010100101101110011010010111011000011011011001100011010100000100101 
00101010000000100000001000110111001101010011111110100110001111000010110010011100111011001000110011001111000111011100101001111000111110100001001000011101111000000000000110011101101100000010111100101011111000100100000101100010000000011000101111001010010100111011111011000010001001010010000000001100100000000100110101000111010000011101110110100111000100101110101000000011001001100100010000001001100011010001100011011011010110100101010011001011101101011011000101110101110111100010011111101111011111010010010001000111 
01001101000110101110011011001010101111110001010101011111011000110010010000011110111110011010101001011100110000110001000101111000001111100000110011000000110000111010100101000110110000001011010001111110000110110011011001101110011000000010010001110010100011000011101011111011001111111010000000001100100000000100110101000111010000011101110110100111000100101110101000000011001001100100010000001001100011010001100011011011010110100101010011001011101101011011000101110101110111100010011111101111011111010010010001000111 
01001011000001001001110010010001111111110011110001001110111011010100000111101111100001110101001101100100110101100100101011001010011101111001101101010000010100001001100111000100001000011100001110110000110011011111011000101001101100111101101000011110111101001101111101011011000111001011001011101100000111100011100111001111010100101111000010010101000011101101000100110110111001101001011100111011011111010010011101100010100101111101110000110101110110100001101100100000100110000100100110100111011001100011010001101011 
01100010100110000100111101110000111111001111101000000001100001101000011111011011101110010001010111101100111011100100111111010010110110111010010010011111010011110111110001110010111011101110110001011100000110010110111001010011011100101001011101111110001110010010001111011100000110010011000101101110101101100100101001101010011110001011001100110001100111000110011010000111001111111000000011010000110110111010111100101111100001000101101100110000001111000001001111001000010101011111100101111100011110101111101100100111 
00000000100011001011001000011101100111100010000110000011001100100101000111011010011000000111101100010101001010010101111000011101000011001110111010110110000011100101011100011101011101111111110110111000101010110100000110101011010001000001000001111001111101111111000110100111101000101010000101100101111010111111110100101011000011001010000001111100111110100100100111110100110101000101101011000110000101101101001000110100100000101100000011100101111011010110111000101111011101010011011001000011001111000111100100000011 
11101001111011000101001000100111100110101100011010000000000101101100000000010100000100001001101010000001110100101111101010100001100101110111001110010110000111010110011010001000000001110010000010101001110011111101110001101010000001001100011100011100010101101111000110011111000100101011110110001000000101111111011000011100110100010110011100110111111101110111011000101010010001011011100101010000100011111100000101110001100001011001111000010010101000001001001100001000001110011000001001100100001100111010100000001011 
11101000000011010000110100101100011100101011011111100000110001010101100010011101011111000101011000000100010100111100110010111000001000100001011111101111101110110101111101101010100100001101100000001101100101110000101111111111101011101001010100000101000111001111010101111011011010011011011100110100010101111111100001110000000111011010010110111001110111100101011101010111110100100111011100001110001100011010101011111100100100010100000111011100111000110110001100110100100010001010011100011110010011110001000011111011 
00110110110111110010010111011100010110100011110010011101100011110100101011101011011001101111100111010101011011110111110001010011111010010100111110111010101011110011010010001011111111010110010010110100011000110101011111111111101011101001010100000101000111001111010101111011011010011011011100110100010101111111100001110000000111011010010110111001110111100101011101010111110100100111011100001110001100011010101011111100100100010100000111011100111000110110001100110100100010001010011100011110010011110001000011111011 
01100001110001011011001101001100110111101101011111011010110111101110111111111100101111110111110000001111010110000110100110110110110000011001001111100110100110001000101001111110100100011000010000010001001010001110110011100110001100110011110100001101100110111101101011110101011000000101011011000100011101110111110110110010011101000010001011101110111110110000010111110011100101101011101111000111011011110000000000111010111110100101010001100100110010101010000101101110011010110110110101111010110101110100011111001101 
10100111001110000000000000011101011001110000010001000001000010010101000100010101010101101000000011000000110110111001111110100110111000000110011101001100100011111110001010100110000010011010100011000101000110101110010100111110010111101110111000110101110000010110011100100101111001001001001011000111101011100010001100000011000011010101001101100000111010100000101011000110111100111000000001011100111000000001010111000000001110111101001000000110001001001111110010000000100111100001000101001010000011101111010010001001 
10010001100010010001101111101111011111110001111111001110111010010010010011110010101001100110101010111111010000011011010110100110011010001001000101111011000011111101010010010110100110111011100111000111110100001001100111011011000010010111101111111010010100111011111011000010001001010011100011001100011111100000100001011011000001100010011111110000111100110100100000011011000110001011110110011110111100111100110110011010001110101100010000101011110001010000111000000001111000011011110111100000010110101100111101001111 
01100010100110000100111101110000111111001111101000000001100001101000011101101100110111001111010111001111111011001011111111011000110011001010000111111011101110110101111101101010100100001101100000001101100101110000101111111111101011101001010100000101000111001111010101111011011010011011011100110100010101111111100001110000000111011010010110111001110111100101011101010111110100100111011100001110001100011010101011111100100111111111011101010010011110010111100111100010100111011000011100010111000001011001000010001111 
01100010100110000100111101110000111111001111101000000001100001101000011101101100110111001111010111001111111011001011111111011000110011001010000111111011101110110101111101101010100100001101100000001101100101110000101111111111101011101001010100000101000111001111010101111011011010011011011100110100010101111111100001110000000111011010010110111001110111100101011101010111110100100111011100001110001100011010101011111100100100010100000111011100111000110110001100110100100010001010011100011110010011110001000011111011 
11111010101010111010010111011100010110100011110010011101100011110100101011101011011001101111100111010101011011110111110001010011111010010100111110111010101011110011010010001011111111010110010010110100011000110101011110010010110001111010001101100101110001010010010011100010101101101001001110101100011001100100100110010100100110011000110011011000100110001010010100011100110111010100010000000011001110110110111111110011110111011011110000110100101011000000001001111100001100110000101100010101100011100101101101110111 
01000100000010011111001010010101010000100000101000100100011010000111000000011100000100010010101011101001010100100001000110010001101101011111001100101011101001011000111100111000010101010000111100000001101101001000011010100111011011011100110100000100000001001001101111101010100100111001100010001001110001101011000000011001000100100010100111010011100100101010010110100010110010010011111001110110111110101010110011000000001110111101001000000110001001001111110010000000100111100001000101001010000011101111010010001001 
10110100101100010001100011000101000011010010000001010010000011111011001000001001100001111000001011100010001100001010110010011111110011111100101001111101010110000010000011110101010100101110000110101000110110011000011110001001101011110001100010000000101100011101100110111010100001001000110000100100101010100000110010010100110000100101001010001100111000111001010111100110110100101100101111101010011011101000100000000000000000101101001000001000001100100000001000010110001111111000100101000101100011001101000001000101 
10110100101100010001100011000101000011010010000001010010000011111011001000001001100001111000001011100010001100001010110010011111110011111100101001111101010110000010000011110101010100101110000110101000110110011000011110001001101011110001100010000000101100011101100110111010100001001000110000100100101010100000110010010100110000100101001010001100111000111001010111100110110100101100101111101010011011101000100000000000000000101101001000001000001100100000001000010110001111111000100101000101100011001101000001000101 
10110110110111110010010111011100010110100011110010011101100011110100101011101011011001101111100111010101011011110111110001010011111010010100111110111010101011110011010010001011111111010110010010110100011000110101011111111101000110011101001100011000111000010100011011110101001100111110101111110111110101110100100100110010111111001000010101101110111100111100000001101010101111101010001010101111100011000100110001011101001010011110001011011111101101000011101100011001110011001000011100011101011100100111011011101011 
00001101110111001111100000001111001111100001111001011110000001001000100000110001111011010101100111100111001100111111000000110000010001111100101111001100100011101011011110100000000110111000101010101111110111000010000100101001010011110100000001110111011110101101000111001111001110111110101010101111100001100111100100100010011001111000111001010001000001110010000111000011011011100101001010101011001001001101101100010111110011000010010110101000110011100101001100010111101110010110101101000000100111101010001011111111 
01100001110001011011001101001100110111101101011111011010110111101110111111111100101111110111110000001111010110000110100110110110110000011001001111100110100110101100100101010110111101001111001000110011010111010111110110110010101000100101101101001111010101011100100010100001010000000110100110101000110100101010011111001110000011011010011001000100100000001011000110110010101001001000110010001110110100100111100100000111001111010111101100110110011100111110100110101010110001011010101001010010111110111111011111010101 
00101010000000100000001000110111001101010011111110100110001111000010110010011100111011001000110011001111000111011100101001111000111110100001001000011101111000000000000110011101101100000010111100101011111000100100000101100010000000011000101111001010010100111011111011000010001001010011100011001100011111100000100001011011000001100010011111110000111100110100100000011011000110001011110110011110111100111100110110011010001110101100010000101011110001010000111000000001111000011011110111100000010110101100111101001111 
01000100000010011111001010010101010000100000101000100100011010000111000000011100000100010010101011101001010100100001000110010001101101011111001100101011101001011000111100111000010101010000111100000111111111111001111111001000001000000110000010001100111110111001010000000101110001000111000101100101001011000001010100001100010110000000101101000100110011000000110101011100111111010111100100110000110001100000001001001001010010111010010111110010001001000001000010101100100010100011000000111101101010101110110110111001 
01001101000110101110011011001010101111110001010101011111011000110010010000011110111110011010101001011100110000110001000101111000001111100000110011000000110000111010100101000110110000001011010001111110000110110011011001101110011000000010010001110010100011000011101011111011001111111010000000001100100000000100110101000111010000011101110110100111000100101110101000000011001001100100010000001001100011010001100011011011010110100101010000001000001100100000001000010110001111111000100101000101100011001101000001001101 
00010100000000001000101011001011010111100000101000011000110010110000101001111111100110001100001010000011111110110111010111001110010010101000110111000001001100110011100100000010000001001101010001001011100001000001101101010100100000010011100101111101111101111001100010000001001011100001100110011110000000010010111100100111011010010101111010110111110000010000110000110001110110010011111111100111000100111000100001001011000101110110011101101110010101100000101100010000000011001101001000001000100010100010100000101101 
10010000000011100010110001101000100110101100011010000000000101101100000000010100000100001001101010000001110100101111101010100001100101110111001110010110000111010110011010001000000001110010000010101001110011111101110001101010000001001100011100011100010101101111000110011111000100101011110110001000000101111111011000011100110100010110011100110111111101110111011000101010010001011011100101010000100011111100000101110001100001011001111000010010101000001001001100001000001110011000001001100100001100111010100000001011 
10010100111101001011101110110011000011100010011111110100100000100110101110010000111101010101001100111010101110101101100101001110000100111110000001110110100100001101010010010010101110110110010111110101010001101000100010100110101110011100110111010111000011100011010101010110000110100100100111111111100010011000001011110010011010011110001001111101101010110010010000111111011000111011111101110110111111001100101111000000000010110111101111001011100101110000110110010100111011011011000101001100000101101001011101011111 
10010100111101001011101110110011000011100010011111110100100000100110101110010000111101010101001100111010101110101101100101001110000100111110000001110110100100001101010010010010101110110110010111110101010001101000100010100110101110011100110111010111000011100011010101010110000110100100100111111111100010011000001011110010011010011110001001111101101010110010010000111111011000111011111101110110111111001100101111000000000010110111101111001011100101110000110000000000011001001110000101100011101100010011000011100001 
01000001111001110111100010110001011000010100111011100110011001011001010011010010011101000101010110010100011001100010001111010111010010101101101001010101000001010011110101010011111001011100010100110101101001100110001110011110001000110111100111110001101100101010111000010110101111010100110100000110011110010001001001100100001011011101100001010010010010110011001010001111010111010001011111110000001110111110100000010000001000010001001010001010110110111111011000010011011011010100000100011011101110001100011001110101 
00011111011111010011100011011001110111000010010110101001000000111011000011101101001110001101111010011101010101000110011101111001011000111110001111010001010110101100111101110001101011001111011011011011111011011001000100100010000001110000101001011011011010101000111011001100000100101010001000010101000001000101100011101000101010000111111100011001101001011000011000000100010101001011010001101100101101001001011010001101010011110000000000011001011010110101010000000000011001001110000101100011101100010011000011100001 
01100001110001011011001101001100110111101101011111011010110111101110111111111100101111110111110000001111010110000110100110110110110000011001001111100110100110101100100101010110111101001111001000110011010111010111110110111001100001100000101111101110111101011100011000011100100011111101010110111111011001011001011101011001011011110011001000001000100010111010001010011111001001001101010001111001010001001000111000010010110111100100101000000011101011100110011001001110100110001101101111111100010101110100011111001101 
00101000010001010011111000011100101100011001110111010101010111000011010001011110111000001001011111101101101010110001100001110000110010010011001011111011110101110100111110010011100110101000110011100001110001111001100000100101100010111110110010000101110001010010010011100010101101101001001110101100011001100100100110010100100110011000110011011000100110001010010100011100110111010100010000000011001110110110111111110011110111011011110000110100101011000000001001111100001100110000101100010101100011100101101101110111 
10011101000001110111111100110001101110110011001100100111010100001011111111001100111100010011010100110111100010101001101011110100111010000100011100100111111010110111011011011000011011101011001010000000101110110111010001110111110111011110010110111000110101001010110010100111000010001110111100000001100000100110010010000011100010001100101110100101100001100101011001100111010010100110111011001110011001111011100101011110001011000010011011011010111010000000111100110001011100010100000100010101011001100011100100110011 
11110011001010100100110111011010000011011111101011111000110001100000111010110101100110100011011001010111110011011011001111101100101110100110010111011001010101111011010010001111001100011100110100100000110000100100010111010111101011000001100000100000101011010110001011101100001011110110110110110010010011101001011010100000111100111010001100101101101000011001111010011000111110101101010000101010100011010011101111111110010010111011111011110001011000110010101011001111110011100101100111110001111010010001010000101111 
11111010101010111010010111011100010110100011110010011101100011110100101011101011011001101111100111010101011011110111110001010011111010010100111110111010101011110011010010001011111111010110010010110100011000110101011110010010110001111010001101101000110000110110001100100100111000010001110000000100110001101001001101011101011000011011011000110111000111110011111010001010100001011010111110000011110001111011111111000001101101101011110110111001101011111101010110000001111101000000000011111010010110001100111111011011 
10010000000011100010110001101000010000010101111100001001010110110001110011111101001000101111110010010001110110000011110000101000100100110011110001111100010110100101110000111010000011110111010000111011100000010100010000010001001001001001100101011001011000000101100011001001000011011010100010000000100111000100011001001000011110011100011000111111010111100111111011101101001010011001011000101111011110010101011000001111001001001000010100010010011100010101110011010001100110111001010010101010001001011111011110100101 
01100001110001011011001101001100110111101101011111011010110111101110111111111100101111110111110000001111010110000110100110110110110000011001001111100110100110101100100101010110111101001111001000110011010111010111110110111001100001100000101111101110111101011100011000011100100011111101010110111111011001011001011101011001011011110011001000001000100010111010001010011110001010101100101001000110011110111110110000110011111101011100110101111010110000011101011000000101111011101100001010010100001010101001110101010111 
01100001110001011011001101001100110111101101011111011010110111101110111111111100101111110111110000001111010110000110100110110110110000011001001011111011110101110100111110010010100100001101100000001101100101110000101111111111101011101001010100000101000111001111010101111011011010011011011100110100010101111111100001110000000111011010010110111001110111100101011101010111110100100111011100001110001100011010101011111100100100010100000111011100111000110110001100110100100010001010011100011110010011110001000011111011 
11101000000011010000110100101100011100101011011111100000110001010101100010011101011111000101011000000100010100111100110010111000001000100001011111101111101110110101111101101010100100001101100000001101100101110000101111111111101011101001010100000101000111001111010101111011011010011011011100110100010101111111100001110000000111011010010110111001110111100101011101010111110100100111011100001110001100011010101011111100100100010100000111011100111000110110001100110100100010001010011100011110010011110100011111001101 
00010100111011000101001000100111100110101100011010000000000101101100000000010100000100001001101010000001110100101111101010100001100101110111001110010110000111010110011010001000000001110010000010101001110011111101110001101010000001001100011100011100010101101111000110011111000100101011110110001000000101111111011000011100110100010110011100110111111101110111011000101010010001011011100101010000100011111100000101110001100001011001111000010010101000001001001100001000001110011000001001100100001100111010100000001011 
10010101010001010111011100101011110100100011010001110011111011111000111111001010001011100101101011011010100001110001010000010100101000110110011111011101000001001011111010001111101110101101011010100001101100011001010000101010000011000010100111110011001101000101001110111001011000001001010011101100111001101000001001000001110100101000010010011010000010000011001101010110010010100000000100100111001110001010000101101011110110001001100101100001101000110100011010100111011111000100001111010101100111000001000110011011 
10001001101110011001011110101111001101110011011111000111000011010110001100110110000000010001100001110100111110000011110001001000000011010000111100011011011100111101111111100010000000100101110000001111001001100110111011001010001110100100011111101100000111000001101010100011110110110001100101100111111011111111100100111111000001011011001000110110000010111100010010111001001001110010111000111001110110001010001111011010010011000011001010110001101011011101000011110110001001010000000101110101001100001010111000111101 
10110110110111110010010111011100010110100011110010011101100011110100101011101011011001101111100111010101011011110111110001010011111010010100111110111010101011110011010010001011111111010110010010110100011000110101011111111111101011101001010100000101000111001111010101111011011010011011011100110100010101111111100001110000000111011010010110111001110111100101011101010111110100100111011100001110001100011010101011111100100100010100000111011100111000110110001100110100100010001010011100011110010011110100011111001101 
10011011111000011010000010101100011011111100111001010110001000110010010000011110111110011010101001011100110000110001000101111000001111100000110011000000110000111010100101000110110000001011010001111110000110110011011001101110011000000010010001110010100011000011101011111011001111111010000000001100100000000100110101000111010000011101110110100111000100101110101000000011001001100100010000001001100011010001100011011011010110100101010000001000001100100000001000010110001111111000100101000101100011001101000001001101 
01101011010111010111111001000111100101010101010000101110010001111111100100010110000100011010000010011001111110110111111000111000111010101110111110011000011001101110101001110101011001110100011011101110110011110111000010010101010101010101100001100001010100110011011000110010011100010011101101000001001001110011100000011001000100100010100111010011100100101010010110100010110010010011111001110110111110101010110011000000001110111101001000000110001001001111110010000000100111100001000101001010000011101111010010001001 
01100010100110000100111101110000111111001111101000000001100001101000011101101100110111001111010111001111111011001011111111011000110011001010000111111011101110110101111101101010100100001101100000001101100101110000101111111111101011101001010100000101000111001111010101111011011010011011011100110100010101111111100001110000000111011010010110111001110111100101011101010111110100100111011100001110010001001000111000010010110111100100101000000011101011100110011001001110100110001101101111111100001100000101101000101111 
10110100101100010001100011000101000011010010000001010010000011111011001000001001100001111000001011100010001100001010110010011111110011111100101001111101010110000010000011110101010100101110000110101000110110011000011110001001101011110001100010000000101100011101100110111010100001001000110000100100101010100000110010010100110000100101001010001100111000111001010111100110110100101100101111101010011011101000100000000000000000101101001000001000001100100000001000010110001111111000100101000101100011001101000001001101 
10100100101000010110110011000101000011010010000001010010000011111011001000001001100001111000001011100010001100001010110010011111110011111100101001111101010110000010000011110101010100101110000110101000110110011000011110001001101011110001100010000000101100011101100110111010100001001000110000100100101010100000110010010100110000100101001010001100111000111001010111100110110100101100101111101010011011101000100000000000000000101101000111001001110101010010011100001011100100110011010101011011111110011000101011010011 
10111000110000101011010011100010110000101111000111100000101110110011000111110000101110010101111011111001110001111110101000010111001101110101100010100000011000001101001010011000101100000100010110100101101000010111111101000110111010011000010100110001101000111110110000001100101101110000011111111011100011001000010001001010110000010101000100100001100001111111101010001110001010101100101001000110011110111110110000110011111101011100110101111010110000011101011000000101111011101100001010010100001010101001110101010111 
01100001110001011011001101001100110111101101011111011010110111101110111111111100101111110111110000001111010110000110100110110110110000011001001111100110100110101100100101010110111101001111001000110011010111010111110110111001100001100000101111101110111101011100011000011100100011111101010110111111011001011001011101011001011011110011001000001000100010111010001010011111001001001101010001111001010001001000111000010010110111100100101000000011101011100110011001001110100110001101101111111100001100000101101000101111 
01001101000110101110011011001010101111110001010101011111011000110010010000011110111110010101111011111001110001111110101000010111001101110101100010100000011000001101001010011000101100000100010110100101101000010111111101000110111010011000010100110001101000111110110000001100101101110000011111111011100011001000010001001010110000010101000100100001100001111111101010001110001010101100101001000110011110111110110000110011111101011100110101111010110000011101011000000101111011101100001010010100001010101001110101010111 
11100110101011100101101100010110000010011010101000000001011001011100101011010010001001000010010111010101101100100010011110000001010100100111001100111011000010100010011000110101010010010000001111001110111110111000101100111000010000100101111000010111000100100010110111011111001000100111001110101010010100011000001000011111111111011110011001010011101011011000101101110010010101010001111011101110100110101010111110010011011001110000001000001000001100100000001000010110001111111000100101000101100011001101000001001101 
00001110110010011010000010000010111010010010010011001100111010001111111110000010001110011110100101010011010010010111101000111111001011000001000001000100110111010101111110001001010010011101000011110000101001101001101101101001000110011101001100011000111000010100011011110101001100111110101111110111110101110100100100110010111111001000010101101110111100111100000001101010101111101010001010101111100011000100110001011101001010011110001011011111101101000011101100011001110011001000011100011101011100100111011011101011 
10010000000011100010110001101000010000010101111100001001010110110001110011111101001000101111110010010001110110000011110000101000100100110011110001111100010110100101110000111010000011110111010000111011100000010100010000010001001001001001100101011001011000000101100011001001000011011010100010000000100111000100011001001000011110011100011000111111010111100111111011101101001010011001011000101111011110010101011000001111001001001000010100010100101011000000001001111100001100110000101100010101100011100101101101110111 
01111010010100101110001110001010101010000010111101100101011000010001010010110110010010100110110011100100100001100110001000011101010011011001100011101110101110001101000010111100111001101100001001101110001011011000100001110110001110011001010011001100010010100000110000110110111110000011000000011010110011000100011110101010110100011001011000000010101110101101110110101100000101001000010001011000110101111110111011001110100110011111001110111010111110001000110010010011001000011111000010100100011001110010101001001011 
11101011011001001100001001101001000000111101100010001110011010110101101010001001000100111011100000000011000100100110111011010111000001001100010010111010000010110110100000011000110011000111111110100100100011010000111111110011101101110000101111001011010010101000100110000001000000001011000001110101101110100110010000011001100010000100010110011010001111001110010000111111011000111011111101110110111111001100101111000000000010110111101111001011100101110000110110010100111011011011000101001100000101101001011101011111 
00010100000000001000101011001011010111100000101000011000110010110000101001111111100110001100001010000011111110110111010111001110010010101000110111000001001100110011100100000010000001001101010001001011100001000001101101010100100000010011100101111101111101111001100010000001001011100001100110011110000000010011100000011001000100100010100111010011100100101010010110100010110010010011111001110110111110101010110011000000001110111101001000000110001001001111110010000000100111100001000101001010000011101111010010001001 
10110000000011011111101011111110010111011001100010011001010011011110010100000001011111101110000011010001000100001011100100011010000011111000010110000111110000011110110111110111111010100011111000111101111000011100101111100001110111111110000001010101011100100010001011101000111111010010100100110000011100110010111000001100011110001110111011101110111011010001110110100011110110001111000101000100110000110100100111110111100010011011011001010101011011100010011000111000001010110110101100101000101100101100110110100001 
01111110100001101001101111010011101101001000111000110110010111100110110100111001001101101111110100100000010111010010101011110101001011010000001001001000011011000000010100001100010101011001011111010010001000111011011010000000010010011100011000101001000111011101101100100101111001001001001011000111101011100010001100000011000011010101001101100000111010100000101011000110111100111000000001011100111000000001010110110100110111111111011101010010011110010111100111100010100111011000011100010111000001011001000010001111 
01100001110001011011001101001100110111101101011111011010110111101110111111111100101111110111110000001111010110000110100110110110110000011001001011111011110101110100111110010011100110101000110011100001110001111001100000100101100010111110110010000101110001010010010011100010101101101001001110101100011001100100100110010100100110011000110011011000100110001010010100011100110111010100010000000011001110110110111111110011110111011011110000110100101011000000001001111100001100110000101100010101100011100101101101110111 
10110110110111110010010111011100010110100011110010011101100011110100101011101011011001101111100111010101011011110111110001010011111010010100111110111010101011110011010010001011111111010110010010110100011000110101011111111111101011101001010100000101000111001111010101111011011010011011011100110100010101111111100001110000000111011010010110111001110111100101011101010111110100100111011100001110001100011010101011111100100100010100000111011100111000110110001100110100100010001010011100011110010011110001000011111011 
00101010000000100000001000110111001101010011111110100110001111000010110010011100111011001000110011001111000111011100101001111000111110100001001000011101111000000000000110011101101100000010111100101011111000100100000101100010000000011000101111001010010100111011111011000010001001010010000000001100100000000100111110101010110100011001011000000010101110101101110110101100000101001000010001011000110101111110111011001110100110011111001110111010111110001000110010010011001000011111000010100100011001110010101001001011 
01110011100010000000111010011000110010010111110100001101011100001010111001110010001001010111010011111010010101101001101011101101111011101011010001000110011011111101111010011010000010110000110100100100010000011011001100111000010010100101000111101111111110111100101000111100110010110000000110110000001101111010111010010101100110001110111111001110001010111111000111100100100100110110111111000011010111111001000110000100000111100001000111010100101100001110110010011011000000100001111100110011011010111011011000001001 
11101011011001001100001001101001000000111101100010001110011010110101101010001001000100111011100000000011000100100110111011010111000001001100010010111010000010110111100111001001001000000111101110011111000100110001100011001101010111001110111110011000000011111011101111100001111110100101100000000011000000001110101011110011111100101001010110100011010111011100011110100111110101101000010111111100000000110001010010010000000000100010010011011010110001111100001111010011110100110111010011001101110000100001010111101001 
10011011111000011010000010101100011011111100111001010110000011100010101111111101101000111101100101010010101101100100010010000101011111001101100110010001101010111000001010001000010101000000111111111010100001101000100001110111100010000110000100001000101110111011111000111110001011100100000001001101011000010001110010111010101111001110001111110110100011101011000100110100010101001100001001101101101011001010110101011101000110110111100111000110001100111010001100111101011001000000010101111000110100101110011001111011 
10100011000110011011100010010010001111001011100001101100100010010011000111110000101110010101111011111001110001111110101000010111001101110101100010100000011000001101001010011000101100000100010110100101101000010111111101000110111010011000010100110001101000111110110000001100101101110000011111111011100011001000010001001010110000010101000100100001100001111111101010001110001010101100101001000110011110111110110000110011111101011100110101111010110000011101011000000101111011101100001010010100001010101001110101010111 
01110110001011000000100001011001011011100000110001001111110000010101001100001011001011000100001111100001100011100110100101010011101110000011011110001011100100010101011101000110101001001100011110110001100101001110011000000100100111000110111000111110111001000010011110111110010001000010001010110100011010110010101011101000000001111111011010000111111110100001010101110001110010110110011110100011011010110000000011110100000101011001101000110101101111000000101010000100111001010100111010111110101011100110000010000011 
10111000110000101011010011100010110000101111000111100000101110110011000111110000101110010101111011111001110001111110101000010111001101110101100010100000011000001101001010011000101100000100010110100101101000010111111101000110111010011000010100110001101000111110110000001100101101110000011111111011100011001000010001001010110000010101000100100001100001111111101010001110001010101100101001000110011110111110110000110011111101011100110101111010110000011101011000000101111011101100001010010100001010101001110101010111 
00110110110111110010010111011100010110100011110010011101100011110100101011101011011001101111100111010101011011110111110001010011111010010100111110111010101011110011010010001011111111010110010010110100011000110101011111111111101011101001010100000101000111001111010101111011011010011011011100110100010101111111100001110000000111011010010110111001110111100101011101010110110010010011111001110110111110101010110011000000001110111101001000000110001001001111110010000000100111100001000101001010000011101111010010001001 
10110000000011011111101011111110010111011001100010011001010011011110010100000001011111101110000011010001000100001011100100011010000011111000010110000111110000011110110111110111111010100011111000111101111000011100101111100001110111111110000001010101011100100010001011101000111111010010100100110000011100110010111000001100011110001110111011101110111011010001110110100011110110001111000101000100110000110100100111110111100010011011011001010101011011100010011000111000001010110110101100101000101100101100110110100001 
10010000000011100010110001101000100110101100011010000000000101101100000000010100000100001001101010000001110100101111101010100001100101110111001110010110000111010110011010001000000001110010000010110100011000110101011111111111101011101001010100000101000111001111010101111011011010011011011100110100010101111111100001110000000111011010010110111001110110011001111010011000111110101101010000101010100011010011101111111110010010111011111011110001011000110010101011001111110011100101100111110001111010010001010000101111 
11101011011001001100001001101001000000111101100010001110011010110101101010001001000100111011100000000011000100100110111011010111000001001100010010111010000010110110100000011000110011000111111110100100100011010000111111110011101101110000101111001011010010101000100110000001000000001011000001110101101110100110010000011001100010000100010110011010001111001110010000111111011000111011111101110110111111001100101111000000000010110010010011011010110001111100001111010011110100110111010011001101110000100001010111101001 
00001101110111001111100000001111001111100001111001011110000001001000100000110001111011010101100111100111001100111111000000110000010001111100101111001100100011101011011110100000000110111000101010101111110111000010000100101001010011110100000001110111011110101101000111001111001110111110101010101111100001100111100100100010011001111000111001010001000001110010000111000011011011100101001010101011001001001101101100010111110011000010010110101000110011100101001100010111101110010110101101000000100111101010001011111111 
10010000000011100010110001101000010000010101111100001001010110110001110011111101001000101111110010010001110110000011110000101000100100110011110001111100010110100101110000111010000011110111010000111011100000010100010000010001001001001001100101011001011000000101100011001001000011011010100010000000100111000100011001001000011110011100011000111111010111100111111011101101001010011001011000101111011110010101011000001111001001001000010100010100101011000000001001111100001100110000101100010101100011100101101101110111 
00101000010001010011111000011100101100011001110111010101010111000011010001011110111000001001011111101101101010110001100001110000110010010011001011111011110101110100111110010011100110101000110011100001110001111001100000100101100010111110110010000101110001010010010011100010101101101001001110101100011001100100100110010100100110011000110011011000100110001010010100011100110111010100010000000011001110110110111111110011110111011011110000110100101011000000001001111100001100110000101100010101100011100101101101110111 
00001110110010011010000010000010111010010010010011001100111010001111111110000010001110011110100101010011010010010111101000111111001011000001000001000100110111010101111110001001010010011101000011110000101001101001101101101001000110011101001100011000111000010100011011110101001100111110101111110111110101110100100100110010111111001000010101101110111100111100000001101010101111101010001010101111100011000100110001011101001010011110001011011111101101000011101100011001110011001000011100011101011100100111011011101011 
00010100000000001000101011001011010111100000101000011000110010110000101001111111100110001100001010000011111110110111010111001110010010101000110111000001001100110011100100000010000001001101010001001011100001000001101101010100100000010011100101111101111101111001100010000001001011100001100110011110000000010010111100100111011010010101111010110111110000010000110000110001110110010011111111100111000100111000100001001011000101110110011101101110010101100000101100010000000011001101001000001000100010100010100000101101 
11101000000011010000110100101100011100101011011111100000110001010101100010011101011111000101011000000100010100111100110010111000001000100001001000011101111000000000000110011101101100000010111100101011111000100100000101100010000000011000101111001010010100111011111011000010001001010010000000001100100000000100110101000111010000011101110110100111000100101110101000000011001001100100010000001001100011010001100011011011010110100101010011001011101101011011000101110101110111100010011111101111011111010010010001000111 
10010101010001010111011100101011110100100011010001110011111011111000111111001010001011100101101011011010100001110001010000010100101000110110011111011101000001001011111010001111101110101101011010100001101100011001010000101010000011000010100111110011001101000101001110111001011000001001010011101100111001101000001001000001110100101000010010011010000010000011001101010110010010100000000100100111001110001010000101101011110110001001100101100001101000110100011010100111011111000100001111010101100111000001000110011011 
