11111110111110001110111111011010111100111110100100000100100111011111110011101000011100001100011110001010010010111110101101011100001100110111110111000001111101011111101100100101010001011110011110001101100110000011111010110111101111001001111100111111111011101011101011100000011000100111100101011101111001100011101111110011101001111011101110111111110101010000110110110010110001001100111010010100100001111100011011011101101011011100000011101010101101101111111010000010111011011011110101100101010101000110111101110010 
11110110011001110001010001001000010001100000011000110101001010011000000000100111101010000000010000011000000111000010110110101110010111110110000000000000111100100100010001101101000000000100101101010110110000110000011100110000001001010100101001011001010000101101111000001000110111011110100110010100010101010000011011111111100000101010000010100110100101010010100010100101101000110000001000000010010101011011011011100101000110011111001100000100100101110011001110000001111010101100111001011011001010000011101001010011 
01011001000110000100100011100010110101111001101001100010001010101101010011110010100101010101011111000011111011110001010010100111100101000101100110110111010111001111010010100001010101111010101011000001001110100101111011111100101010100010001100111000010110001010110000011000000011111111100110100111100111011100101110111101111010100110101101011110111100111111000110110101111000100111101110111010111110111011111100101111100011110011101111001111110101101001111011110000011110011110110011010101101110101001110110101111 
10100011111101011110111011111100000111100011101100001101010001001001101000111011000110111101110001011011001001111011100111101110010001110110101111010110101011001100010010011010100001011111011110101011111011011100001100100101100010110110010111111011111000001111100100111111110011110011011001111111111001110111000010011101111000001111101111001010110010011111101010010000100010110001010001110111011100010011110000000111110110001001101010111100110111010111001111011100110001110111010010100001011110100101000111100111 
01101110100101010011011110100001000000011000010110101110001000000010110111101010001100010110010101010101100011111101100000000000010111111100011001101000000001000001100100000001111101110001111010111100110010100111001010010001100101101000011010011100011000011111001000110000010000101011011010110011101100010011100101000111000000000100000011001010100000001010100000111010111010110010100011011000011000111011110101001110000000100100000000000000001010011011001011111111010000001011000010000001011101100101110101100001 
01101100001010001111111100111010111001111101010110100010000100011111101010101110010110101101111000110010011100111110001111001111010010010111111100110110000000100000100000000111100010001000100011010011011010110111100011011101010010101100110010000010000100000001010000110100010000100100110111100010000000100010011101000111101011111010001010001100010100000100101110000010111100001010100100010110000101010000101001000111000101100110000010000100110100100001111101100101110110010101001110000011010011101111011110011011 
00011110111100010000111110011101000011101010110000100010100000000001110011110000111111110010110011011101110100111111011110110011101110011011100011110110101010111110111010100011011101011110100100111000110101001001001111011010001100110111111101011010010010101110000000001110110100010100111000101101001010101011011101101100110111101011100110110001000011101111111001111101111001001101011111010000011001011111110010010101101010100001111001100101111011001001000010100000000110010110000101011111101011101001000111000001 
01111011001010011010011011010101101111010011010011111000111111011100000100001100001110101100010100010001000101101011101011011100100101010010001100011101111111001110100101101100001010000001001011001101000101010111001011000111001111001100101000001100000011111010111000111011001001111101011110010101110111111001011000100110010100100011000101110111001100110011101110001001001000110100010000101011010010011001001000110000101001100000001110010111100100101010001100110101100001011110000000010000000101111001011000101001 
01111100111001011100010101001101000011101111000000011000111100011101011010010010111100101011010100111001110111101000101011011110011100001111111100111000101110011010111101100010000110010111100010110011001101111111000100101100101101000011111100111100100111111000111010001110111000011101111111100111111010101010011111101111110011110101100000011000010101110100101100001100101111001000011110011100111111111101000101100001101001110011101110110100011100110111001110000011001100110010101101100111001111110100101110110111 
11001101110101010001011111000011001001100110010000111011001111011100010100110011111101000000000000111110000010101010010001001110010000001011000001111011101100111010001011001001001110101100010101000100010010001101100101011110011011101111001101011001011100110101111000011001011111010001001000100000100100011110110101000100000010000110110000101000110010011100001110011111010001001110111001011001111101001010010010110000111001000101100100100001010101001000100000111000110001001001001101101111010111101001100111010111 
01000011000100010010010100101101001110011000100000111100011000110101111000111101000000100110001111001100100011111010110000100010101011110111101001001010001010110000100011010011100101110111011010010000110110000100010001110101111101010001000111011010010010101100000011100011111111100001000100000000110111010110101000001010000000100110101000000100010010010110000000100011100110111111111010100110110000001001010010010000000010110100010110110110001000001110010001110111000000101101100001010110011111011100001001110001 
01010011110101101000000001011000100100101000010011000001010101001000101010110000000110111000000001010110110110111100101011101000000000001110010000100100110110110101010100110000000010111010100100010000101110000101000010011000111100011001000101110011111000101010101010000001000101100011101001011001001001111100111010110101100001011100001110001100101001000100010011011000100001100000000010110011100011110001111111010001101100001101001001011111110101100000010100010110011100000001011111101001000011111001010110010101 
10000010001101110100110010011010110100101010010010000011110010111011011000011100001100101100100001000110101101000001101111010011111111010001110111100001001100111101101000111000101001000001000001000010101110110101100001110111011010100001010001010110010000100011000001100100000001000100000011111111010000110101000011100100001101100000101000101001000000111111110111011001100101100000100101110010001000101010100101001010110101111001010010111101010000001011100100101000010010000101001011100100000110010100100110001011 
10100001100010011001111011011101001000010011111010000000001111000101111001000110000110001100101001101000101100101001011001001010011001010111011100011000111101100011111100010001101000100000011111000110111101010101100110110000001011010011010001010011101111000000010001111111011010110000011000000111001011000000001001101110011011101001000100010101010001000000100110000000100010101010010010000011010011001000111010110110100100010100000011110011111000011111000011001101000001001111111100000011000100100000101111011101 
11001101010010011101100001011011111111110001000101001010100110111100111110001000000000100101000010000010110000101011101110111110000000010111000100010111101011100100101101100000010100101111000010001001100010100110010011000100011110110000010000100110000011110100001000011110100111011100100010011110010011000001101101100100111110001101011010001001001110000001101001111000100100101111110101111010111110000000100001000001111010011100010101000000111000011110000010011100010110010001010010000100000010011011100001111011 
00110001101101001011010110010101001111011111110010011000011000100100011000000000111111010101001000000010110000010110001011100111000100100111001111010011010100111001100100001101111111000000001001101110001000011101110110100010011110100011001010000001010000101101011100101011101110011011000110011010010010100110101111011001101010101010101000110101010000010000110000010101010101001100011101011111100001000110100011000100001110011011001100000011000010101000011001101110001111000011001000011000000011100110100000101111 
01010000101000101011111000001100001100000101111010100010010001010000110111000000101010010110100001001011001000100001011100011101101101011111011110101001110101101000010001100110110111000100110000010001101001101000001000110001100100000011000010000101100100001011000000100000000001010101111100010101110110101101000001111000011100010111010001100110101101100101011111001000000111110111011011010000010100000000100100000100000110011100101110111110010000111110101010001111110010000100000010111000001000110010101100011101 
10101010011100001101111011010000000011000011111011010000011001101110001111111111101111100110111101011011100000000111100111101110001001101100001001011001111111101111111101111101010101011001001111000011111100011011101010010111110101101110001000011001111010110100101001101111011100111100001101000100011100100100101010101010101000101110010111000000010001111011111000101001001101101111110110011000010111001001011011000000111010010110011111001001110011110011100110101010011010001000100010111011011101111011010100111011 
11101011100011001111111101000001101010101101101000101001001111001111111101011111011100100101010111111110011101100100010100010110111001001011000110101101110101001100100110100100001001111111001001010010100001010100000101001110101001110001110111001001101101110101100110010101001110111111100000101010110111100110011000101110010110100111101110010010001010101111000000010011110010110110110111001010000011101010100100000001110101111010111111111001110001001110110111110100010101001011100000111110110111011101100101101111 
01000100001111011010001110100011001100010110001111000001010000000111101000010101011011100110011010110101010100110001011010100100010011010000011011111100100100001001000001111010000000101001010101110110010000100101011110011111010001111100110100000101100001110111100111111111010100000101010001001000101001110111000111000110011000001001101010001111111110011000010001100011010010000000011001101111010111100100011110010111110010110010000100101100000010100101100011100010001101111111111111011101100111001101011011010101 
01101111010011100010000111110110010011010000101001111111001001000001000011011010011111111000010111011000100011010000100101000111001001000101111000100111010111010110101010100010110010001011000001011111000010011111101011011010101110011010011111001011100011001011101100111110110010000000001010010111101110000010110010101001000101011010000000000101001011001110011010000100101011000000111011111000111010011100100000110000011000101000010110101001000111100011001000110111000001010011100000000000000011000011100010000101 
10101011101001010011011011001010001001000111101110101000001000110100011010010110111100010100111111011011001001111001110011001101101110111111101001011110111110010111010100011011101101100000011000010111011001110101100101010000000100110111001011001000001000000001100111100001001100100111100000011001000111010101110100111001101101001000001100000001010111111110110101011011000001111100100110111111011101001010100100001010100010111110111000001011011001100001001111100110010110011101100000001011001011001101011001011101 
01001001011111000100101110101100110001011010011110111111100001010010011110010110001010011111010101001000001011111111110100100011000010110001111011011100101110010000111001110111110000110000000011010101001010000100001110110001110101100110000011100111010010101001010101010101011101100010110001111111001101111111010111110011100110111011011000110011011001110010111111010011001101111101110110011110111001011111101001101100001001100000001101101011011110111101000101101101000010010000000010001110101110100101000011101010 
11110011111110110000101000001001010000110000101111110010000110110100001011110110110011101110011100110001000110101001111011101011110111000010011111011111000111001111011000011011110100001100110000110001000001010011001110011011001100100111001011000110011010111111010111000010101110000011100100100100011010110101001000011101001011010100110010011100100011100001101111010000001110000001011011110101001111100111001111110111110010011110010100110010100010110000100100111100010101101000101111010111000010111000100011100011 
10110111000101011011101001111010111000100010101110101010010010111011101111010110010111101111111010110011101010110101000000110011000011011011000101100101101011000000111001101010101010010111111000111011100110100011100010101110111101100111110100111000110010101010000011110110111000100101000001101011100001000001111100110011010111100110001111010001001011001100010001001000001011111011000010101101110001110101110110111100111110010100110001010110100001110100010011011111000110000011010010001100100010100110010101010101 
00000010000011011101100001001100001010111011111011111001101111010000010011111100110000101000101001110110001101011011001011011100001111010111011011001001111011101011010100110110011101111111110101101001110101101111001100011000010100111100101100110101110100101010011011000101011101101111000100101100010011111000101010101111101000011010111110101110011110100010111011110101011011011010111010110111111101111010000100011100100011001000000000001011110111001011110011011001001110101011111001111111110111100101010100111101 
01100000110001000111110001111000000000001000111011101100001011110101100111100010100111111011010101001000110100010001111110101011111101011000010011011000000100110111011011011101011110100111001001110000100011011111110011010111110110011010100110000010001110100101111100101100011110010111101100111110111010011110000010011111100111100101000101110000000010001100111011101011100001110100111110110001000101010110110100100100110011111011001111010100101100001100111010110011000110110110001010110111101111010101111011010011 
11110011110001010110011010110001101011011000011101001001101011110111111110111011111001100010110111101010101110100110100011101111000100111001010101000000000101011000001110000110010100000110000111110110000101111010001010001100100010101101111110111010101111111001110100011111100011111111111010001101110111111111100101101001101101110110011101101100111000000100010010011100110111010001011110001100101101101011101011111111101010000101001011010101111011101001110010111110010001101100010010101111010011111011010010111111 
10000101001100110100111110110011011011110010100010011100100001010001110010011001111101000100111100001010110110001010110100011110000110111101100010001101000111100011100110000000011010000100100100110100000011001110011000001011010110100001000011010001110000001010011000010000010110110111011000011001001110101110111001101010101111011111000111100010011111111100010100010001110011111001010000010110001000101100000101110101001000100101000010110001000000101000101111111010010000110100000011101000110110011001110011000011 
11000010010010100010110111000001110000111111010100001110000111001011110010110000100011110101101010000111000000011000100010111101111110010001110101101010111010100010111011101101100101001100110011001000101011010100100000000101001010110100010000110110010000111101010100000111010110110011010111100110111010101000111100001000010111100010010000100110110101010000110000101011010111010101001001001000010110111100100000011100001011110111100110000001000010000110111011101001010010000010110110110000100111111101001001001101 
01011001001000001111111010010010011100101111110111111111010001010101110011101111010011010111100111101101101011000101001010000110000110110101110110010001001010100001100110011100100100000001111110010111110001010000011101011111100100011101101100110110001001011101111010000011001000101111111000010110110000011111111000100111010101110010110110001101110101101011101000110011010000011111001101111111101101001011011000110100001110111101111101001100100000111000100101111111011010111000010100110011101101110010100010011101 
11010101100110110101010000001010000011100111011100111110011011011011111001101100010111000110101010110110101111110101100111000110011011011110100100110101101100010111001001101101010110011111110101010110010111110110110011011000000111001001101111111000011110111001111111001111010101000100111010100101010001100011100111011101001110111111000101001110010010101001011101101101110000000000010101110011011011100001101110100010111110001111000101000110001111101110110110011100101110001110011000100011011101111100000101000011 
11000001101101110110110111101100000111100111011001011100110101110011111011001000010001010110001101000001001111000001010011110000111110011101000101110010111110001110111010111001110001110010110111000010110101111010111000111000110011111110001101010010100110111100011111110011110110111001111111000111101011001011000110001111111101001100000110001100101010100001001110110111001100001110100011110010001011100011001110000010111100111110001000111110001110110110010101101111101100111110010100101111110001001011011010011001 
00101110101011010011100010010000011010101111101000100001000101111110011110010001001110101011101101111001000111111000111011010100111110001101001111011011111111011100101010011001100100011110001111110010011100011011111011100000101111110010101110100100111100101101001101010110101011110111011011101010011011111111010000111011001011111000111110111011010010101011110110111111110101001110110000001010111100100101100101001001000111110101111100001001001101011011010011001011001001100100101010101010110001100100010111000011 
11110001101101001111010011100111100111111000000011011101000011111100100101101011010000001110101001111010111000011000100110111001000011110110110100100000011011001011011000101110011011111111110100101000010101101011110110011111111010011010010101011110010111111001010000110111111001011101000110110001011110110111100111001000111100111100101010110001000010000111101010011001010001010011101011000111111011010101100101100001101011000111111110101100110001011100011110010011110100100001110001111110001001000110000111001011 
01110011011000101110100001101001000011111111100001010101010000110101110101000101001011000001010001110111001000110000110100000011010001110000010010010001101111100100010111101110100000111110000111110000110011000000001001100000101010110111110011110000010001101101100101111000111110101101000001000001010110110111010110100100101101111110000001010110110101010010111001101110110100000000001111001100010100101000010110011101110011110100010010101101000111011010010001100111011101001010101101101000111011001011100010000001 
11010011001010111101011001100001111100011110100110011010001101100101001001001000010010100001001010011001011110001001011110110011000100101100010001010001000000101100010010101110100010110101100010001010100100010001010001011100011110111010000100111000100110111000101100010010001001100000001100101000000001101100000001010000100111001010011100010001010111000110100111100100111000111100010111010111001111111101111101111111111001000101101110101101100110100110101011000011110000111001101010000000101100000111100000000011 
01010000111001111100001101010010110100010011010100100000100010110010100100101001101100001100100011111101111101000100101111100100100101010100100110010101011011100010001111100011011000001010111111111101011101111111101001001111000001000100010011010100011000101101111011010010010111111111101011011011111111100011111010010000100010110111111001100010010111001110010000010101010000011110001110111101101000011010100011000000110000101111001110110111001011111110000000101011111101000111010001100000111101001001001100111001 
10101111000000110000100111010001101100100101011011110111111010000001001010011110011011011000011011010101111100101111101010000011110100010101111100000011010101110010011111100101101001101100111101111110100010001110000000100101100001101010101010011111101001100100000000101010001011101011010110011100110000100001010100010100000000100110000110101100101000100010000010111111011010011000011000011111101011110001010011110010000000101010000010100101100011101110110101100001000011101000010000101111100101001001101011011001 
00000111001101001011001001111000101010111101011011100011011110100100001010010111101011100110110001011110001110110110100011001011011100010011111101011011111101001001100100110100001001100101111100100101011010010001001111101001101110010101111100011010111011000001100101000010111101100101000111100000110101110001100101000111111111000010011101010100110000001000000001010100001011010000100001100000000100010100011111010110010100100001010001011000111010010000001011110111101100001111110101011000001111010110011001010001 
00100001111011101100101100101001000110001011100100111000100010111100100001101010100101010111101001000100101011110101100100000011111011110100010100100101001011001111110110100100101000111100110000001111011011111010100100010111100101110100000001101001000110100110001011101000100100110000011001011111100010001100110101010111111000000111001110001010110011010101000011110100011011011110100101010100000011000001101100111010010100010111001101100100111110101010100110010001100110000100010101011111110111101000110111101101 
11111101110011010001110011000111000101100010111110111110001000110011111111011110010010100100111011101100110000000101011011100011111110010010101111110101011010000100101100010110100100110000010000001100011101010000100000001110110100100010110100100000110010101010010101100100100011110101111011001111001001101101110101100011010110100000011000101101101100110111011111101111001100101000101010100001110001101100001010110000111110110011111010001101000101000101100100000010110010110111100100110111001110101000000110101101 
01110110001000011100111011111011000101110000001110100101011010001011001011111110001000110110000000111101101110100111100110011111111011100010001001110100101100110001011100011000000010011111000110100011000010110111010110010001010001101111001010001101100001001101010111011110010100000111011111110110000101100000001101111100001000111100000011100010000000101100011101010001011101100110111111001000000110010001100101100000010111000101110111110010001100000100110010000011110000001110111110011111111011010110111001001011 
01110010000101011110110100010110100101001101101100000011010110010011101000000111000101001010010000110010111001011010110110001100100110001000010110001110011010001111010111100101101011100100110001110011100111100000000001110001000000010000111110000001111100111010011010111011110000100110010100100010000010000011011000010100100000110011001001100111100100000000000010010000010110110100000001100101110010100011011111000110101011101011110110101111111110011011111010111010111001011110101110011000001000000111110111100001 
10101010100010011101010010101100100000111001010110100110011010010101001001010011110111001001000111010001011100011101001110101110010001000101010100010001111000100111011101100101101101011101110101111101010110000010101111001111011001100111100011110001001010110000010110111000001010010010000001111111011010110111001010101101101101110001010100111000111111101101010011000101010110100001011000111111010101110111111010001110010110000101001000111000011100101001011000101010011011001000000101100000110001010010000000000101 
11001100100111101101011111010111111111101001110010001001011010110110110010011010111100000011101011001100111100001000101000100100010111110000001111000011101010011110011101111110000011000001011101101010011010011011110011100010010010100111110101010110100011001101000001011000100000101001010110000001110001111100001011101011110101110000101000001011110011001110001101111100010111111011100010110000000010101111100010111001011010000110010001000001100010010101110011110010101000010110010100111011011010100100011100100011 
10110010001101011001101001010110111111111101000111100001100011100110111011000011010001001000011010001100011000110101101111111000000101010001010101111011111001110100010010111001101001001001011000010011010010111101001001011110110110011111001111101001001101011010011111000101100101000000110010111000011101100001111001010110011000101101101011011111001101111110100110100110001000100111111011001110110000001110101000010110110110000110111100010111110000000001000110001101010110010000110001011011110100111111011011011010 
11100011110111101100000000010011100100100011110110111110001101011011000010110010001100100000111111111001000111111110011000101001010001011101000100111100000101101100100001111110110000011111111011001010101000010011011001111010001111101100100011100101110011001001110100000001100111100100001011111000111101001111101001011100010100011011110000011000110010010000000100110110100011001000101000011100101101101000011101101010000111001000010100001011101111100010110001000100110011101111100011100001000101011110110111110011 
01110101101110001011001111001111110011101111111011001011011100001110101001100111101010011110111010111000110100101100011001111110111001111110010110001000011110101100101001101111011011000100101011111001000001000011110010010001010101001111110011101100001010010000010010111011101110111111000101110110001110100011101010111001100010110100111011110010111001110110010111001000001111110111001110101111110100111001010001011110111111110100011001011011111101110001010110011100000001110010100100010011110110100110011100000101 
01101001010111000011010111101100100001101001011011110101101001001010000110100010001110010010110101001001000111001101111101010011011001101001110010010011101011111001010010000111100101101010110011010110110110010110101000100000000000111011110000111111100010111101111011101100110110111111011101001011000001000111001110111010011011011010101011110101010111000000101100111000100101010111101011011100001011111111100010100101100111101110001011100010100110100111110000101010110111001110111011101111000011100000010011111001 
