01100001111101110111110011100101001100110110001100010010001100001011111110001010101110010111010000001101011111110100001010100001011111010010001100001100111001011011011100000010110011110010100101110011011011111011001111001011110100001110110000011101101100100110001110111101110101111100010100011100110011011110001110010001101011101111111011101000000011000111011010001110010101011010101000110011011101010011011011011011000111011100101111001100010110100101011111000111000011111000001001100001110111010011110100101111 
01101001110100100101000011011010110100110101010010011001001001000111011000010011101001100100010011100110100101001011011011010100110101000111011110100100000100110000101011001111010101000000100011001100111101000000011001000001010001110001011100011001001010010001000110011110010000111001010010001001000000011010111101001010010011100011111011001001000010101001000101111111000011011010000101010010010011011001001101000101010010010111100001001010000100010101111100010100011101011000010101110110000100010001101110111011 
01101001110100100101000011011010110100110101010010011001001001000111011000010011101001100100010011100110100101001011011011010100110101000111011110100100000100110000101011001111010101000000100011001100111101000000011001000001010001110001011100011001001010010001000110011110010000111001010010001001000000011010111101001010010011100011111011001001000010101001000101111111000011011010000101010010010011011001001101000101010010010111100001001010000100010101111100010100011101011000010101110110000100010001101110111011 
01100001111101110111110011100101001100110110001100010010001100001011111110001010101110010111010000001101011111110100001010100001011111010010001100001100111001011011011100000010110011110010100101110011011011111011001111001011110100001110110000011101101100100110001110111101110101111100010100011100110011011110001110010001101011101111111011101000000011000111011010001110010101011010101000110011011101010011011011011011000111011100101111001100010110100101011111000111000011111000001001100001110111010011110100101111 
01011010100010011010101111011011001100000011000001110001100100011000001101010000101001000001101100100000111110001001010000000011100010110011111010011000100111001001010110000101001000001011110110000100000001001000111101111111111100000110100010110100000101100011101101000100000010000111101010100110010100110100110110011110000100010110101010100101101011011010110000110110010100101100000010001100111110001101101010010011100111000100010101110100100100111011000111011000110111111111110000111101110110101100000001101111 
10110000110010001100010011000100001100100100101011101110110111010010011001011001001011111001110011100111110011100001110010001011101001010000111101010000110010001000000000010101111010100010101000101000100001010011101111100110000101011100001110100001011111010010010010000100100001100100011110100000100100000100101100111001001110011101011110010110000000010100111110100110000100000100101101010011011110011010010100011011110011001000111011110100100111010000000001001111010010011000110110101001011011110111001101100001 
01011010100010011010101111011011001100000011000001110001100100011000001101010000101001000001101100100000111110001001010000000011100010110011111010011000100111001001010110000101001000001011110110000100000001001000111101111111111100000110100010110100000101100011101101000100000010000111101010100110010100110100110110011110000100010110101010100101101011011010110000110110010100101100000010001100111110001101101010010011100111000100010101110100100100111011000111011000110111111111110000111101110110101100000001101111 
10110000110010001100010011000100001100100100101011101110110111010010011001011001001011111001110011100111110011100001110010001011101001010000111101010000110010001000000000010101111010100010101000101000100001010011101111100110000101011100001110100001011111010010010010000100100001100100011110100000100100000100101100111001001110011101011110010110000000010100111110100110000100000100101101010011011110011010010100011011110011001000111011110100100111010000000001001111010010011000110110101001011011110111001101100001 
10001011100101100001000010001001111100000101010010000000010001111010011100000001110110101100001011100111001110001001110001000011001010110000010010111111101111101111011100100011011000011001111111001110100010001110010100010010101000000110101100010010000110000110100000110000100110100000101101011011101000001010001001100001100101100000100011000101011001010011110001001000000101110011101101111001100100110101110001000001110011101100101100001111101111010101001110011011100011010000011000110111100010001100010100001011 
01101001101101101010111111010111001110001111101101001010100110100010100000100010001111000101100110111100000011011100100001110000010100001010110100101011000011110111100100100101100100000101010100011110010110100111010001011100110110011110100000010010111110111001001100000001100000000001101000010000010011010111011100101010111110100000011110000000110101101000010011101011101101101010100100101000000010101110101100001001000110110000000001010000011101110101011001100001101011101100011000011000000000111110110110000101 
11001010000111101110001111101111110101010111111001001010100010111001011000101100101100101011010110101000001110001010100100011100001000100110101110111011100101110111011000101001001111011100110110100111110110000111101001011111101101010111111101011100010011011111111100010110011010110110001011101010111011000101100100100101110011000001101111001010001100011010010100110011100011000000101001111011001110011010011101000100001011010111000100010100001100101100101011011011000101000100111110010110110011100101101001101101 
11010101111101110101000100011000010001011110000110100001001110100010111010111001111011010101000011000011110010000100100100111010100100001101110101100101011010011000110110011001101111101001110011011010011011110101010110110111111000110011110111011101010101010001110000011010111011110100111010111100011100110010101010011011010000011010010010111101101011010001000000111010100101111100101011110011010001111011001100111101010101111110001101011101101011011101011100000000100101110101100101110011110011110010011100110010 
00001110000110111101011111110111011010010111000011101100010010010011110001001110101101011110000111111001100001010111111001111001110111100110010010011011111101111111110000111101111001110110001111011100001010001011011000111010000001100111111011000010110100000010011000110100111101001000011110010110010101111111011001100100010100001001111101001100001001010000001000101110101001101100001010010100100111100111010000111100001010101000010111111111010100101010101011100010011110000011011100100111001001010101110011001010 
11000011100011111010011011110000001011011011010101101000110000010000100000011111011100101101100001101100110001100101100011011000011011010000010110000101100000011110111001000000000110010110101011101001111000100110001000001001000010001000001001111000000001111101001000111010111000111100001110101110111101001011011111100100110001110101011001101000000010101110100001011010111111000001000110101101011011101101111110011011100010000000111110101100100000000010011111100110100101010011100000001000000001100111101111011011 
01101001101101101010111111010111001110001111101101001010100110100010100000100010001111000101100110111100000011011100100001110000010100001010110100101011000011110111100100100101100100000101010100011110010110100111010001011100110110011110100000010010111110111001001100000001100000000001101000010000010011010111011100101010111110100000011110000000110101101000010011101011101101101010100100101000000010101110101100001001000110110000000001010000011101110101011001100001101011101100011000011000000000111110110110000101 
10001011100101100001000010001001111100000101010010000000010001111010011100000001110110101100001011100111001110001001110001000011001010110000010010111111101111101111011100100011011000011001111111001110100010001110010100010010101000000110101100010010000110000110100000110000100110100000101101011011101000001010001001100001100101100000100011000101011001010011110001001000000101110011101101111001100100110101110001000001110011101100101100001111101111010101001110011011100011010000011000110111100010001100010100001011 
11000011100011111010011011110000001011011011010101101000110000010000100000011111011100101101100001101100110001100101100011011000011011010000010110000101100000011110111001000000000110010110101011101001111000100110001000001001000010001000001001111000000001111101001000111010111000111100001110101110111101001011011111100100110001110101011001101000000010101110100001011010111111000001000110101101011011101101111110011011100010000000111110101100100000000010011111100110100101010011100000001000000001100111101111011011 
00110111010000011010001011011110001011110110011011011000101011000110100001000111010111111101011111011111101011000000001110110011100111110011110011011010101111100101011110110010100101101110001110101100010010010000110011111101000010111010011100111111101011101010111011000110001111001100011001011010110010111111001001111011000000110010010001101001100101111011011010111010110001011010011001110101011001001010110001011110001000001001110011110101110100001111000010100100100100001010100001100011001010101110110110101111 
01011101000101110001010111100000010001100110010010110001111011100010100110101101100110101110101101110001111010100010010110000101110100111110110011011101101110000110010110010111001011101110010001100111111111110001110101110110011001110110010101001010011111101010111000100110111000011001000000011011100100100100010110001011001001001011100001000001001011100100111100101111110110110100011110011111001000101111100100001111101000100011111010101110001110111101110011101100000001111110010000010110101110001110010110011001 
11001010000111101110001111101111110101010111111001001010100010111001011000101100101100101011010110101000001110001010100100011100001000100110101110111011100101110111011000101001001111011100110110100111110110000111101001011111101101010111111101011100010011011111111100010110011010110110001011101010111011000101100100100101110011000001101111001010001100011010010100110011100011000000101001111011001110011010011101000100001011010111000100010100001100101100101011011011000101000100111110010110110011100101101001101101 
00110111010000011010001011011110001011110110011011011000101011000110100001000111010111111101011111011111101011000000001110110011100111110011110011011010101111100101011110110010100101101110001110101100010010010000110011111101000010111010011100111111101011101010111011000110001111001100011001011010110010111111001001111011000000110010010001101001100101111011011010111010110001011010011001110101011001001010110001011110001000001001110011110101110100001111000010100100100100001010100001100011001010101110110110101111 
01011101000101110001010111100000010001100110010010110001111011100010100110101101100110101110101101110001111010100010010110000101110100111110110011011101101110000110010110010111001011101110010001100111111111110001110101110110011001110110010101001010011111101010111000100110111000011001000000011011100100100100010110001011001001001011100001000001001011100100111100101111110110110100011110011111001000101111100100001111101000100011111010101110001110111101110011101100000001111110010000010110101110001110010110011001 
01011010010000100000010011101000000100001000111111101100001111101000000000011101100011001110100001000100111101000010100111110100010010010001001001101001011010111000111011000011010110101001010101001111100100111111101000110100010010010111111011100110100001110011000100010100111001001001001000100100110101001100010101011101100001100110011011010100111100111010011011100101101110000111001001011110001110111101110001000010111101100110011000011101111101011110010110100111110111001100100101000010011110101000000110111111 
01010100001000000111001001010110001001000011101000111010110111101110001001111111000101111101111000010111100000011010111001100010010010001001001111000101001001100001110010100110011011011101100001010111011010100000011010101010110111001000111000001110110100101001011001100000110101110001101111101010101010010100001100000010101111011101011001010101101011010100100001101100101011111011010110110100111010100010010010001101010110001101101011011111001110011010001110111101100101110010101001110011101111100110000111001111 
11001000101010110101001100001110111101010111011001101111101000001010001111100011000010100100100100100010111000111110110001010100011010100110101101010110111001000001010001000010100111101110010000011001111010010000111000010011011111101000100001101101000000100000000000001010010010001100110010011110110111001011110111101110011001101110110011100111000000101111100001110011000100110011101000111100000000110110110101101111111100010100011011110100100101110110101101001011101010000001110010011000111111101000000001011111 
11000111111010100110101100100010010100101010100000000111000011101000010001001110000011100010101100110010010101101011010000011110001011111011100101110101011111110101000101101010000010001111010110001101111100110011111011110100100111101001000111101011011101111010111010001111000110011111000110101001101011100011110010110011100011001010100000111110101100010000100100110000000001011110101100101011001100101110101100101010110011111101011010101010000011110011010111000000110101100000000000101111100000011111011110001001 
01010111001111010110111101100011110111011011101000010111001100111110100100100100101101111001001000101101010010011000001001111110010001000110010110101100000001010010100000111011111011000100000011100001111010000101100110011010000000011100100001111010001110001000000000110001101100110000111011101111100000101001010001010100011111010011101101110100101010110000101011000010101010101010111110000011101000110001101100000000101111101101010101101100110100100101110101000100101001000011110011011001100101011001110011101011 
10110000001111100011110110110010100101000101110100010100011101111110011010101111010111011000111000001111010000011010000011001010111001110001011100010001000101000100001000111101101100000101111000100101110011000100101000111110101100010001010111010001010000011000010101100111100010010100011011000100110001011101110111011000011001100101011100010000100111101000011001000111111101101001001001111100101000101110010111110000110100011000011111000001110111011011001011010011011000000011001110101000110010110101110011011001 
01101010110001100101000010110010111111100010110001101010000101100001111100000000010011001001111111111011101110101100010101101011001100011101110101110100010001000100100100001010010000100010011111101101011011000001000100010111011111001001000100011111011100101001100110110001001010000101000000101101100000110000101101111100110001000000111001100110000010010101111110110011100111101000100001110010010100011001000001010111110001110011010011110011011001011111001011000010110100000101000001000100010011111011110111100001 
01101101001010100100110100111100011000011100111000101110100111101101100110110111100011011100001000011010100101101100011010100001011000000110100111111011101011011101001101110010100001100001100101011101110111101000001111011101001011111111001010011110110110110101111000100111100100111000110010000010101010100011101100001100000101100011001110100001010110001110001100011110000101010010001010110111000011101000000111101111110100101111011000010110001101101000000110101111111101010011011010000011110101100101110101111011 
11000111111010100110101100100010010100101010100000000111000011101000010001001110000011100010101100110010010101101011010000011110001011111011100101110101011111110101000101101010000010001111010110001101111100110011111011110100100111101001000111101011011101111010111010001111000110011111000110101001101011100011110010110011100011001010100000111110101100010000100100110000000001011110101100101011001100101110101100101010110011111101011010101010000011110011010111000000110101100000000000101111100000011111011110001001 
01010100001000000111001001010110001001000011101000111010110111101110001001111111000101111101111000010111100000011010111001100010010010001001001111000101001001100001110010100110011011011101100001010111011010100000011010101010110111001000111000001110110100101001011001100000110101110001101111101010101010010100001100000010101111011101011001010101101011010100100001101100101011111011010110110100111010100010010010001101010110001101101011011111001110011010001110111101100101110010101001110011101111100110000111001111 
01101010110001100101000010110010111111100010110001101010000101100001111100000000010011001001111111111011101110101100010101101011001100011101110101110100010001000100100100001010010000100010011111101101011011000001000100010111011111001001000100011111011100101001100110110001001010000101000000101101100000110000101101111100110001000000111001100110000010010101111110110011100111101000100001110010010100011001000001010111110001110011010011110011011001011111001011000010110100000101000001000100010011111011110111100001 
10110000001111100011110110110010100101000101110100010100011101111110011010101111010111011000111000001111010000011010000011001010111001110001011100010001000101000100001000111101101100000101111000100101110011000100101000111110101100010001010111010001010000011000010101100111100010010100011011000100110001011101110111011000011001100101011100010000100111101000011001000111111101101001001001111100101000101110010111110000110100011000011111000001110111011011001011010011011000000011001110101000110010110101110011011001 
01011010010000100000010011101000000100001000111111101100001111101000000000011101100011001110100001000100111101000010100111110100010010010001001001101001011010111000111011000011010110101001010101001111100100111111101000110100010010010111111011100110100001110011000100010100111001001001001000100100110101001100010101011101100001100110011011010100111100111010011011100101101110000111001001011110001110111101110001000010111101100110011000011101111101011110010110100111110111001100100101000010011110101000000110111111 
11001000101010110101001100001110111101010111011001101111101000001010001111100011000010100100100100100010111000111110110001010100011010100110101101010110111001000001010001000010100111101110010000011001111010010000111000010011011111101000100001101101000000100000000000001010010010001100110010011110110111001011110111101110011001101110110011100111000000101111100001110011000100110011101000111100000000110110110101101111111100010100011011110100100101110110101101001011101010000001110010011000111111101000000001011111 
01010111001111010110111101100011110111011011101000010111001100111110100100100100101101111001001000101101010010011000001001111110010001000110010110101100000001010010100000111011111011000100000011100001111010000101100110011010000000011100100001111010001110001000000000110001101100110000111011101111100000101001010001010100011111010011101101110100101010110000101011000010101010101010111110000011101000110001101100000000101111101101010101101100110100100101110101000100101001000011110011011001100101011001110011101011 
01101101001010100100110100111100011000011100111000101110100111101101100110110111100011011100001000011010100101101100011010100001011000000110100111111011101011011101001101110010100001100001100101011101110111101000001111011101001011111111001010011110110110110101111000100111100100111000110010000010101010100011101100001100000101100011001110100001010110001110001100011110000101010010001010110111000011101000000111101111110100101111011000010110001101101000000110101111111101010011011010000011110101100101110101111011 
00110011110000001001011000101111101110000010011110101000011101011010111111001000100100101010010111000101010100111011110110110111110100011100110100101000001110000010100110110001000000100100110101000110001010000111110110110001111101110011010001110111101111000101010010110101111000000101011101111111000010100100010111110100100101100010101010100110011010101110001000000100101000110111001000101101001101011000001010000010011001011010111000111001111110001011000100010101000101010111101111011100100010111111010101110101 
11110010010110111010010100110101000000101110011011110011111101011100110001111011100010100000100101111000110101101111101110001111011010100111100100011110001000100111110101010000100011010000111101100000010001100011010001011110011101001000011101111010010011010001011100100101101000110100110001110101111111110101011010011001010101001100110100010001110110001001100011101100111101111001110101011010000011010100010101101011001010111100001011010101001111000000100110011111111100110010001101010000110010100000010111101011 
10100011011011011100010100110010010101100010011100111111001110101010010110001101111110001011110011011010111101011001101101101100101010100100100101010101110011101110100010010011101011010110101010001100010111111011011100110000100101010000101001111111111100010000111101010010110100011011001100000010101011010010101101010011011001001010011100000010010010010010110001001101000001010100101001001011111111100111100010000010111000000010110101100101010111111001010010100000011101001011100101001010100011111001000011001011 
10100010010111111111011001001100111100000010100110100101100001011011100100011110010000000001001011001001100101010100110101011011011111011010001001111011101011110100010101000010001011100000001101101100111010101000110001000000111111100000111010111110111011000011000011100110111010101010110000101010111011110111100110110111000010000101010100001111001001111101011001100101000100011110111100101001111001010011111101111100001010011101010111100001000000010111101101100101110110000011010110100001110100110000010000101011 
11100101011011000001010100101111010000011001010111010000010001100011001111111000011000111011101111100100111111111111100010101100100100001110111000100111010010100111101111110001110010110010011001100000000111001000001010101100111000100110000101101101111101101010011111111100111110010101101100010010100010000011110000100010111001001100110101110100111001010000010010000011101011010100111000011100101011111000000100010101100001100011110101100011001111100010111100010001101110111100010101110001111111001000111010111101 
01011011111000000010101001000010101011010011000011110110101100100110110111001011110010001000000000100101111011000110001001001001110110100000010011001101011100100110101001111011100101101010111010111111001011110001110001100101011000100100101000010010000100010011111001110111000100001111010000010011000010011111110010000101101010001101010101010000101101110001101011000111000000110010000101011011111010001000001000110100101001000011110101010010010011101110001110110001011101001111100010100111101110101001101101010001 
11100101111000010101010101001011111101101101110010110000100110100101110010110111110000010101110111101010110110011010110010010001000001100001000011010010001110101101111100001000001010101111010000111011101011101110100010001010011100011101100000110001010001110110100001100101010011100011101100101111100001111101100101111010011101100110101010100011011101110011100110110100110000011011101000111110011100101100000010100010110011001000110000111110011101011100011000010100000011110011011100011100100111001110011110100011 
01011000110001101011110011101110000111100011010100000000110111011100001010100100100111100001010001001010001000111100101011001010111110011001100100111001000001001001100010101011001010111101011110001001110100101001100110000000000011110111000001001100001101010100010100111110011100110000111000100110100001011111010101101010001100011101100111111110011011011110010100101011011101000101100010100011011101111110011101010011000011000101110111111000101111111000110001010111111110001011111111100100111101011100111101101101 
01101101000100111001100010111001000101110110011101110111000111101011000010111011010000000101111110110000110111011100001010101000101110010111010001100010100000010011010011000101111010111010111100000111101111111011011010010000110100000101000001100110110111101011101101011011001011011010011101110100100100011111101000011010101011101100111101110010010000001101111010100001101110100011010001000110101101001110100101000100000110010001110010110110010000000100111100101100000100010011000100010001110011011010100110001011 
00111000001010001001011101010100110111100101101100100000010001111110011110000101110101000100001111110111110001101100010101001010011100110000100111001001011100100000001010110010101000011011000010001011001110101011001000101101010010010111101011101011100010000010001111111110100001010101011101110111111101001111011101011000110110011011100110000101011011001001100001001001011100111111100100000100010100100000001011100000100000110110100001111111101100101010111101000000101010110111011110101011100110011010110011011001 
10111100101101111001101110111000101011001000000010100011000010000010101111000000000001000101001111000110100000001110000011001110110101111111100000101010011110100110100110101100001110101001011010101100011001011000010001100100001111010101111010101101011011001110100000110001101000101100010000100100110101100111111100011111010000100101100110101111110110001001011010100000110000100000011110011011010110110111000010100001101111011010110110111100000011011010010100111100100011001100000111100011000111100000010111100011 
11110110011111000001001111011010111100111011011101000010010111010010000011101101101001010111101000111101110010100110111100000010001000100000010101011111100101111000100011100001101111011010000001110000110010000110010010010110101100110011001101100010011100000000000101111100100001000100101001100011100101100110001010111110001110100001000010000011110010100010010111000100111110110100000011101110011011101011100110101000000110011110011111100001111010100100110001100100011010001101100100110110110101011000100100100011 
00000000011010111000111011010110011001001101111100111111011110111110010100110001001010010001110001001100101000101110000011000001111110001100110000010001010110000010001101110101111001011111110110000101110001010100001011011011000101110000011111110111000111100010101110100001100010010011101110000101111111010101011111110010111011011010010110010011011011000010110111111110011010111101010101010001011000000010001111001010100001110101011100100000110011101111011011011001100101000100010011010111011110001011000001101111 
11110010010110111010010100110101000000101110011011110011111101011100110001111011100010100000100101111000110101101111101110001111011010100111100100011110001000100111110101010000100011010000111101100000010001100011010001011110011101001000011101111010010011010001011100100101101000110100110001110101111111110101011010011001010101001100110100010001110110001001100011101100111101111001110101011010000011010100010101101011001010111100001011010101001111000000100110011111111100110010001101010000110010100000010111101011 
00000000011010111000111011010110011001001101111100111111011110111110010100110001001010010001110001001100101000101110000011000001111110001100110000010001010110000010001101110101111001011111110110000101110001010100001011011011000101110000011111110111000111100010101110100001100010010011101110000101111111010101011111110010111011011010010110010011011011000010110111111110011010111101010101010001011000000010001111001010100001110101011100100000110011101111011011011001100101000100010011010111011110001011000001101111 
00001110000110111101011111110111011010010111000011101100010010010011110001001110101101011110000111111001100001010111111001111001110111100110010010011011111101111111110000111101111001110110001111011100001010001011011000111010000001100111111011000010110100000010011000110100111101001000011110010110010101111111011001100100010100001001111101001100001001010000001000101110101001101100001010010100100111100111010000111100001010101000010111111111010100101010101011100010011110000011011100100111001001010101110011001010 
01011011111000000010101001000010101011010011000011110110101100100110110111001011110010001000000000100101111011000110001001001001110110100000010011001101011100100110101001111011100101101010111010111111001011110001110001100101011000100100101000010010000100010011111001110111000100001111010000010011000010011111110010000101101010001101010101010000101101110001101011000111000000110010000101011011111010001000001000110100101001000011110101010010010011101110001110110001011101001111100010100111101110101001101101010001 
11110110011111000001001111011010111100111011011101000010010111010010000011101101101001010111101000111101110010100110111100000010001000100000010101011111100101111000100011100001101111011010000001110000110010000110010010010110101100110011001101100010011100000000000101111100100001000100101001100011100101100110001010111110001110100001000010000011110010100010010111000100111110110100000011101110011011101011100110101000000110011110011111100001111010100100110001100100011010001101100100110110110101011000100100100011 
11010101111101110101000100011000010001011110000110100001001110100010111010111001111011010101000011000011110010000100100100111010100100001101110101100101011010011000110110011001101111101001110011011010011011110101010110110111111000110011110111011101010101010001110000011010111011110100111010111100011100110010101010011011010000011010010010111101101011010001000000111010100101111100101011110011010001111011001100111101010101111110001101011101101011011101011100000000100101110101100101110011110011110010011100110010 
00111000001010001001011101010100110111100101101100100000010001111110011110000101110101000100001111110111110001101100010101001010011100110000100111001001011100100000001010110010101000011011000010001011001110101011001000101101010010010111101011101011100010000010001111111110100001010101011101110111111101001111011101011000110110011011100110000101011011001001100001001001011100111111100100000100010100100000001011100000100000110110100001111111101100101010111101000000101010110111011110101011100110011010110011011001 
00110011110000001001011000101111101110000010011110101000011101011010111111001000100100101010010111000101010100111011110110110111110100011100110100101000001110000010100110110001000000100100110101000110001010000111110110110001111101110011010001110111101111000101010010110101111000000101011101111111000010100100010111110100100101100010101010100110011010101110001000000100101000110111001000101101001101011000001010000010011001011010111000111001111110001011000100010101000101010111101111011100100010111111010101110101 
01011000110001101011110011101110000111100011010100000000110111011100001010100100100111100001010001001010001000111100101011001010111110011001100100111001000001001001100010101011001010111101011110001001110100101001100110000000000011110111000001001100001101010100010100111110011100110000111000100110100001011111010101101010001100011101100111111110011011011110010100101011011101000101100010100011011101111110011101010011000011000101110111111000101111111000110001010111111110001011111111100100111101011100111101101101 
10111100101101111001101110111000101011001000000010100011000010000010101111000000000001000101001111000110100000001110000011001110110101111111100000101010011110100110100110101100001110101001011010101100011001011000010001100100001111010101111010101101011011001110100000110001101000101100010000100100110101100111111100011111010000100101100110101111110110001001011010100000110000100000011110011011010110110111000010100001101111011010110110111100000011011010010100111100100011001100000111100011000111100000010111100011 
10100011011011011100010100110010010101100010011100111111001110101010010110001101111110001011110011011010111101011001101101101100101010100100100101010101110011101110100010010011101011010110101010001100010111111011011100110000100101010000101001111111111100010000111101010010110100011011001100000010101011010010101101010011011001001010011100000010010010010010110001001101000001010100101001001011111111100111100010000010111000000010110101100101010111111001010010100000011101001011100101001010100011111001000011001011 
10100010010111111111011001001100111100000010100110100101100001011011100100011110010000000001001011001001100101010100110101011011011111011010001001111011101011110100010101000010001011100000001101101100111010101000110001000000111111100000111010111110111011000011000011100110111010101010110000101010111011110111100110110111000010000101010100001111001001111101011001100101000100011110111100101001111001010011111101111100001010011101010111100001000000010111101101100101110110000011010110100001110100110000010000101011 
01101101000100111001100010111001000101110110011101110111000111101011000010111011010000000101111110110000110111011100001010101000101110010111010001100010100000010011010011000101111010111010111100000111101111111011011010010000110100000101000001100110110111101011101101011011001011011010011101110100100100011111101000011010101011101100111101110010010000001101111010100001101110100011010001000110101101001110100101000100000110010001110010110110010000000100111100101100000100010011000100010001110011011010100110001011 
11100101111000010101010101001011111101101101110010110000100110100101110010110111110000010101110111101010110110011010110010010001000001100001000011010010001110101101111100001000001010101111010000111011101011101110100010001010011100011101100000110001010001110110100001100101010011100011101100101111100001111101100101111010011101100110101010100011011101110011100110110100110000011011101000111110011100101100000010100010110011001000110000111110011101011100011000010100000011110011011100011100100111001110011110100011 
11100101011011000001010100101111010000011001010111010000010001100011001111111000011000111011101111100100111111111111100010101100100100001110111000100111010010100111101111110001110010110010011001100000000111001000001010101100111000100110000101101101111101101010011111111100111110010101101100010010100010000011110000100010111001001100110101110100111001010000010010000011101011010100111000011100101011111000000100010101100001100011110101100011001111100010111100010001101110111100010101110001111111001000111010111101 
01100001111101110111110011100101001100110110001100010010001100001011111110001010101110010111010000001101011111110100001010100001011111010010001100001100111001011011011100000010110011110010100101110011011011111011001111001011110100001110110000011101101100100110001110111101110101111100010100011100110011011110001110010001101011101111111011101000000011000111011010001110010101011010101000110011011101010011011011011011000111011100101111001100010110100101011111000111000011111000001001100001110111010011110100101111 
01101001110100100101000011011010110100110101010010011001001001000111011000010011101001100100010011100110100101001011011011010100110101000111011110100100000100110000101011001111010101000000100011001100111101000000011001000001010001110001011100011001001010010001000110011110010000111001010010001001000000011010111101001010010011100011111011001001000010101001000101111111000011011010000101010010010011011001001101000101010010010111100001001010000100010101111100010100011101011000010101110110000100010001101110111011 
01011010100010011010101111011011001100000011000001110001100100011000001101010000101001000001101100100000111110001001010000000011100010110011111010011000100111001001010110000101001000001011110110000100000001001000111101111111111100000110100010110100000101100011101101000100000010000111101010100110010100110100110110011110000100010110101010100101101011011010110000110110010100101100000010001100111110001101101010010011100111000100010101110100100100111011000111011000110111111111110000111101110110101100000001101111 
10110000110010001100010011000100001100100100101011101110110111010010011001011001001011111001110011100111110011100001110010001011101001010000111101010000110010001000000000010101111010100010101000101000100001010011101111100110000101011100001110100001011111010010010010000100100001100100011110100000100100000100101100111001001110011101011110010110000000010100111110100110000100000100101101010011011110011010010100011011110011001000111011110100100111010000000001001111010010011000110110101001011011110111001101100001 
11001010000111101110001111101111110101010111111001001010100010111001011000101100101100101011010110101000001110001010100100011100001000100110101110111011100101110111011000101001001111011100110110100111110110000111101001011111101101010111111101011100010011011111111100010110011010110110001011101010111011000101100100100101110011000001101111001010001100011010010100110011100011000000101001111011001110011010011101000100001011010111000100010100001100101100101011011011000101000100111110010110110011100101101001101101 
11000011100011111010011011110000001011011011010101101000110000010000100000011111011100101101100001101100110001100101100011011000011011010000010110000101100000011110111001000000000110010110101011101001111000100110001000001001000010001000001001111000000001111101001000111010111000111100001110101110111101001011011111100100110001110101011001101000000010101110100001011010111111000001000110101101011011101101111110011011100010000000111110101100100000000010011111100110100101010011100000001000000001100111101111011011 
10001011100101100001000010001001111100000101010010000000010001111010011100000001110110101100001011100111001110001001110001000011001010110000010010111111101111101111011100100011011000011001111111001110100010001110010100010010101000000110101100010010000110000110100000110000100110100000101101011011101000001010001001100001100101100000100011000101011001010011110001001000000101110011101101111001100100110101110001000001110011101100101100001111101111010101001110011011100011010000011000110111100010001100010100001011 
01101001101101101010111111010111001110001111101101001010100110100010100000100010001111000101100110111100000011011100100001110000010100001010110100101011000011110111100100100101100100000101010100011110010110100111010001011100110110011110100000010010111110111001001100000001100000000001101000010000010011010111011100101010111110100000011110000000110101101000010011101011101101101010100100101000000010101110101100001001000110110000000001010000011101110101011001100001101011101100011000011000000000111110110110000101 
00110111010000011010001011011110001011110110011011011000101011000110100001000111010111111101011111011111101011000000001110110011100111110011110011011010101111100101011110110010100101101110001110101100010010010000110011111101000010111010011100111111101011101010111011000110001111001100011001011010110010111111001001111011000000110010010001101001100101111011011010111010110001011010011001110101011001001010110001011110001000001001110011110101110100001111000010100100100100001010100001100011001010101110110110101111 
01011101000101110001010111100000010001100110010010110001111011100010100110101101100110101110101101110001111010100010010110000101110100111110110011011101101110000110010110010111001011101110010001100111111111110001110101110110011001110110010101001010011111101010111000100110111000011001000000011011100100100100010110001011001001001011100001000001001011100100111100101111110110110100011110011111001000101111100100001111101000100011111010101110001110111101110011101100000001111110010000010110101110001110010110011001 
01010100001000000111001001010110001001000011101000111010110111101110001001111111000101111101111000010111100000011010111001100010010010001001001111000101001001100001110010100110011011011101100001010111011010100000011010101010110111001000111000001110110100101001011001100000110101110001101111101010101010010100001100000010101111011101011001010101101011010100100001101100101011111011010110110100111010100010010010001101010110001101101011011111001110011010001110111101100101110010101001110011101111100110000111001111 
11000111111010100110101100100010010100101010100000000111000011101000010001001110000011100010101100110010010101101011010000011110001011111011100101110101011111110101000101101010000010001111010110001101111100110011111011110100100111101001000111101011011101111010111010001111000110011111000110101001101011100011110010110011100011001010100000111110101100010000100100110000000001011110101100101011001100101110101100101010110011111101011010101010000011110011010111000000110101100000000000101111100000011111011110001001 
01010111001111010110111101100011110111011011101000010111001100111110100100100100101101111001001000101101010010011000001001111110010001000110010110101100000001010010100000111011111011000100000011100001111010000101100110011010000000011100100001111010001110001000000000110001101100110000111011101111100000101001010001010100011111010011101101110100101010110000101011000010101010101010111110000011101000110001101100000000101111101101010101101100110100100101110101000100101001000011110011011001100101011001110011101011 
10110000001111100011110110110010100101000101110100010100011101111110011010101111010111011000111000001111010000011010000011001010111001110001011100010001000101000100001000111101101100000101111000100101110011000100101000111110101100010001010111010001010000011000010101100111100010010100011011000100110001011101110111011000011001100101011100010000100111101000011001000111111101101001001001111100101000101110010111110000110100011000011111000001110111011011001011010011011000000011001110101000110010110101110011011001 
01011010010000100000010011101000000100001000111111101100001111101000000000011101100011001110100001000100111101000010100111110100010010010001001001101001011010111000111011000011010110101001010101001111100100111111101000110100010010010111111011100110100001110011000100010100111001001001001000100100110101001100010101011101100001100110011011010100111100111010011011100101101110000111001001011110001110111101110001000010111101100110011000011101111101011110010110100111110111001100100101000010011110101000000110111111 
01101010110001100101000010110010111111100010110001101010000101100001111100000000010011001001111111111011101110101100010101101011001100011101110101110100010001000100100100001010010000100010011111101101011011000001000100010111011111001001000100011111011100101001100110110001001010000101000000101101100000110000101101111100110001000000111001100110000010010101111110110011100111101000100001110010010100011001000001010111110001110011010011110011011001011111001011000010110100000101000001000100010011111011110111100001 
11001000101010110101001100001110111101010111011001101111101000001010001111100011000010100100100100100010111000111110110001010100011010100110101101010110111001000001010001000010100111101110010000011001111010010000111000010011011111101000100001101101000000100000000000001010010010001100110010011110110111001011110111101110011001101110110011100111000000101111100001110011000100110011101000111100000000110110110101101111111100010100011011110100100101110110101101001011101010000001110010011000111111101000000001011111 
01101101001010100100110100111100011000011100111000101110100111101101100110110111100011011100001000011010100101101100011010100001011000000110100111111011101011011101001101110010100001100001100101011101110111101000001111011101001011111111001010011110110110110101111000100111100100111000110010000010101010100011101100001100000101100011001110100001010110001110001100011110000101010010001010110111000011101000000111101111110100101111011000010110001101101000000110101111111101010011011010000011110101100101110101111011 
11110010010110111010010100110101000000101110011011110011111101011100110001111011100010100000100101111000110101101111101110001111011010100111100100011110001000100111110101010000100011010000111101100000010001100011010001011110011101001000011101111010010011010001011100100101101000110100110001110101111111110101011010011001010101001100110100010001110110001001100011101100111101111001110101011010000011010100010101101011001010111100001011010101001111000000100110011111111100110010001101010000110010100000010111101011 
11100101111000010101010101001011111101101101110010110000100110100101110010110111110000010101110111101010110110011010110010010001000001100001000011010010001110101101111100001000001010101111010000111011101011101110100010001010011100011101100000110001010001110110100001100101010011100011101100101111100001111101100101111010011101100110101010100011011101110011100110110100110000011011101000111110011100101100000010100010110011001000110000111110011101011100011000010100000011110011011100011100100111001110011110100011 
00000000011010111000111011010110011001001101111100111111011110111110010100110001001010010001110001001100101000101110000011000001111110001100110000010001010110000010001101110101111001011111110110000101110001010100001011011011000101110000011111110111000111100010101110100001100010010011101110000101111111010101011111110010111011011010010110010011011011000010110111111110011010111101010101010001011000000010001111001010100001110101011100100000110011101111011011011001100101000100010011010111011110001011000001101111 
10111100101101111001101110111000101011001000000010100011000010000010101111000000000001000101001111000110100000001110000011001110110101111111100000101010011110100110100110101100001110101001011010101100011001011000010001100100001111010101111010101101011011001110100000110001101000101100010000100100110101100111111100011111010000100101100110101111110110001001011010100000110000100000011110011011010110110111000010100001101111011010110110111100000011011010010100111100100011001100000111100011000111100000010111100011 
01011000110001101011110011101110000111100011010100000000110111011100001010100100100111100001010001001010001000111100101011001010111110011001100100111001000001001001100010101011001010111101011110001001110100101001100110000000000011110111000001001100001101010100010100111110011100110000111000100110100001011111010101101010001100011101100111111110011011011110010100101011011101000101100010100011011101111110011101010011000011000101110111111000101111111000110001010111111110001011111111100100111101011100111101101101 
00001110000110111101011111110111011010010111000011101100010010010011110001001110101101011110000111111001100001010111111001111001110111100110010010011011111101111111110000111101111001110110001111011100001010001011011000111010000001100111111011000010110100000010011000110100111101001000011110010110010101111111011001100100010100001001111101001100001001010000001000101110101001101100001010010100100111100111010000111100001010101000010111111111010100101010101011100010011110000011011100100111001001010101110011001010 
00111000001010001001011101010100110111100101101100100000010001111110011110000101110101000100001111110111110001101100010101001010011100110000100111001001011100100000001010110010101000011011000010001011001110101011001000101101010010010111101011101011100010000010001111111110100001010101011101110111111101001111011101011000110110011011100110000101011011001001100001001001011100111111100100000100010100100000001011100000100000110110100001111111101100101010111101000000101010110111011110101011100110011010110011011001 
11100101011011000001010100101111010000011001010111010000010001100011001111111000011000111011101111100100111111111111100010101100100100001110111000100111010010100111101111110001110010110010011001100000000111001000001010101100111000100110000101101101111101101010011111111100111110010101101100010010100010000011110000100010111001001100110101110100111001010000010010000011101011010100111000011100101011111000000100010101100001100011110101100011001111100010111100010001101110111100010101110001111111001000111010111101 
00110011110000001001011000101111101110000010011110101000011101011010111111001000100100101010010111000101010100111011110110110111110100011100110100101000001110000010100110110001000000100100110101000110001010000111110110110001111101110011010001110111101111000101010010110101111000000101011101111111000010100100010111110100100101100010101010100110011010101110001000000100101000110111001000101101001101011000001010000010011001011010111000111001111110001011000100010101000101010111101111011100100010111111010101110101 
10100011011011011100010100110010010101100010011100111111001110101010010110001101111110001011110011011010111101011001101101101100101010100100100101010101110011101110100010010011101011010110101010001100010111111011011100110000100101010000101001111111111100010000111101010010110100011011001100000010101011010010101101010011011001001010011100000010010010010010110001001101000001010100101001001011111111100111100010000010111000000010110101100101010111111001010010100000011101001011100101001010100011111001000011001011 
10100010010111111111011001001100111100000010100110100101100001011011100100011110010000000001001011001001100101010100110101011011011111011010001001111011101011110100010101000010001011100000001101101100111010101000110001000000111111100000111010111110111011000011000011100110111010101010110000101010111011110111100110110111000010000101010100001111001001111101011001100101000100011110111100101001111001010011111101111100001010011101010111100001000000010111101101100101110110000011010110100001110100110000010000101011 
11110110011111000001001111011010111100111011011101000010010111010010000011101101101001010111101000111101110010100110111100000010001000100000010101011111100101111000100011100001101111011010000001110000110010000110010010010110101100110011001101100010011100000000000101111100100001000100101001100011100101100110001010111110001110100001000010000011110010100010010111000100111110110100000011101110011011101011100110101000000110011110011111100001111010100100110001100100011010001101100100110110110101011000100100100011 
01011011111000000010101001000010101011010011000011110110101100100110110111001011110010001000000000100101111011000110001001001001110110100000010011001101011100100110101001111011100101101010111010111111001011110001110001100101011000100100101000010010000100010011111001110111000100001111010000010011000010011111110010000101101010001101010101010000101101110001101011000111000000110010000101011011111010001000001000110100101001000011110101010010010011101110001110110001011101001111100010100111101110101001101101010001 
01101101000100111001100010111001000101110110011101110111000111101011000010111011010000000101111110110000110111011100001010101000101110010111010001100010100000010011010011000101111010111010111100000111101111111011011010010000110100000101000001100110110111101011101101011011001011011010011101110100100100011111101000011010101011101100111101110010010000001101111010100001101110100011010001000110101101001110100101000100000110010001110010110110010000000100111100101100000100010011000100010001110011011010100110001011 
11010101111101110101000100011000010001011110000110100001001110100010111010111001111011010101000011000011110010000100100100111010100100001101110101100101011010011000110110011001101111101001110011011010011011110101010110110111111000110011110111011101010101010001110000011010111011110100111010111100011100110010101010011011010000011010010010111101101011010001000000111010100101111100101011110011010001111011001100111101010101111110001101011101101011011101011100000000100101110101100101110011110011110010011100110010 
01101001110100100101000011011010110100110101010010011001001001000111011000010011101001100100010011100110100101001011011011010100110101000111011110100100000100110000101011001111010101000000100011001100111101000000011001000001010001110001011100011001001010010001000110011110010000111001010010001001000000011010111101001010010011100011111011001001000010101001000101111111000011011010000101010010010011011001001101000101010010010111100001001010000100010101111100010100011101011000010101110110000100010001101110111011 
