01000010011001000101100100010000110001110000100001111101010100111100010010101000101111010011101010010010110110110101001000101111101011111111010010000000011001110111100100001010000010001000100000011100101101011100000011110101000010010011001000100100101100011001000101000011001100011000001000111000000001110000000010011011001011000001000001000110001110000101000111100100000101111000000101100110011010111011000010010101010010010011010100001000010001111111000101010001100101011001100001000001010100001000100000000001 
10010011111101111011101110111001011010111001001011111011011001101001101111111000010110010101111110011011110101011111010111011111000001010100101111111111101111101101100010110101101001001001101111011111100001111100101001111010101111101111111011010110011000001111000001100001110010011110011100010111110001000010010101110111101111111111100001101101110111001110011111011001011100100010001011111010011010101101000101101111110001101000001001100011010011111100011100101000001100010001111001110110111101010000011100101101 
11011011111101011001100110111010110110111101101001111011010111111111110111101100010110011100111100010010110001010010010110011000001001010100111111011101100010001101011011111001111111001001011110011101101111010101100001111000101111101110001011011111101111101011011001100001101011111110011110010001010010110010010101110000101110010100001101111101001101101111001101001101111010110010000011101010010011101011000100100100111101001101000011000101010111111101001100111010101101110011101101110011110110000010100100111011 
00000110011111001100000100010000100010100100100000111000010000101101000011100000101101110011100110010010010111010010001001110001001011011110000010000100001001010011111001111000000011011001000010011101100111010111100011110110000000000011010000101000010100011001000010001111100100110000100000110000001001110100110000011110101010100001000001010010001101010110010110101100000001111101000111111010011011111000000100001110000010110010011110111000101011001011001100010001000011010111100001000000011001001000101000011101 
00000000010001001110100100110110011011100100101010100000110100110100010000111000001001010011111111001011111110000101111000001011101010111101111010000011110001100100100000011011000001001000111000110100101101001100011011011001010010100001001000010100101000101101000110000000011100101100100000111000000101010010000110011001000011000110010011000000111000001011000111110100001011001000101101100100011010111011000100000000000010010100000100010000100011111101001100100011100001000101111011100101010101001000101000110001 
00100000100110010011010101110101001111101110110111001001010110100000111001011000010101111010010010100011010000100010110000100010010001100010011010000100011001000100110010111100100000001110011010000001110100000110101100000100101010000000000100011100001100001100010011110001110101100000001100011100010000110000111000111011111100111100010010000101001101100011111010000011110010000000100000011111110100001010101110110000000100101100011110010100100011010101010011010111010111011100001001101011001111110000101010000001 
01011001110100001001010110111100100010111100000010110011111100111000001101010100111011011110100011000100001010001110111101101010001100110000101011001101001011111101110011000100110011011011011001011111011111001010011110101010010010101001111110111111000111001110010101010011111110110110111000101101010011100110111111110001011010111010000011101001000111010000010101111011001101100011011110110100101011101100111001110110010001001001100001101001001001001101001111011010101101011100011101100110111101110110111111110101 
11110110111011111001110110010110010101110101010011111110000111100000100011000111111101111000001101111111111011001011011100000110111110100111000100010110111101010001111100101100110111101000010110110001110010011101110110001001100111011010010101111001110101101110001110100110110110001000011010111110111000010011110101110110110101110101101001111010111111101010001111110110000010001111100011011111001100101101000100010000110001010010010110011001001100101000111001010010011011101101110111101001110110101011111011011011 
11011001111101011001101101111011110110110001001000101011110110010011101011101000000010011000001100101000110001110010010110011000101000011101000101011001110000001101101110111111101101001001001111001110101111100101111001100111001101001100001011011100100001101111001001101001101010011110010111110001000000111010110101111011011010001100101011010101000100101110001001011101111000110000001010110000110011100011001000111100110101001101000110010001110110100110101100111010100001100110011101010001100100000010000011111111 
01100001100101001010010101000110100011111000011010000011100101000001100101011000101001100000100011010000100100110000111111010000111100011000010001111001101101100101010000110010110000110110110001000111110101010001101010010100100110100000010100000010000110111010010100100100001000101100111110100111000011010100110000000100000001110000000011101110000100111000100001010001011100110011100100011011110011010110010100001100101111010010110010001001010110001001011000010100000110001100101011100100111111100011101000000011 
01000101000100000101011011001000010111000100100101000110001010001111110100100000000100101000110111110001111010111110000101100011000000100101101011100000100111000110010101101001011010000110100100000000011101001100000101000101110011001011101000010001010000101111100001100000000000010011101110101001010100010110101100001010010000101100100101110001111001001110110001100010011101000001011100100100001011010111000000011010100010111101111100001100000000111100001010001100010001011010111000010110100110001000111010101111 
01000101001101000001101010001001110101101000110101100100001001001011111100011000010110111000001011101101110101100010100001100111001001000001111011110000000011000110110100100000111100100110100110010000001101001001000101010111010010101010011100001001010000001101110011100000001001000111100100100000010110000011100000010010010001000101000110001001100011101100110100110010011111000011100000100100111011011111110000011010110110110001000110010100010110111010010110001110001001011010101001010110101110000100110010101111 
00101101001010100111100100000011011010101011001111000110100110110011000110100111101101101100110100110110100101011010001101101101011101111101100110011101000111001010100111100000000101110110000000110100101101110001010111011111010100011100001000111001101100000001111111100101110000111010000100110111001001010000010110100010011001011111010010010110001010001000000111110011011000101100111111111101010101000100011101011111001100010110000011100000100101100100001101111100110100111000111110011101010010110110011000010101 
10110010110111000010111011000011110111111100101100100010011011101110000111101001001001000000010011111100001100101010000001101100111000101111111011011011011010011101110101010011110011111001101001100101110110100100001000111001001100000001001001101011111100100100111101101101011101010010010011110111011010101010111100110111011001100001111110101001101111101110111010011011101001101000101000100011100001111011010101010000001011111000110110001010111011111101110101011011100001111110111111000110111100100100111010000101 
11100110110101001101100101011100000001101111001001100010100110000000000110001111100111110100111100110110011010001001010001100110110010101001110000100100010101011111111101000000111010001101111011101110111010110101100100001101110111101101110101011101101101111001000001010101100111100011011010011100111011111111010001010100001000100110111111100101100101101111001011110111100101001111111011010111111010110100001011011000111101011110001101010111001111000110000101000111101111110111111010011001110101101011101101011111 
10011001111101101001010110111101111001101000000010110010010101101101001101110100000111011100110010010000100100101001111101101110001001010010100111111101101001111101110010010101100001100110111011011111011001011110101101111010110111000011111111011111001001000110000111000011101110110110111101000101010011110010010101110101011110111111100011011101001011011011011110110101001101100001011110011110011011111101010101101111110101001101101001100101011100011100011111101010001100001001111000100110111101010010011100010101 
10001010010101001111110111100001100011100000010111110010000000101101000011000100100101101011101010010011010111110010000001111001001000000110010011110010010001011010100011100000010011101001000010011101000111000000001111110110100100100111010001101110011101011101100010001010001110110100100000010000001110010001110011010110001110100001000011010000100101000110001000100100000000001011110011111100011111101010101000001111000111011001011110111000001001010001001111110001010110111010100001100000000101001000011000001001 
00110110011111001100011111011000100101100110110101111001101000100000001011100100011100111100010101011010010001011011101001000001111011001100000010000000111101111100011101011000001011111001001110111010001111010111110010001000000000100100000010001000010000010001111011001010110111110000001110010101011100100110011110001101100010110100100100110100101011001110110010001110011100011111101101111010011100111000010010011100000001110010111100011001100011110101001111001000001000001011001111010010011100011100000011001101 
10000011110110111101000110101010011001011101110111110010110001010101111101111001000111000000110111111101111100011111010100100110011000010001001111101100101111101101101000111101000100001001100111011111100001111101101101101000101110101111110010010110011001000110000100100101110001011010001100011111110001000001010001110101110011010111110100001101010101011000111010110110111010000010000111101010101010101100000000101101110100101100101000100011010011011100111101100110011000010001111001011110101100110100100100101101 
01010100101001111000001100110110101001011010110101010100000001100000001000111110001101110000010001100001100011001111001101000010001010001001101110111111101010010110110000111000001010001000101010001111111001010100000011111000000110101011011100010111111010011010011011101111000011101001001011010000100110101101000000000101010100001101111110010001100111010101101100010000110101100010000011101111110101011111000111111000111100101010000000110011110110110101010000011010000000010100000000001011000001100111001101001101 
10001111000010011100110010111110110110011111110001110011000111101110110011000100101100011000111101010010110000010000111111001010101011011101111011100100100010100111011001010001111111001101100110111011000010010111100101110010101111110110001011001110110001001101000101010011101101111010011110000100110010111110110101101001101100110100001101111101001110100110010111000001111011110110000110001000011010101001010010001110101100000101010011000110010111110101001101101110010001111011100001100001110110111010000001000011 
00110111110110000110010110110000111010000110010000010000001111001000000100000000110110001110101001010010101100000000100101110111010110010001001011001011010001101101101001011110101010101000111101011011000100010010100111101111011110001011011101110001111010100011001100001010111001100011001110100001000100110000000010100110000000000101110001100011100111100010101011110100010111101101100000111010101001010011101000111001011010101101110001001000000011101100000111001010001010110011000011011000001000000110111101011101 
10101110110101000101110000000011010101000111000001110000100100110010000101001111100111100101101000110100111011001010110001101010110000001001000000111011101011011010101111010110111011001101010011011100010010100100100100000000011100101001110011010000100101111101010101100100001111001001011100010100111011100010000001010000001000000010010010110101010110110111011111101111000111001110101001000101111010100010000011011011011111000101001111000000101111010110000001100100101011011111111010001001010101100001000100011011 
01000110101001010000011001010100100000111111010010101110111000010011010011010001011010101010100001011001100110100110001011101011101010111100110110001110111011000101000011000000101110111100111011000101010010010001111101110101001010101011100101101011000110000010111110000001101100111010000110111011010010001111010100000101000000000011110110110000100011101111100111011110010110010100101111011110101010010000000101111110010110000001001000111000001110110100111110010110010111100111000000011111101100000110011011111011 
10101111110001001111100000011101010111000111100101010100111110110100010111101111110111000000010001000000010011101010010011110011100000010001000101111111000011011001100110010110110111000101110011101010001010101100100100100000010100001111110010111010100100111111110111100100011101010011001101010100110010100001000111010100000000000010100010010100111011100011101111001001000100000110111011001101011011100010001010011101011101010111110001010100101111011111100001100101101011011001011010000101000101111011000100111011 
00111101010001101111111100100011010111001101000101110111111100010111001000101000101011100000101011101010011101110000110001011001011100010000000010000011100011111100110101010001001110010110110100000100010101101100010101010010110001100011110000101010100110101100100101100000010100111100001000000000011011100100000010000010101100011101111001011110101111110000110100101011110000001011010100100100110100111001001001011101100001100010001010010101000001110001101100101110111101101110111101111100010001101000000001001001 
11011101011010110111110110000111111000010111111001100011010101101110110011011000101110111100011001010010111000110111101110001011001011001101111010100101101010100111011001010000110101000101110101111101000111010111100101000110100110100100011000011110010001001101010001010011001001100110101000000100100010111110011011101011101000010101000101111110110011100011000011000111010011110110111000011001010111101101110011011110101100000011010001000111010110001101101101101010011101110011100001000100011100110000100001000001 
10101111011100100101011001110101100000001100000101101000101000011111000000011100000101110100110011111001001000110100111111000001001111111100101010111111010101111110110010010001010000100010000110010100100000001000011010000011010000100001101100001010100111001100110001111000001000101001100000001100111010001110011000000000100010000101110101001010000010110100100110111111110001100010001111010111000111111011100000111100100110101000001011101101011111111010001100100110010110110001000101101100110001010010001111101011 
01001101110000001001010010010101100000111100010010110111001100101010001101011100110010011001101001001000111111001110100101100010100111100100010110011101101111101000111011011100110011011011110111111111101111101010010110111000010011101000010110000101000101100111111100000101111010110110011000101111010001110000001111110001000010101011100011001011000111001000000101000010000101100101010011110110101111101100111001110101000010011000100001101111001001000101001111011010000000101110011101110011101101010100010111111101 
11111010010101111101110000010101000001110111011111100110000100000000010110101101110100010010111001101111011110010001011001000110110011100101100001001000011101111001001000001101101001000011110111011110101100111101100100010100010001111111000101010100101001100001000101011101111011110011011011001000111000111111010011010111001101000010111111010100100110101101000011110010110100001011011011111111111001011100001011111101111100111110101101010111001111100101110111110111001001111100110110001011011101101011100101001011 
10100010101001011100110100010010010111011011010111011110000111110101110001000010111111101010010011110111101011101111011101000111110100100101000101001111100100110101111100100110110110100010001110011000110010001100100101011011111011011010010101110111110111100110001110101011100101111000011100110010011100101100100000010110111001110100110111111110001011011010000010110100000011001110100010100101011000101110000100011011110001111100011100101101000101101011101111110011111011101111010111011001111110101011101111011011 
10011010101101000101110011010101110110110010101100001010110010110010000011101000001010000000000000111000000100100010010000101011110100101110101111011111000010011101000101010110100001111011100001100100111110000100100001100001011100000011100010101011011100100001100101011111011101010011010100010101101001001010110000100111111001100111110111101011010111001110011010010001101010110100001110110101100011101010100101011000000011111100110010001000100011111011010101011000111001111110111001001100001111010001011010000111 
10011111000001111110000100101000101000000111010001111001011101111101100001111111011111000100110110011001110101111000011111000100011101110111011110100110010110111111111001100101100101100101101000100110001001010100101100011000110101011111111100010011000001001001000011000001111111101011110110101011101011110010110111110110101111101111101000100101011100100111110101001110011001011011011011011010010100100100001011101011111101101001001100111011110100101110111101111101001001010001101010110010111011000111001100110111 
00100110101000000000111000010100110011100101100000011001111000100110011101101010001000100000100010010100100011001000000100001111110000100000000001110001100010010111011100111101110101001011100100110010101111001110000111101110010100001111110000010000010000100101100001111000000100000000010111111010001111110101101001001010100011000101111001010100111011111110111000100010010000100100000001001001001010001010100100100101000011110000011111011000010001011110110000001111000011100101101011010010000100001111110101110101 
10011010010101010001011110101111110001011111001110111011101001101000001111001101111000001001010101000111101111111010111000110111011101111110011110001101100011100110111101101100011100111011010100101110000001110110011111111100010111011011101000010111111000001011000100100000010110011011000110111001010000110111011010010110000011101011001000010101011100011110111011110011111010011011000010000000101001000110101110001001000111010001000100101101110111011101010101101010000010010000110111101101001101110100111101110011 
10000010101011110011011011010110100001011111010110111110011100111110010000100000010111100011111011011101010110101010011111101010101101110100111100101010101001100001000001010100101111111100101011010001001101110101111001111101000010001011011111100011000111010001101111001011101000101110011110100101100010000111110011010101010001011011110101100000110010111111110111011011010000000100101000110110101000010010000101101110101111001100001001101010001010001101011111110111010111001101000010111010111100010110011001111111 
01001101100100101101101011001010010111001110100101001111001011001111110011000000010010001000000101100101110110100110110000101011100000110101111111110101000011011011010001111001000101110111000100000001111101000001001100000111111110001011100011111001000000111111100011100000000100010011000111011001010000111100000111001101010010001010010110110001011000001110110000111111111000000001010100101100001001010111100101010010001000111101111110011101101100101100010110000100010010001000011100100101000011000110011110100101 
01100110010111110011001010111011101110100111001101110100001001111110000100101100010101011110101001100010100101100010011110001010111110011101011101001010100010110010100000101110101010000001101000110101001110010110010000011001010010011111111100000111111110000111011011000010101010010010010111010010111000111000010011111100100110010100111000000000101000100011000101111111000000100010110110000110111100101110001010110100111110101000100001000010000100111101001100111100100100010101001000001010001101100101110100001101 
00111100001111000100011110001110101110101100110010111011100010110000000100001101111100111100010101110010111100000010111001100001011011110100000111101110011111011010000110011000011001001101000110110011110010101111110010001101100100000100000110000000010010011000110101001101011011110010111110010101010001110110101000000110100011100100110000010101111100001100100001001110011001110101000100111010011110010000100000010100010100110110111101001101100011110100011010100001101111101110010111110101111001011110000000000111 
00100011110100010011101011100111101010100011001011101011111110010011001000001100010111100010100011011011101001010110111011111000110110110110001000011010100100101100110000010011010011100110101101000000100000101000000011010110100011101011011100001010010010011001101001001011000000100101011001001000010011001010000010100010100010010101000000011110101010110000000010101100010101100001001110010100001000110110100000100100001010111100100111010000111000101110000000001000010001111101011100100111000010101101110000110001 
10101111001010111111001011110011000011111110101000111010101000111011001011101001101111100001011111111101010101011111001011100010010100110111100101101001111110101010011100110001010111000111100010001100110101000100110111000010110001100001101010010010010100010001100000010110100011110000101101001000110110000110101110100000110000001111110011000101100100000001000101101101011111100000001110001101000010000000111000011001111011001001100100000111111000111000001010000010100010110101110101101100000110001101100000100111 
11000111011101011011110101111001011010010000000011111011101001100011111011111010001111110000011101111010001010011110110101010101101011010100101101101110100101000000100111110001101101010101001101010111110000101001101000001010101111100101111011001110011110010111100001101101100010111111111110110011000001001010010010110110101111110100101001111011000111101010111111010011011110101011010101011111001010101110000011101011110001101010010101001110111111111101011100000010111001001000111000001110001001111010001100111101 
11110010110010011101011000000001110111001011111001110101011000000000011011111000001111000100000101011110011000001110110101011000110111110111111100110111110110110011000010101011111110000110000101111110010000100101110110011100100111111000011100100110101010100101000101101101001011111010010001110101011010111000100001010100110001011101011001110111111100111111110101110011101111010011011010000111110110110010110111001001100100010000100011010000101110111000111111100110111000101110011010011101111111011011110101010101 
11011101101111010110110101011010111111010111100001101011000111111110001001000101101000000100111100011110101001010001010001001010111010011111011010110100000110101111010100011001001111001110100101111011101111000111000010110000100111100110010010111010101101001001010100110011100011101110011100000100001111110110110101101011101101111110100010100101010101100010110011100011110001111101000100000110110010011001011000111110101100000111101111100110010111110001011101111110010001111011100101101101100000111010011011001111 
10110101010101011100011101001001100111000110100101111001100000001100000000100000010000010010110100111110001010011010101001100001011010100111000010000000101001100100110111011100001100101100101110010001010001010011000010001010001100100101010000001001010000010110000011101001111101110000111110011100010110100110010111101000101010110100100100110110001011001110111110000010010000011000110001111010010100111001000010101011000001111110111000011001100000111101011110010100101100100010001111010010010100011101110011000101 
00101100011000110111111001100111010010001100000101111010111000010111000000001100010011100000100011110011101100110100111101000001000100110110001000111100100111111110010100010011010010110110101000001100100101101100010011010011110001100010111100001010110110010101100101111000001000101100001001000100011011001010001010000010100000011101110001011110100110110100110100101101010100101101000110100100001010111011100001010100101010101000100111000100111000111000001100100010111110101101001101101100000010001000000000101001 
01011010000111001111011111000101101010110011110011010011010001101111101100011001011100000101001110111111111110010011100101010101000110100011001001110001100011001110001001111110111111110100011111111001011110110011111111111110011101101011001100000101110010100101001000111101011001000100011110100001110111110010011100111010100011000111111010001100100011100011010101010000010111101000010011111110001001010110000100100000000011000001100111000010000010111111011000110011011001001011011011111100000100100011101111010111 
11101110110111011101100010101001110000100011110101001010000101101011001101111100111100001110101011110011111111010111000100110011111110000011010001000110111111001101001001011010111110000101111110001111011110010010111101101110110000110001010101001000110110111111010001101001101011000001011111100000110100001010011100101010011001110110010011010111011000100010110011010001111011101001100000001010111100110110011010101001001011100111100010000000000001110101001111011000101111111011001011011100110111111111100101010011 
10101001100111101111011000101000001011101001111001110011011111000000011001111000010110000111001010001001110011011010010101110100100111010100011101100101001000011110000010000110111011001011001110101100100100111001110110011000101100101001110100100010000110101101111101100111011001011011110110101011010010111000100111011001100011110001100101011000001101000111010110011001101011011110001011110011000000101001000001011001111000110011100000011001001100011101001111101011101110101101101010011111100010110111000100011111 
11100100000111101111000000100011011010010111101000000010111001001010010100111101100111110101101011111011011000000001001010101111000010111000000100001101110111110001111110100111101010110100010011001111000111000110000101111011010111010000110110101101111110001110000110010001101111011111100000110001101001101110011000100100000001001011111011001101100001101011000011001001011001111000010111110000111100111111001101110010000011100010110110001101100011111001111101011011100111000110101010100110011110000100100100000111 
