01110101100110100000001110000010010001011101010011101001101110000001100000010110011111110000011110011010001101110000110110010000000000111110000100101110100001010000010010100000100010001110010000100000010000111101011001000000100000101100000101101001110011111001011010000101010000000011010000000100100011010011001111001100111010001100101101001101101001010101001100000010001100100010010101101100000111101000100011010011111000110110110011100100000111000010111101001101101111010010111000111100110001010010111011001000 
11101001100100100111010101100010101000111011100011111101010110011101100110110100101110110101010110000011110101101100101110101010001000011001110001110110001001100011011010110001101000010011010111110111011010010100011010111011111010111101111010110100110111100110011001010100011001011000001010001101101111101101111001000111010110101101110101000100001010111011010110100110101101100011011000111011001000111110011011010110111100010011101110010110010111110100001111111010100010110101101011000001110100101111111100110001 
11101001100100100111010101100010101000111011100011111101010110011101100110110100101110110101010110000011110101101100101110101010001000011001110001110110001001100011011010110001101000010011010111110111011010010100011010111011111010111101111010110100110111100110011001010100011001011000001010001101101111101101111001000111010110101101110101000100001010111011010110100110101101100011011000111011001000111110011011010110111100010011101110010110010111110100001111111010100010110101101011000001110100101111111100110001 
01110101100110100000001110000010010001011101010011101001101110000001100000010110011111110000011110011010001101110000110110010000000000111110000100101110100001010000010010100000100010001110010000100000010000111101011001000000100000101100000101101001110011111001011010000101010000000011010000000100100011010011001111001100111010001100101101001101101001010101001100000010001100100010010101101100000111101000100011010011111000110110110011100100000111000010111101001101101111010010111000111100110001010010111011001000 
11010101101100010100100000001011010100110001010111000000000000001101100010001100011010001000110000000001100001001111000100110111001001010011110010001001100101110011010111110100110101101001100100000101110011001001010110100100111110110001111010001111100111111010000111000011000111101011101010010100101001000111000100010100100110111000100110011101001001010001000011000010100111110001011110011110000100010110001110000100011111001100100100001011100010110010001000111010011100100111100001001000011111000010010010110100 
11010101101100010100100000001011010100110001010111000000000000001101100010001100011010001000110000000001100001001111000100110111001001010011110010001001100101110011010111110100110101101001100100000101110011001001010110100100111110110001111010001111100111111010000111000011000111101011101010010100101001000111000100010100100110111000100110011101001001010001000011000010100111110001011110011110000100010110001110000100011111001100100100001011100010110010001000111010011100100111100001001000011111000010010010110100 
00011101101001010110100010000111001111011001100000111111001110001001000010110100111101101101000001100010100110000010010111010110000001010001110010001110000000011010101100001110101001000011000111010111100110111011100001000001011000011010100101000110000000100000011110010011000100000100000000111010000011101100111000100101010001011000111010111111001101011000011011111010101100100001000101011000011000100001011100111010010110000101101010101000011100111111100010110001110111000000011111011111111101010011010000100111 
00011101101001010110100010000111001111011001100000111111001110001001000010110100111101101101000001100010100110000010010111010110000001010001110010001110000000011010101100001110101001000011000111010111100110111011100001000001011000011010100101000110000000100000011110010011000100000100000000111010000011101100111000100101010001011000111010111111001101011000011011111010101100100001000101011000011000100001011100111010010110000101101010101000011100111111100010110001110111000000011111011111111101010011010000100111 
11101100100001000100010111001010101011110000010101011101110001101110001001110100000111001010010101001100111000100111111000100111000111100110011011110011000110001010101111110101101011100000010111110000110011001011010010001001100100101100110100111101000110011101010101110001101010000011010100000010101100010000000000100110100110110101101101011011000001000000011100100110111110000100100101010000100100001110011111010111100100100101000111101000111100001010111010110101000100001100010011001011110101001001111110101101 
00011001000010000010110001011000111101001001111001011011000010100011001011100101100000101100001100110100011101000010001110111110010111011101110001110110010101100001101111010111010101100100010001010010110100111001110100011010010101111001110100001010101100011000101111111010100001011100000001001110011110011011000100010110010010010110000000101100101101011000101000101000010000110000011000110100110000011111001111001110011110000111111000001001110000110010001001011100111011111000001100101010111111010101010000010011 
01111111110011011001101011011000011110111110110001010101001111110000011000000000101110000110010110011110011110010001011101110101110010110010100111100101000111100001001000011101100010000001110100110101111101010111100001110101111000010111000110101001001011110111110110110110010100111100011101011111110110101000011100100001011001111011100110001010111011110001100101011001100000110100111011011110110001010101011001111011010011111001010011100010111011000000001101111101111110000101111010101001100001011001111011110011 
01111111110011011001101011011000011110111110110001010101001111110000011000000000101110000110010110011110011110010001011101110101110010110010100111100101000111100001001000011101100010000001110100110101111101010111100001110101111000010111000110101001001011110111110110110110010100111100011101011111110110101000011100100001011001111011100110001010111011110001100101011001100000110100111011011110110001010101011001111011010011111001010011100010111011000000001101111101111110000101111010101001100001011001111011110011 
00011001000010000010110001011000111101001001111001011011000010100011001011100101100000101100001100110100011101000010001110111110010111011101110001110110010101100001101111010111010101100100010001010010110100111001110100011010010101111001110100001010101100011000101111111010100001011100000001001110011110011011000100010110010010010110000000101100101101011000101000101000010000110000011000110100110000011111001111001110011110000111111000001001110000110010001001011100111011111000001100101010111111010101010000010011 
11101100100001000100010111001010101011110000010101011101110001101110001001110100000111001010010101001100111000100111111000100111000111100110011011110011000110001010101111110101101011100000010111110000110011001011010010001001100100101100110100111101000110011101010101110001101010000011010100000010101100010000000000100110100110110101101101011011000001000000011100100110111110000100100101010000100100001110011111010111100100100101000111101000111100001010111010110101000100001100010011001011110101001001111110101101 
10001110110101001010010111011110011110010101001111011100111100011111001010101111000001101110011000000100000101101001010110010010110011101111111100111001111010110100010101111010110000000010110100000110100101010011100001110011100011111000110011010011001100101111100010110110101101100110010100110010101111101110010011001001101010010111100001000110101100010001111111000010001110001010001110001011100100011110100000100000111011010111111101100111101001101000110001101011111011111011111101110101101110011111110010101011 
11010101101011000010010100010011001100010110010011111011011001001111101001011010110010100100101010010100100111000111110100010110001011001001111001000001000101110011001011110100011100011100101101011110000010101100101100000100010100001000000010001001010111100000100001000011011010011010011001110101000110101111101000001010110110011100010111111011100100100000010100101010011001000000000011110011110010000100001001010001001011011010010011000111101100001111000111111111100010110110101010010100011011101010011000011001 
10100000000000100011001000010000110001100101000001101001101010100000101110100010110100000101011011101000111100000011011101010010101111010011101111111001010001111111100111010001101001110011010001101110010001110110100000011110101011000000110111001101000001010000010010110100100100101110110011111010111100001111011001101100111101001010001011111010111010110111111111010101011100110001001011001110100110001101001000101101111000101011110110001001101010100011011001101110110100001101011010111111001001001111000001100101 
10101101101111011011000110110111100011101100011000010011101010000011001001010011111011011111011011010000111111100110000101011101001011000000011111101101100011101100101100011110000001011111001111111010010110111110100010111010011111001001011100100011110100001111001101100011001001100110000110011100011011100110101010000101111100110010111000011111101110011110111111110101010010100110111010010100000101100100110000111110111001110000111111111110100111111100110111010000000001101000011110000010111101011101000001011101 
10000110011101101101100100111100010010011011111110010101000111010111101110110110011000010100100000100110000110110010010001000110001011111001110001010110011011111111110011111111010110001010000101000100100010111001010000101111010010100110010110010100110000100010011000000000100110100100001110001101001000001001000100011010101011111110110100001111111111101100010011101111111010000101101001010011011110110010111110111101110011100100111101001101000111011010100111001111100100011111110111101101110110111000001101001010 
11100011110011110101000011101011110111001001011010001100001000001111100000101101100000101101000001100010011010010110100001001001100000110001110111111101111111010100100010001010011010010011011110101011001010011010100110001011011011101010001101111100010101110000111110100001111110100111001101001011100011011001110111101110011110001011111100010100001100000000101010111000000101101001010011110000001001101011001101000101110101000001110111001100100000101001001000101001110101000110111101000011111001110111001111000011 
01111101101011110001001110010001111011001001101011010110001111111000101000000100111010101001110001011001110110001001111101011100010100110011101000010100110100001011001110111101111011111001111100111100000101100110110111001111010100100011100111010100010011011100000111011010000101011110011001000110011101000110011000111000011100111110000001100110010101111100101111101011101010110000111101011110001010110010000011011100110100001000111110000110000011101011010111111101010100111101010101110111001010001001100011011111 
10111101101100011011001111110101111100101100010001011111111011110111101010101001001111011101101110011011111101110010010100001110100111101010010111010000110000010101100011110001111100111010100010110101011011101001001111101110011001010010100001111000111001111011100000101001010111111001111111101010100001010101111101110101101101101001101000110000001001000101101001010101100010000101010100010101011110101000010001011011110110111000100110110010010110010001001101101111000100101000001101111101100110010010111101000011 
10010001001010100101110100010100010010101000000010100010110111101000000001000101000100110000100010100100000000100110010100101011101110100000111110111010001010000011010101000101100100110101110001110010001100111101011101011000101101110001010010100001110110011110101001101100011001100101010100010001111101110010100010100010111110111000010100010000010000001100100011000010111000001101110011110001010101101001110101110110111011001010110001110100111010101000110001101000100110000011010110110111000110110111110000111011 
11011000110011011101011110010010111001101000010010011111011000011100111101001010001000000011111111011000001111010001011010011101101011110101110011111110100011000001001010000110001111010000101110111000110000110100110111011011110110101010001110100111101001101001100111000100010100110000110111000100001111111010000101110110001101111000101101101101110101001101111010000100011101101001100011011101010000111001111010111011101100100101101110101001101000100010000101110111000011000010110010100110101011011011110100000101 
11100011110011110101000011101011110111001001011010001100001000001111100000101101100000101101000001100010011010010110100001001001100000110001110111111101111111010100100010001010011010010011011110101011001010011010100110001011011011101010001101111100010101110000111110100001111110100111001101001011100011011001110111101110011110001011111100010100001100000000101010111000000101101001010011110000001001101011001101000101110101000001110111001100100000101001001000101001110101000110111101000011111001110111001111000011 
10111101101100011011001111110101111100101100010001011111111011110111101010101001001111011101101110011011111101110010010100001110100111101010010111010000110000010101100011110001111100111010100010110101011011101001001111101110011001010010100001111000111001111011100000101001010111111001111111101010100001010101111101110101101101101001101000110000001001000101101001010101100010000101010100010101011110101000010001011011110110111000100110110010010110010001001101101111000100101000001101111101100110010010111101000011 
01111101101011110001001110010001111011001001101011010110001111111000101000000100111010101001110001011001110110001001111101011100010100110011101000010100110100001011001110111101111011111001111100111100000101100110110111001111010100100011100111010100010011011100000111011010000101011110011001000110011101000110011000111000011100111110000001100110010101111100101111101011101010110000111101011110001010110010000011011100110100001000111110000110000011101011010111111101010100111101010101110111001010001001100011011111 
10010001001010100101110100010100010010101000000010100010110111101000000001000101000100110000100010100100000000100110010100101011101110100000111110111010001010000011010101000101100100110101110001110010001100111101011101011000101101110001010010100001110110011110101001101100011001100101010100010001111101110010100010100010111110111000010100010000010000001100100011000010111000001101110011110001010101101001110101110110111011001010110001110100111010101000110001101000100110000011010110110111000110110111110000111011 
10000000110101101000011101011100111001000101111100101111001010010001101111111010110111100110011001100100010011100111110011000011010001100111100100111010010100101101101010111100000100101111110000110100010011001101101101010010001110110111010000111110100000011001100111100110011011010110000011001101010101100011001110100111110001101110111011010100011100100100101001011101101100110101110100011110110101101110111000110111000111011101011111100110010010000100011000001010010010110101010001100111011101101011010100110010 
10100010101100110000000110101101101010110010111110011100000111001111110100000010010011011001111010100101010101100011111001010011001111000010011101111101110111110000110111011010001011110010001011101110111111100111110110001111110001100000000011110101101101101001001000010110010100010101100101111010110001000001011101010111011000000100101101100110010011001001010001111111010111110111111110110111110111010010101011101000001001111100100100100101011000101101000011000010110001110110010100100010011111010010011111000111 
10001110110101001010010111011110011110010101001111011100111100011111001010101111000001101110011000000100000101101001010110010010110011101111111100111001111010110100010101111010110000000010110100000110100101010011100001110011100011111000110011010011001100101111100010110110101101100110010100110010101111101110010011001001101010010111100001000110101100010001111111000010001110001010001110001011100100011110100000100000111011010111111101100111101001101000110001101011111011111011111101110101101110011111110010101011 
11010101101011000010010100010011001100010110010011111011011001001111101001011010110010100100101010010100100111000111110100010110001011001001111001000001000101110011001011110100011100011100101101011110000010101100101100000100010100001000000010001001010111100000100001000011011010011010011001110101000110101111101000001010110110011100010111111011100100100000010100101010011001000000000011110011110010000100001001010001001011011010010011000111101100001111000111111111100010110110101010010100011011101010011000011001 
10101101101111011011000110110111100011101100011000010011101010000011001001010011111011011111011011010000111111100110000101011101001011000000011111101101100011101100101100011110000001011111001111111010010110111110100010111010011111001001011100100011110100001111001101100011001001100110000110011100011011100110101010000101111100110010111000011111101110011110111111110101010010100110111010010100000101100100110000111110111001110000111111111110100111111100110111010000000001101000011110000010111101011101000001011101 
10100000000000100011001000010000110001100101000001101001101010100000101110100010110100000101011011101000111100000011011101010010101111010011101111111001010001111111100111010001101001110011010001101110010001110110100000011110101011000000110111001101000001010000010010110100100100101110110011111010111100001111011001101100111101001010001011111010111010110111111111010101011100110001001011001110100110001101001000101101111000101011110110001001101010100011011001101110110100001101011010111111001001001111000001100101 
11011000110011011101011110010010111001101000010010011111011000011100111101001010001000000011111111011000001111010001011010011101101011110101110011111110100011000001001010000110001111010000101110111000110000110100110111011011110110101010001110100111101001101001100111000100010100110000110111000100001111111010000101110110001101111000101101101101110101001101111010000100011101101001100011011101010000111001111010111011101100100101101110101001101000100010000101110111000011000010110010100110101011011011110100000101 
10100010101100110000000110101101101010110010111110011100000111001111110100000010010011011001111010100101010101100011111001010011001111000010011101111101110111110000110111011010001011110010001011101110111111100111110110001111110001100000000011110101101101101001001000010110010100010101100101111010110001000001011101010111011000000100101101100110010011001001010001111111010111110111111110110111110111010010101011101000001001111100100100100101011000101101000011000010110001110110010100100010011111010010011111000111 
11110100001010101000001010011101110110100010111110011001110000111010011011100001000111001100001010011101011110100100010000010000110010011111111010100010000011001110110110111110000011100100000000110100111011100100111101010110100100000100000010011110100001001001011001111011101011101000110011100011000011101110001100000001010101101100101110110010100001101111101010100111111011101001011000100011110001110100010001101010010011011100100101100111101000101011101001100000011010100010001010100001111011010110011110010111 
00000001010110111101011011011101100101101010010001111111011000111100100001011000011100000111011011111000110100010111010000101100101100010001001100011111011111110111001110000100011110010110010010111110011001110001000001111011000101011010000010000011110000110110100010011011000010111010001100101011111000000000001001110010100110010110001100100100000001010010101111001001000101010010100100111010101001100111011001010100001001001001100100000001000110110110011100110000010100100010101100111100011110011111100110001011 
01000001001111110011111100100110001000101111010100010010111110111110101100100110111110011000100010110011010011100000001010000001111101100001101110001111111100010101111001100011101111000000001011010111111111010001101110110010011110101010110100111011110111111110111001011100101000011010111000000111010011010100110100000100010100100000011010100110010001101100110110011010100101110110100000000100011101111010011010011011100101111001100101011110111010101110100100001100111110010000111011111011001011111101101011000011 
11001000100110111101101010000111011011110100101110101001101100100111101011000101110110010111011100001111110111010011001110101101111010011111110101011011110000011000100110101010101111100100010100001101101110101110110000110111001111011001001101100001011011011110101101000001000111111100101100010111100001001000110111001000100001011111010000001001111100001010001101100000001101110100111010100110001010000011110001001000111110111010000001111000010110001000001000000111000101000000010011111010100001000000000011110011 
11000000100111010100111110100011001101010001010011000010110011010110000111010111101101110000110000010000011100101001101001001110110110010001100111010011100000101000110001110011011110001010001001100001110111011111010011110010001101010001100011100001100011100110011011011010110010011011010000010000001100111101010110010011011111010110000000101100101110110011111111111000100000110110110100111111000111001100100100000011101011100010010010100110011010111001110000001111111111000010000000110100011010111001100100011101 
11101010110010110010110000011110010010001010011100100101101011111010110011001100110111000011010001000100100110100001111011000100001101100000100010010000110000101110101111010000110100110100010101001001110010000001010100100100010001101000100100101110000110011111010101100000010100000100100100100101110110011011010001101000110111101111010110110110101110110100011010110001101110101100011111111101101001111000000101100011111100110100000101011000001010000011011000010111001100101000000001101010110101010000001101111011 
10010111101100100000011100100111100011011001110000110011000011101110001100011010110001010101001101100010101001100101001001001110011101011010111000001111101001001000101010110100001000101010010100110110101001001111101100100001110010100101000100111111010101000101011110001111110010101011001101110100101111001101101101101110000001011111110111010011011011111000110011101000111000100001001001111101110011111001101010000011111111101101110111101111001100111000010111011011010101110111000100100111101010100110000110111011 
00110001001111000010000000111111010011111101100111000010101011011101001101100110010101111110001010110000000001011110010001101000000111111110000000100110110011011011000011011110010000000110010001111100001001110100011100100010001000110010010010010011101001110010001001111101001100011110000000001010010111100110110111001011011000010101110101000100001010110111010000100001111000100111001101111010000100101110011010101110110001100100001001111000111101001111011110011001010011011101100011010111010011010110101001100001 
10111011000010001111100000000101100101010101110011011000011101000110101100010000010001010100011010101100100010100011110001010001011111011101011100111010100110011001000001001110111000111100111101100001001000001101000100110100100111010110111000000010010001101100010110110011011001001101011010011001110011000011110000010011001001000111001001110011010101101000111000000111001101100001111010110110010110100010001101110100011111011110101011001010001010100111111111111001010100111110011011110011011001101001000110011101 
01001110100001110011100110010101010110110100101100111111101100111111010010101001010011111010101010101100010110110100101100001010111001011100111101011000001011010001110001000101011111111100010100101010100010110101101111000001101100001100110111010100010011110000100001011100101010001010111101101111001101101110101111100111101101011011011001000001111111000101000101010010001010000000110000000110110010100000101000100011110101100011101110011101001111111010000101001111111000001011101110110000100100000011001001010111 
11000010100100011101001001101101010010100010011101000110101111101010001100101011101011000100010011001101000011111100011000001110111000001001001000000110111000000011011100000101001111011101000011010100010100010111100101111101110001010110010110100011101101010000111001100100111111000110100010110000111101001010111001000011000111111111011101001011001010001100101011010010001000110010011010010000101010001000110011001011101100000001001000101011101001111110100101001010001111010110101010111111100110111110100001100101 
00110100100101010101101100010011111000101110010111100001010011111001110100100101100110110000001010000101110011111111111110101110110011100011011001110001111111001100101011001000010100011001011101101100010111100110101110111100111100100101010010011010001000010011110011110001000101100110000001101010011000110110011011000000110111101100110111000010011100101011011001001000001101010111101100011010000101011101001010001101001001110110000100101000010001001010111100101111010101000101101110011011110001010110001000110101 
00010100110101000000101010000110111001010011100111001111010011110101110000111010101001011101010110000011010001010101001100100000100010110100001110011111001001000000110111000011111111001111010111011110010000011111100101110101100010010001010100011011101111100101000011100110100010010111001100011110010101110001011101000111111001100011110011001100010100001110010000111001101010101100101100101011111011010001100100110011001001000101101100010111001001100010001110101111101111111101100010100111100110101110111001011111 
00000011110011101011111010010111010111110110101000010101011100000000110101100110110110111011101011101110111000111111000101010010000001010000101101001011110010000100111111011011001100101000111010110011011011001011001010010110111011001000010100000101110000001110100011010100101101001011010110110111100010101101000001010111101011110111001111001111000001110011100101111000000110001001101101101010101001110010101010000010010110011100101110011010111001001101001111101100100011011000001000000111001111111001011111001101 
00011010001010001111100100101100000110001111101100011111000001110100010101010010111001011001010101010101111100010010001101111000011011001001000000111010101011110110001101110100010110011111010110110000110101100101010100100011111011101010000111011100110100101111111000100001010111111011011001011001011010100111111000010011111010011001110000101001101111110101101100001000001010000100100110111110111110010101111000001001011011001001101111000011111110000000110110000100010001000101111001010001101010001001000110111111 
01101001010000100001011110000101001010001010100011011110101100111010001101001011001101001101111101010110100010101101100000111001110100110011011101111000011100110010000100001101000010001011111100100010000000110110100000101010011010000101000100000000010101010110110100011011100100001101110011101011001000101110001110001011111111101011011010110011001001110100011110100001000010001011110011001110111010011111100000111111001100000001101110000010100101010001001101110110101010101001110010110010001110011010110110101001 
11001000101011100100000000100010010001111100000111110111110110000010110000001100000010010111100100101011101101011001100000010001110010110101010100100100110100110110000111110110100011111011001111101111100110100010100111100010001110011000010010111101010100011111010000001001001111011100000001100010110111010010110110000101010110011011110111000101100000010011000110001011100001010010010110011111001101110101101010110110010010011101010101100110100110001011010011011110101010101001010000010111110101101111010101001011 
01101110111110001001101001100100011111001001001111101100011101110011100011101000111100001111001100111001000111011110111001100101100111101001011100111001000100111110101010101000011001110000000000010101011001001110010000010001101100001000001010010110110011011111000110100011100110111011101100111011100000010000111000011001100000011110001010010101001101000110001010011011101110100100111110101101100110011101010100001101111010100100011011110010100111000011101011011010101111101100001101110101000111001011100101111001 
01000110011110001101011101001100011000100101001010001001000010010111010110000001101010001010011111011101010111100001100001111010101101110001100101101101110000010101100011110100101101011101001101110010001001111101100111000000010110001101000000110110000010110111111011110010000111000100100110100101101000110011010010000010110110111111000110000110011101000001100101100110101011111100111000001001010000011010001010110010110001100101111011100100011010110111001100110100100111010000111010001111100011000010110001101101 
11110001010001000100011110100001001100100010011010101111100111111011011100000000010011001011011011110010101001000110011111101010111000011000110001110100100111001101100100100001010101100010100001111110010001010000011000100100110111110101010001101001111100010010010010001111101111111100110101000101100110110000001111000001100000000111100010000000111001011001001010011001101001101101000111110010111010000100100000011110110001000110011100010001000100101110101001000000100000010111010011110011101011010110101110000011 
01111011101111111011000110101010011001101101000110010000001101110110110100000110001001100010001011011010100110100110011011001000001001000110101001100001111100000001000111001110000111101010000001111001101101001111110000011011000111100000110100100100110011101101001011110101010011101100101001010111100110101101101101100111110100101010101101110010001101111011111001010111001111101001111111000011101000111110110001111110101010011000000100111010011000111001100100101010010010010100110111011011000100111011100100101101 
10010000101101111010110100111100110101001010110010100011101100000010000110000010000010100000111000011110110000010111101101100111001110000111100010111100110111001110110011101100011101001011100001110000101101010011110000101101100101011000000110111010110011111110010010001011101111001110100111011011011100110100000111100110100111010011010000011111010011010011110101001110000010111001001001100001101001011111110011110001111100100110010001000110101010100101110110000000110111100100011101010000110101110000011110001111 
10111011000010001111100000000101100101010101110011011000011101000110101100010000010001010100011010101100100010100011110001010001011111011101011100111010100110011001000001001110111000111100111101100001001000001101000100110100100111010110111000000010010001101100010110110011011001001101011010011001110011000011110000010011001001000111001001110011010101101000111000000111001101100001111010110110010110100010001101110100011111011110101011001010001010100111111111111001010100111110011011110011011001101001000110011101 
01101110111110001001101001100100011111001001001111101100011101110011100011101000111100001111001100111001000111011110111001100101100111101001011100111001000100111110101010101000011001110000000000010101011001001110010000010001101100001000001010010110110011011111000110100011100110111011101100111011100000010000111000011001100000011110001010010101001101000110001010011011101110100100111110101101100110011101010100001101111010100100011011110010100111000011101011011010101111101100001101110101000111001011100101111001 
01101000101011000111010100001101111010110110111011100011100001010001001000010110110000101010101100011110001001111110000011000101101111101101100000111001000101101000010110011010000101101111000111010001101100101100011001011000001100101111100101010100000110110010001100100101011000110011101111111001001001010111011110111111000000110111110100001011011101001010101001000011101101100111000010010101001101000110010111110000101101001001101000011010000110010101000011000100001010011010010110100100011000101011011101000101 
10010111101100100000011100100111100011011001110000110011000011101110001100011010110001010101001101100010101001100101001001001110011101011010111000001111101001001000101010110100001000101010010100110110101001001111101100100001110010100101000100111111010101000101011110001111110010101011001101110100101111001101101101101110000001011111110111010011011011111000110011101000111000100001001001111101110011111001101010000011111111101101110111101111001100111000010111011011010101110111000100100111101010100110000110111011 
01000110011110001101011101001100011000100101001010001001000010010111010110000001101010001010011111011101010111100001100001111010101101110001100101101101110000010101100011110100101101011101001101110010001001111101100111000000010110001101000000110110000010110111111011110010000111000100100110100101101000110011010010000010110110111111000110000110011101000001100101100110101011111100111000001001010000011010001010110010110001100101111011100100011010110111001100110100100111010000111010001111100011000010110001101101 
11000010100100011101001001101101010010100010011101000110101111101010001100101011101011000100010011001101000011111100011000001110111000001001001000000110111000000011011100000101001111011101000011010100010100010111100101111101110001010110010110100011101101010000111001100100111111000110100010110000111101001010111001000011000111111111011101001011001010001100101011010010001000110010011010010000101010001000110011001011101100000001001000101011101001111110100101001010001111010110101010111111100110111110100001100101 
00011010001010001111100100101100000110001111101100011111000001110100010101010010111001011001010101010101111100010010001101111000011011001001000000111010101011110110001101110100010110011111010110110000110101100101010100100011111011101010000111011100110100101111111000100001010111111011011001011001011010100111111000010011111010011001110000101001101111110101101100001000001010000100100110111110111110010101111000001001011011001001101111000011111110000000110110000100010001000101111001010001101010001001000110111111 
11110001010001000100011110100001001100100010011010101111100111111011011100000000010011001011011011110010101001000110011111101010111000011000110001110100100111001101100100100001010101100010100001111110010001010000011000100100110111110101010001101001111100010010010010001111101111111100110101000101100110110000001111000001100000000111100010000000111001011001001010011001101001101101000111110010111010000100100000011110110001000110011100010001000100101110101001000000100000010111010011110011101011010110101110000011 
11110100001010101000001010011101110110100010111110011001110000111010011011100001000111001100001010011101011110100100010000010000110010011111111010100010000011001110110110111110000011100100000000110100111011100100111101010110100100000100000010011110100001001001011001111011101011101000110011100011000011101110001100000001010101101100101110110010100001101111101010100111111011101001011000100011110001110100010001101010010011011100100101100111101000101011101001100000011010100010001010100001111011010110011110010111 
01001110100001110011100110010101010110110100101100111111101100111111010010101001010011111010101010101100010110110100101100001010111001011100111101011000001011010001110001000101011111111100010100101010100010110101101111000001101100001100110111010100010011110000100001011100101010001010111101101111001101101110101111100111101101011011011001000001111111000101000101010010001010000000110000000110110010100000101000100011110101100011101110011101001111111010000101001111111000001011101110110000100100000011001001010111 
01000001001111110011111100100110001000101111010100010010111110111110101100100110111110011000100010110011010011100000001010000001111101100001101110001111111100010101111001100011101111000000001011010111111111010001101110110010011110101010110100111011110111111110111001011100101000011010111000000111010011010100110100000100010100100000011010100110010001101100110110011010100101110110100000000100011101111010011010011011100101111001100101011110111010101110100100001100111110010000111011111011001011111101101011000011 
00000011110011101011111010010111010111110110101000010101011100000000110101100110110110111011101011101110111000111111000101010010000001010000101101001011110010000100111111011011001100101000111010110011011011001011001010010110111011001000010100000101110000001110100011010100101101001011010110110111100010101101000001010111101011110111001111001111000001110011100101111000000110001001101101101010101001110010101010000010010110011100101110011010111001001101001111101100100011011000001000000111001111111001011111001101 
11000000100111010100111110100011001101010001010011000010110011010110000111010111101101110000110000010000011100101001101001001110110110010001100111010011100000101000110001110011011110001010001001100001110111011111010011110010001101010001100011100001100011100110011011011010110010011011010000010000001100111101010110010011011111010110000000101100101110110011111111111000100000110110110100111111000111001100100100000011101011100010010010100110011010111001110000001111111111000010000000110100011010111001100100011101 
00000001010110111101011011011101100101101010010001111111011000111100100001011000011100000111011011111000110100010111010000101100101100010001001100011111011111110111001110000100011110010110010010111110011001110001000001111011000101011010000010000011110000110110100010011011000010111010001100101011111000000000001001110010100110010110001100100100000001010010101111001001000101010010100100111010101001100111011001010100001001001001100100000001000110110110011100110000010100100010101100111100011110011111100110001011 
11001000101011100100000000100010010001111100000111110111110110000010110000001100000010010111100100101011101101011001100000010001110010110101010100100100110100110110000111110110100011111011001111101111100110100010100111100010001110011000010010111101010100011111010000001001001111011100000001100010110111010010110110000101010110011011110111000101100000010011000110001011100001010010010110011111001101110101101010110110010010011101010101100110100110001011010011011110101010101001010000010111110101101111010101001011 
00010100110101000000101010000110111001010011100111001111010011110101110000111010101001011101010110000011010001010101001100100000100010110100001110011111001001000000110111000011111111001111010111011110010000011111100101110101100010010001010100011011101111100101000011100110100010010111001100011110010101110001011101000111111001100011110011001100010100001110010000111001101010101100101100101011111011010001100100110011001001000101101100010111001001100010001110101111101111111101100010100111100110101110111001011111 
01111011101111111011000110101010011001101101000110010000001101110110110100000110001001100010001011011010100110100110011011001000001001000110101001100001111100000001000111001110000111101010000001111001101101001111110000011011000111100000110100100100110011101101001011110101010011101100101001010111100110101101101101100111110100101010101101110010001101111011111001010111001111101001111111000011101000111110110001111110101010011000000100111010011000111001100100101010010010010100110111011011000100111011100100101101 
01101001010000100001011110000101001010001010100011011110101100111010001101001011001101001101111101010110100010101101100000111001110100110011011101111000011100110010000100001101000010001011111100100010000000110110100000101010011010000101000100000000010101010110110100011011100100001101110011101011001000101110001110001011111111101011011010110011001001110100011110100001000010001011110011001110111010011111100000111111001100000001101110000010100101010001001101110110101010101001110010110010001110011010110110101001 
11100100010010100100001000111011010010111001101100011110111101111000000010111110110000100010101011010111111010000010010000011100101000000000111011111010000010000111110001000100011100010101110101000101100111011000000100111011100001110110110111101101101000110100101011101111001111011010001001001101100111110101011100001100111011010000001001100110100000010111110100010110010111001101011110101000000101110110100001001111110110111010011010010001001000111111011011101011111101100010011001010000100010110011001111101011 
11101010110010110010110000011110010010001010011100100101101011111010110011001100110111000011010001000100100110100001111011000100001101100000100010010000110000101110101111010000110100110100010101001001110010000001010100100100010001101000100100101110000110011111010101100000010100000100100100100101110110011011010001101000110111101111010110110110101110110100011010110001101110101100011111111101101001111000000101100011111100110100000101011000001010000011011000010111001100101000000001101010110101010000001101111011 
10010000101101111010110100111100110101001010110010100011101100000010000110000010000010100000111000011110110000010111101101100111001110000111100010111100110111001110110011101100011101001011100001110000101101010011110000101101100101011000000110111010110011111110010010001011101111001110100111011011011100110100000111100110100111010011010000011111010011010011110101001110000010111001001001100001101001011111110011110001111100100110010001000110101010100101110110000000110111100100011101010000110101110000011110001111 
10000000110101101000011101011100111001000101111100101111001010010001101111111010110111100110011001100100010011100111110011000011010001100111100100111010010100101101101010111100000100101111110000110100010011001101101101010010001110110111010000111110100000011001100111100110011011010110000011001101010101100011001110100111110001101110111011010100011100100100101001011101101100110101110100011110110101101110111000110111000111011101011111100110010010000100011000001010010010110101010001100111011101101011010100110010 
11001000100110111101101010000111011011110100101110101001101100100111101011000101110110010111011100001111110111010011001110101101111010011111110101011011110000011000100110101010101111100100010100001101101110101110110000110111001111011001001101100001011011011110101101000001000111111100101100010111100001001000110111001000100001011111010000001001111100001010001101100000001101110100111010100110001010000011110001001000111110111010000001111000010110001000001000000111000101000000010011111010100001000000000011110011 
10000110011101101101100100111100010010011011111110010101000111010111101110110110011000010100100000100110000110110010010001000110001011111001110001010110011011111111110011111111010110001010000101000100100010111001010000101111010010100110010110010100110000100010011000000000100110100100001110001101001000001001000100011010101011111110110100001111111111101100010011101111111010000101101001010011011110110010111110111101110011100100111101001101000111011010100111001111100100011111110111101101110110111000001101001010 
11101001100100100111010101100010101000111011100011111101010110011101100110110100101110110101010110000011110101101100101110101010001000011001110001110110001001100011011010110001101000010011010111110111011010010100011010111011111010111101111010110100110111100110011001010100011001011000001010001101101111101101111001000111010110101101110101000100001010111011010110100110101101100011011000111011001000111110011011010110111100010011101110010110010111110100001111111010100010110101101011000001110100101111111100110001 
01110101100110100000001110000010010001011101010011101001101110000001100000010110011111110000011110011010001101110000110110010000000000111110000100101110100001010000010010100000100010001110010000100000010000111101011001000000100000101100000101101001110011111001011010000101010000000011010000000100100011010011001111001100111010001100101101001101101001010101001100000010001100100010010101101100000111101000100011010011111000110110110011100100000111000010111101001101101111010010111000111100110001010010111011001000 
11010101101100010100100000001011010100110001010111000000000000001101100010001100011010001000110000000001100001001111000100110111001001010011110010001001100101110011010111110100110101101001100100000101110011001001010110100100111110110001111010001111100111111010000111000011000111101011101010010100101001000111000100010100100110111000100110011101001001010001000011000010100111110001011110011110000100010110001110000100011111001100100100001011100010110010001000111010011100100111100001001000011111000010010010110100 
00011101101001010110100010000111001111011001100000111111001110001001000010110100111101101101000001100010100110000010010111010110000001010001110010001110000000011010101100001110101001000011000111010111100110111011100001000001011000011010100101000110000000100000011110010011000100000100000000111010000011101100111000100101010001011000111010111111001101011000011011111010101100100001000101011000011000100001011100111010010110000101101010101000011100111111100010110001110111000000011111011111111101010011010000100111 
01111111110011011001101011011000011110111110110001010101001111110000011000000000101110000110010110011110011110010001011101110101110010110010100111100101000111100001001000011101100010000001110100110101111101010111100001110101111000010111000110101001001011110111110110110110010100111100011101011111110110101000011100100001011001111011100110001010111011110001100101011001100000110100111011011110110001010101011001111011010011111001010011100010111011000000001101111101111110000101111010101001100001011001111011110011 
00011001000010000010110001011000111101001001111001011011000010100011001011100101100000101100001100110100011101000010001110111110010111011101110001110110010101100001101111010111010101100100010001010010110100111001110100011010010101111001110100001010101100011000101111111010100001011100000001001110011110011011000100010110010010010110000000101100101101011000101000101000010000110000011000110100110000011111001111001110011110000111111000001001110000110010001001011100111011111000001100101010111111010101010000010011 
11101100100001000100010111001010101011110000010101011101110001101110001001110100000111001010010101001100111000100111111000100111000111100110011011110011000110001010101111110101101011100000010111110000110011001011010010001001100100101100110100111101000110011101010101110001101010000011010100000010101100010000000000100110100110110101101101011011000001000000011100100110111110000100100101010000100100001110011111010111100100100101000111101000111100001010111010110101000100001100010011001011110101001001111110101101 
11100011110011110101000011101011110111001001011010001100001000001111100000101101100000101101000001100010011010010110100001001001100000110001110111111101111111010100100010001010011010010011011110101011001010011010100110001011011011101010001101111100010101110000111110100001111110100111001101001011100011011001110111101110011110001011111100010100001100000000101010111000000101101001010011110000001001101011001101000101110101000001110111001100100000101001001000101001110101000110111101000011111001110111001111000011 
10111101101100011011001111110101111100101100010001011111111011110111101010101001001111011101101110011011111101110010010100001110100111101010010111010000110000010101100011110001111100111010100010110101011011101001001111101110011001010010100001111000111001111011100000101001010111111001111111101010100001010101111101110101101101101001101000110000001001000101101001010101100010000101010100010101011110101000010001011011110110111000100110110010010110010001001101101111000100101000001101111101100110010010111101000011 
01111101101011110001001110010001111011001001101011010110001111111000101000000100111010101001110001011001110110001001111101011100010100110011101000010100110100001011001110111101111011111001111100111100000101100110110111001111010100100011100111010100010011011100000111011010000101011110011001000110011101000110011000111000011100111110000001100110010101111100101111101011101010110000111101011110001010110010000011011100110100001000111110000110000011101011010111111101010100111101010101110111001010001001100011011111 
10010001001010100101110100010100010010101000000010100010110111101000000001000101000100110000100010100100000000100110010100101011101110100000111110111010001010000011010101000101100100110101110001110010001100111101011101011000101101110001010010100001110110011110101001101100011001100101010100010001111101110010100010100010111110111000010100010000010000001100100011000010111000001101110011110001010101101001110101110110111011001010110001110100111010101000110001101000100110000011010110110111000110110111110000111011 
10101101101111011011000110110111100011101100011000010011101010000011001001010011111011011111011011010000111111100110000101011101001011000000011111101101100011101100101100011110000001011111001111111010010110111110100010111010011111001001011100100011110100001111001101100011001001100110000110011100011011100110101010000101111100110010111000011111101110011110111111110101010010100110111010010100000101100100110000111110111001110000111111111110100111111100110111010000000001101000011110000010111101011101000001011101 
10100000000000100011001000010000110001100101000001101001101010100000101110100010110100000101011011101000111100000011011101010010101111010011101111111001010001111111100111010001101001110011010001101110010001110110100000011110101011000000110111001101000001010000010010110100100100101110110011111010111100001111011001101100111101001010001011111010111010110111111111010101011100110001001011001110100110001101001000101101111000101011110110001001101010100011011001101110110100001101011010111111001001001111000001100101 
11010101101011000010010100010011001100010110010011111011011001001111101001011010110010100100101010010100100111000111110100010110001011001001111001000001000101110011001011110100011100011100101101011110000010101100101100000100010100001000000010001001010111100000100001000011011010011010011001110101000110101111101000001010110110011100010111111011100100100000010100101010011001000000000011110011110010000100001001010001001011011010010011000111101100001111000111111111100010110110101010010100011011101010011000011001 
10001110110101001010010111011110011110010101001111011100111100011111001010101111000001101110011000000100000101101001010110010010110011101111111100111001111010110100010101111010110000000010110100000110100101010011100001110011100011111000110011010011001100101111100010110110101101100110010100110010101111101110010011001001101010010111100001000110101100010001111111000010001110001010001110001011100100011110100000100000111011010111111101100111101001101000110001101011111011111011111101110101101110011111110010101011 
11011000110011011101011110010010111001101000010010011111011000011100111101001010001000000011111111011000001111010001011010011101101011110101110011111110100011000001001010000110001111010000101110111000110000110100110111011011110110101010001110100111101001101001100111000100010100110000110111000100001111111010000101110110001101111000101101101101110101001101111010000100011101101001100011011101010000111001111010111011101100100101101110101001101000100010000101110111000011000010110010100110101011011011110100000101 
10100010101100110000000110101101101010110010111110011100000111001111110100000010010011011001111010100101010101100011111001010011001111000010011101111101110111110000110111011010001011110010001011101110111111100111110110001111110001100000000011110101101101101001001000010110010100010101100101111010110001000001011101010111011000000100101101100110010011001001010001111111010111110111111110110111110111010010101011101000001001111100100100100101011000101101000011000010110001110110010100100010011111010010011111000111 
01101000101011000111010100001101111010110110111011100011100001010001001000010110110000101010101100011110001001111110000011000101101111101101100000111001000101101000010110011010000101101111000111010001101100101100011001011000001100101111100101010100000110110010001100100101011000110011101111111001001001010111011110111111000000110111110100001011011101001010101001000011101101100111000010010101001101000110010111110000101101001001101000011010000110010101000011000100001010011010010110100100011000101011011101000101 
01111011101111111011000110101010011001101101000110010000001101110110110100000110001001100010001011011010100110100110011011001000001001000110101001100001111100000001000111001110000111101010000001111001101101001111110000011011000111100000110100100100110011101101001011110101010011101100101001010111100110101101101101100111110100101010101101110010001101111011111001010111001111101001111111000011101000111110110001111110101010011000000100111010011000111001100100101010010010010100110111011011000100111011100100101101 
10010000101101111010110100111100110101001010110010100011101100000010000110000010000010100000111000011110110000010111101101100111001110000111100010111100110111001110110011101100011101001011100001110000101101010011110000101101100101011000000110111010110011111110010010001011101111001110100111011011011100110100000111100110100111010011010000011111010011010011110101001110000010111001001001100001101001011111110011110001111100100110010001000110101010100101110110000000110111100100011101010000110101110000011110001111 
10000000110101101000011101011100111001000101111100101111001010010001101111111010110111100110011001100100010011100111110011000011010001100111100100111010010100101101101010111100000100101111110000110100010011001101101101010010001110110111010000111110100000011001100111100110011011010110000011001101010101100011001110100111110001101110111011010100011100100100101001011101101100110101110100011110110101101110111000110111000111011101011111100110010010000100011000001010010010110101010001100111011101101011010100110010 
00011010001010001111100100101100000110001111101100011111000001110100010101010010111001011001010101010101111100010010001101111000011011001001000000111010101011110110001101110100010110011111010110110000110101100101010100100011111011101010000111011100110100101111111000100001010111111011011001011001011010100111111000010011111010011001110000101001101111110101101100001000001010000100100110111110111110010101111000001001011011001001101111000011111110000000110110000100010001000101111001010001101010001001000110111111 
11110001010001000100011110100001001100100010011010101111100111111011011100000000010011001011011011110010101001000110011111101010111000011000110001110100100111001101100100100001010101100010100001111110010001010000011000100100110111110101010001101001111100010010010010001111101111111100110101000101100110110000001111000001100000000111100010000000111001011001001010011001101001101101000111110010111010000100100000011110110001000110011100010001000100101110101001000000100000010111010011110011101011010110101110000011 
00000011110011101011111010010111010111110110101000010101011100000000110101100110110110111011101011101110111000111111000101010010000001010000101101001011110010000100111111011011001100101000111010110011011011001011001010010110111011001000010100000101110000001110100011010100101101001011010110110111100010101101000001010111101011110111001111001111000001110011100101111000000110001001101101101010101001110010101010000010010110011100101110011010111001001101001111101100100011011000001000000111001111111001011111001101 
00010100110101000000101010000110111001010011100111001111010011110101110000111010101001011101010110000011010001010101001100100000100010110100001110011111001001000000110111000011111111001111010111011110010000011111100101110101100010010001010100011011101111100101000011100110100010010111001100011110010101110001011101000111111001100011110011001100010100001110010000111001101010101100101100101011111011010001100100110011001001000101101100010111001001100010001110101111101111111101100010100111100110101110111001011111 
01101110111110001001101001100100011111001001001111101100011101110011100011101000111100001111001100111001000111011110111001100101100111101001011100111001000100111110101010101000011001110000000000010101011001001110010000010001101100001000001010010110110011011111000110100011100110111011101100111011100000010000111000011001100000011110001010010101001101000110001010011011101110100100111110101101100110011101010100001101111010100100011011110010100111000011101011011010101111101100001101110101000111001011100101111001 
01001110100001110011100110010101010110110100101100111111101100111111010010101001010011111010101010101100010110110100101100001010111001011100111101011000001011010001110001000101011111111100010100101010100010110101101111000001101100001100110111010100010011110000100001011100101010001010111101101111001101101110101111100111101101011011011001000001111111000101000101010010001010000000110000000110110010100000101000100011110101100011101110011101001111111010000101001111111000001011101110110000100100000011001001010111 
01000110011110001101011101001100011000100101001010001001000010010111010110000001101010001010011111011101010111100001100001111010101101110001100101101101110000010101100011110100101101011101001101110010001001111101100111000000010110001101000000110110000010110111111011110010000111000100100110100101101000110011010010000010110110111111000110000110011101000001100101100110101011111100111000001001010000011010001010110010110001100101111011100100011010110111001100110100100111010000111010001111100011000010110001101101 
11100100010010100100001000111011010010111001101100011110111101111000000010111110110000100010101011010111111010000010010000011100101000000000111011111010000010000111110001000100011100010101110101000101100111011000000100111011100001110110110111101101101000110100101011101111001111011010001001001101100111110101011100001100111011010000001001100110100000010111110100010110010111001101011110101000000101110110100001001111110110111010011010010001001000111111011011101011111101100010011001010000100010110011001111101011 
11110100001010101000001010011101110110100010111110011001110000111010011011100001000111001100001010011101011110100100010000010000110010011111111010100010000011001110110110111110000011100100000000110100111011100100111101010110100100000100000010011110100001001001011001111011101011101000110011100011000011101110001100000001010101101100101110110010100001101111101010100111111011101001011000100011110001110100010001101010010011011100100101100111101000101011101001100000011010100010001010100001111011010110011110010111 
00000001010110111101011011011101100101101010010001111111011000111100100001011000011100000111011011111000110100010111010000101100101100010001001100011111011111110111001110000100011110010110010010111110011001110001000001111011000101011010000010000011110000110110100010011011000010111010001100101011111000000000001001110010100110010110001100100100000001010010101111001001000101010010100100111010101001100111011001010100001001001001100100000001000110110110011100110000010100100010101100111100011110011111100110001011 
10010111101100100000011100100111100011011001110000110011000011101110001100011010110001010101001101100010101001100101001001001110011101011010111000001111101001001000101010110100001000101010010100110110101001001111101100100001110010100101000100111111010101000101011110001111110010101011001101110100101111001101101101101110000001011111110111010011011011111000110011101000111000100001001001111101110011111001101010000011111111101101110111101111001100111000010111011011010101110111000100100111101010100110000110111011 
01101001010000100001011110000101001010001010100011011110101100111010001101001011001101001101111101010110100010101101100000111001110100110011011101111000011100110010000100001101000010001011111100100010000000110110100000101010011010000101000100000000010101010110110100011011100100001101110011101011001000101110001110001011111111101011011010110011001001110100011110100001000010001011110011001110111010011111100000111111001100000001101110000010100101010001001101110110101010101001110010110010001110011010110110101001 
11101010110010110010110000011110010010001010011100100101101011111010110011001100110111000011010001000100100110100001111011000100001101100000100010010000110000101110101111010000110100110100010101001001110010000001010100100100010001101000100100101110000110011111010101100000010100000100100100100101110110011011010001101000110111101111010110110110101110110100011010110001101110101100011111111101101001111000000101100011111100110100000101011000001010000011011000010111001100101000000001101010110101010000001101111011 
10000110011101101101100100111100010010011011111110010101000111010111101110110110011000010100100000100110000110110010010001000110001011111001110001010110011011111111110011111111010110001010000101000100100010111001010000101111010010100110010110010100110000100010011000000000100110100100001110001101001000001001000100011010101011111110110100001111111111101100010011101111111010000101101001010011011110110010111110111101110011100100111101001101000111011010100111001111100100011111110111101101110110111000001101001010 
10111011000010001111100000000101100101010101110011011000011101000110101100010000010001010100011010101100100010100011110001010001011111011101011100111010100110011001000001001110111000111100111101100001001000001101000100110100100111010110111000000010010001101100010110110011011001001101011010011001110011000011110000010011001001000111001001110011010101101000111000000111001101100001111010110110010110100010001101110100011111011110101011001010001010100111111111111001010100111110011011110011011001101001000110011101 
11001000101011100100000000100010010001111100000111110111110110000010110000001100000010010111100100101011101101011001100000010001110010110101010100100100110100110110000111110110100011111011001111101111100110100010100111100010001110011000010010111101010100011111010000001001001111011100000001100010110111010010110110000101010110011011110111000101100000010011000110001011100001010010010110011111001101110101101010110110010010011101010101100110100110001011010011011110101010101001010000010111110101101111010101001011 
11000010100100011101001001101101010010100010011101000110101111101010001100101011101011000100010011001101000011111100011000001110111000001001001000000110111000000011011100000101001111011101000011010100010100010111100101111101110001010110010110100011101101010000111001100100111111000110100010110000111101001010111001000011000111111111011101001011001010001100101011010010001000110010011010010000101010001000110011001011101100000001001000101011101001111110100101001010001111010110101010111111100110111110100001100101 
01000001001111110011111100100110001000101111010100010010111110111110101100100110111110011000100010110011010011100000001010000001111101100001101110001111111100010101111001100011101111000000001011010111111111010001101110110010011110101010110100111011110111111110111001011100101000011010111000000111010011010100110100000100010100100000011010100110010001101100110110011010100101110110100000000100011101111010011010011011100101111001100101011110111010101110100100001100111110010000111011111011001011111101101011000011 
11001000100110111101101010000111011011110100101110101001101100100111101011000101110110010111011100001111110111010011001110101101111010011111110101011011110000011000100110101010101111100100010100001101101110101110110000110111001111011001001101100001011011011110101101000001000111111100101100010111100001001000110111001000100001011111010000001001111100001010001101100000001101110100111010100110001010000011110001001000111110111010000001111000010110001000001000000111000101000000010011111010100001000000000011110011 
11000000100111010100111110100011001101010001010011000010110011010110000111010111101101110000110000010000011100101001101001001110110110010001100111010011100000101000110001110011011110001010001001100001110111011111010011110010001101010001100011100001100011100110011011011010110010011011010000010000001100111101010110010011011111010110000000101100101110110011111111111000100000110110110100111111000111001100100100000011101011100010010010100110011010111001110000001111111111000010000000110100011010111001100100011101 
11101001100100100111010101100010101000111011100011111101010110011101100110110100101110110101010110000011110101101100101110101010001000011001110001110110001001100011011010110001101000010011010111110111011010010100011010111011111010111101111010110100110111100110011001010100011001011000001010001101101111101101111001000111010110101101110101000100001010111011010110100110101101100011011000111011001000111110011011010110111100010011101110010110010111110100001111111010100010110101101011000001110100101111111100110001 
01110101100110100000001110000010010001011101010011101001101110000001100000010110011111110000011110011010001101110000110110010000000000111110000100101110100001010000010010100000100010001110010000100000010000111101011001000000100000101100000101101001110011111001011010000101010000000011010000000100100011010011001111001100111010001100101101001101101001010101001100000010001100100010010101101100000111101000100011010011111000110110110011100100000111000010111101001101101111010010111000111100110001010010111011001000 
11010101101100010100100000001011010100110001010111000000000000001101100010001100011010001000110000000001100001001111000100110111001001010011110010001001100101110011010111110100110101101001100100000101110011001001010110100100111110110001111010001111100111111010000111000011000111101011101010010100101001000111000100010100100110111000100110011101001001010001000011000010100111110001011110011110000100010110001110000100011111001100100100001011100010110010001000111010011100100111100001001000011111000010010010110100 
00011101101001010110100010000111001111011001100000111111001110001001000010110100111101101101000001100010100110000010010111010110000001010001110010001110000000011010101100001110101001000011000111010111100110111011100001000001011000011010100101000110000000100000011110010011000100000100000000111010000011101100111000100101010001011000111010111111001101011000011011111010101100100001000101011000011000100001011100111010010110000101101010101000011100111111100010110001110111000000011111011111111101010011010000100111 
01111111110011011001101011011000011110111110110001010101001111110000011000000000101110000110010110011110011110010001011101110101110010110010100111100101000111100001001000011101100010000001110100110101111101010111100001110101111000010111000110101001001011110111110110110110010100111100011101011111110110101000011100100001011001111011100110001010111011110001100101011001100000110100111011011110110001010101011001111011010011111001010011100010111011000000001101111101111110000101111010101001100001011001111011110011 
00011001000010000010110001011000111101001001111001011011000010100011001011100101100000101100001100110100011101000010001110111110010111011101110001110110010101100001101111010111010101100100010001010010110100111001110100011010010101111001110100001010101100011000101111111010100001011100000001001110011110011011000100010110010010010110000000101100101101011000101000101000010000110000011000110100110000011111001111001110011110000111111000001001110000110010001001011100111011111000001100101010111111010101010000010011 
11101100100001000100010111001010101011110000010101011101110001101110001001110100000111001010010101001100111000100111111000100111000111100110011011110011000110001010101111110101101011100000010111110000110011001011010010001001100100101100110100111101000110011101010101110001101010000011010100000010101100010000000000100110100110110101101101011011000001000000011100100110111110000100100101010000100100001110011111010111100100100101000111101000111100001010111010110101000100001100010011001011110101001001111110101101 
10111101101100011011001111110101111100101100010001011111111011110111101010101001001111011101101110011011111101110010010100001110100111101010010111010000110000010101100011110001111100111010100010110101011011101001001111101110011001010010100001111000111001111011100000101001010111111001111111101010100001010101111101110101101101101001101000110000001001000101101001010101100010000101010100010101011110101000010001011011110110111000100110110010010110010001001101101111000100101000001101111101100110010010111101000011 
01111101101011110001001110010001111011001001101011010110001111111000101000000100111010101001110001011001110110001001111101011100010100110011101000010100110100001011001110111101111011111001111100111100000101100110110111001111010100100011100111010100010011011100000111011010000101011110011001000110011101000110011000111000011100111110000001100110010101111100101111101011101010110000111101011110001010110010000011011100110100001000111110000110000011101011010111111101010100111101010101110111001010001001100011011111 
11100011110011110101000011101011110111001001011010001100001000001111100000101101100000101101000001100010011010010110100001001001100000110001110111111101111111010100100010001010011010010011011110101011001010011010100110001011011011101010001101111100010101110000111110100001111110100111001101001011100011011001110111101110011110001011111100010100001100000000101010111000000101101001010011110000001001101011001101000101110101000001110111001100100000101001001000101001110101000110111101000011111001110111001111000011 
10010001001010100101110100010100010010101000000010100010110111101000000001000101000100110000100010100100000000100110010100101011101110100000111110111010001010000011010101000101100100110101110001110010001100111101011101011000101101110001010010100001110110011110101001101100011001100101010100010001111101110010100010100010111110111000010100010000010000001100100011000010111000001101110011110001010101101001110101110110111011001010110001110100111010101000110001101000100110000011010110110111000110110111110000111011 
10001110110101001010010111011110011110010101001111011100111100011111001010101111000001101110011000000100000101101001010110010010110011101111111100111001111010110100010101111010110000000010110100000110100101010011100001110011100011111000110011010011001100101111100010110110101101100110010100110010101111101110010011001001101010010111100001000110101100010001111111000010001110001010001110001011100100011110100000100000111011010111111101100111101001101000110001101011111011111011111101110101101110011111110010101011 
10100000000000100011001000010000110001100101000001101001101010100000101110100010110100000101011011101000111100000011011101010010101111010011101111111001010001111111100111010001101001110011010001101110010001110110100000011110101011000000110111001101000001010000010010110100100100101110110011111010111100001111011001101100111101001010001011111010111010110111111111010101011100110001001011001110100110001101001000101101111000101011110110001001101010100011011001101110110100001101011010111111001001001111000001100101 
11010101101011000010010100010011001100010110010011111011011001001111101001011010110010100100101010010100100111000111110100010110001011001001111001000001000101110011001011110100011100011100101101011110000010101100101100000100010100001000000010001001010111100000100001000011011010011010011001110101000110101111101000001010110110011100010111111011100100100000010100101010011001000000000011110011110010000100001001010001001011011010010011000111101100001111000111111111100010110110101010010100011011101010011000011001 
10101101101111011011000110110111100011101100011000010011101010000011001001010011111011011111011011010000111111100110000101011101001011000000011111101101100011101100101100011110000001011111001111111010010110111110100010111010011111001001011100100011110100001111001101100011001001100110000110011100011011100110101010000101111100110010111000011111101110011110111111110101010010100110111010010100000101100100110000111110111001110000111111111110100111111100110111010000000001101000011110000010111101011101000001011101 
11011000110011011101011110010010111001101000010010011111011000011100111101001010001000000011111111011000001111010001011010011101101011110101110011111110100011000001001010000110001111010000101110111000110000110100110111011011110110101010001110100111101001101001100111000100010100110000110111000100001111111010000101110110001101111000101101101101110101001101111010000100011101101001100011011101010000111001111010111011101100100101101110101001101000100010000101110111000011000010110010100110101011011011110100000101 
10100010101100110000000110101101101010110010111110011100000111001111110100000010010011011001111010100101010101100011111001010011001111000010011101111101110111110000110111011010001011110010001011101110111111100111110110001111110001100000000011110101101101101001001000010110010100010101100101111010110001000001011101010111011000000100101101100110010011001001010001111111010111110111111110110111110111010010101011101000001001111100100100100101011000101101000011000010110001110110010100100010011111010010011111000111 
01001110100001110011100110010101010110110100101100111111101100111111010010101001010011111010101010101100010110110100101100001010111001011100111101011000001011010001110001000101011111111100010100101010100010110101101111000001101100001100110111010100010011110000100001011100101010001010111101101111001101101110101111100111101101011011011001000001111111000101000101010010001010000000110000000110110010100000101000100011110101100011101110011101001111111010000101001111111000001011101110110000100100000011001001010111 
00011010001010001111100100101100000110001111101100011111000001110100010101010010111001011001010101010101111100010010001101111000011011001001000000111010101011110110001101110100010110011111010110110000110101100101010100100011111011101010000111011100110100101111111000100001010111111011011001011001011010100111111000010011111010011001110000101001101111110101101100001000001010000100100110111110111110010101111000001001011011001001101111000011111110000000110110000100010001000101111001010001101010001001000110111111 
11110001010001000100011110100001001100100010011010101111100111111011011100000000010011001011011011110010101001000110011111101010111000011000110001110100100111001101100100100001010101100010100001111110010001010000011000100100110111110101010001101001111100010010010010001111101111111100110101000101100110110000001111000001100000000111100010000000111001011001001010011001101001101101000111110010111010000100100000011110110001000110011100010001000100101110101001000000100000010111010011110011101011010110101110000011 
10010000101101111010110100111100110101001010110010100011101100000010000110000010000010100000111000011110110000010111101101100111001110000111100010111100110111001110110011101100011101001011100001110000101101010011110000101101100101011000000110111010110011111110010010001011101111001110100111011011011100110100000111100110100111010011010000011111010011010011110101001110000010111001001001100001101001011111110011110001111100100110010001000110101010100101110110000000110111100100011101010000110101110000011110001111 
01101001010000100001011110000101001010001010100011011110101100111010001101001011001101001101111101010110100010101101100000111001110100110011011101111000011100110010000100001101000010001011111100100010000000110110100000101010011010000101000100000000010101010110110100011011100100001101110011101011001000101110001110001011111111101011011010110011001001110100011110100001000010001011110011001110111010011111100000111111001100000001101110000010100101010001001101110110101010101001110010110010001110011010110110101001 
11001000100110111101101010000111011011110100101110101001101100100111101011000101110110010111011100001111110111010011001110101101111010011111110101011011110000011000100110101010101111100100010100001101101110101110110000110111001111011001001101100001011011011110101101000001000111111100101100010111100001001000110111001000100001011111010000001001111100001010001101100000001101110100111010100110001010000011110001001000111110111010000001111000010110001000001000000111000101000000010011111010100001000000000011110011 
10000110011101101101100100111100010010011011111110010101000111010111101110110110011000010100100000100110000110110010010001000110001011111001110001010110011011111111110011111111010110001010000101000100100010111001010000101111010010100110010110010100110000100010011000000000100110100100001110001101001000001001000100011010101011111110110100001111111111101100010011101111111010000101101001010011011110110010111110111101110011100100111101001101000111011010100111001111100100011111110111101101110110111000001101001010 
00000011110011101011111010010111010111110110101000010101011100000000110101100110110110111011101011101110111000111111000101010010000001010000101101001011110010000100111111011011001100101000111010110011011011001011001010010110111011001000010100000101110000001110100011010100101101001011010110110111100010101101000001010111101011110111001111001111000001110011100101111000000110001001101101101010101001110010101010000010010110011100101110011010111001001101001111101100100011011000001000000111001111111001011111001101 
01111011101111111011000110101010011001101101000110010000001101110110110100000110001001100010001011011010100110100110011011001000001001000110101001100001111100000001000111001110000111101010000001111001101101001111110000011011000111100000110100100100110011101101001011110101010011101100101001010111100110101101101101100111110100101010101101110010001101111011111001010111001111101001111111000011101000111110110001111110101010011000000100111010011000111001100100101010010010010100110111011011000100111011100100101101 
11000010100100011101001001101101010010100010011101000110101111101010001100101011101011000100010011001101000011111100011000001110111000001001001000000110111000000011011100000101001111011101000011010100010100010111100101111101110001010110010110100011101101010000111001100100111111000110100010110000111101001010111001000011000111111111011101001011001010001100101011010010001000110010011010010000101010001000110011001011101100000001001000101011101001111110100101001010001111010110101010111111100110111110100001100101 
