01001111001010110000010100100011101010110110011010000000000000001000100000100000101001110011101010110100010010101100010000010001001111011001011100000001100010100101111100110001011001000111100000011001000101000111101110100101101010001011111100101110001010000111010001100000010011011001111011010000000001011011110001101110000100010111110000010110110000111010010000000000001010001010010001000111100110100101000100000101100010000111001011100101000000010000010101001000101100011100100011100100011100100100100001100001 
10110110010111101011101101110101100000110000110011010111010010010111011000001000011111111111000100101100111111011010110011011010111101110100001110101111110100101011100101001111000010010100100111000100001001010100001111111111011111101111010111011000100001100101110011011011110000010101100110110100111101010011110111111111110111100101101101000011101111111111110110010110000011010001110110001001110001010110110111010110101011101010001111011001111100001001111000101110110100111101110101011011001110101101100111111101 
10110110010111111011101101110101110000110000110011010111010010010111011000001000011111111111000100101100111111011010010011011010111101110100001110101111110100101011100101001111000010010101100111000100001001010100001111111111011111101111010111011000100000100101110011011011010000010101100110110100111101010011110111111110111111100001101101000011101111111111110110010110000011010001110110001001110001010110110111010110101011101010101111011001111100001000111000101110110100111101110101011011001110101101100111111101 
01011111001010110000010100100010101010110110011010000000000000001000100000100010101001110011001010110101010010101100010000010001001111011001010100000001100010100101111100110101001001001111100000011001000101000111101110100101101010001011111100101110011010000111011001100000010011011001111011010000000001011011110001101100000100010111110000010110110000111010010000000000001010011010010001000111100110100101000100011101100010000111001011100101000000010000010101001000111100011100100011100101011100100100100001100001 
00110100000111111010101101110001111000110000110010110111011010010011001000001000111111011111000100101100111101011010010010011010111101110100001110101111110001101001110101001011101010010111100101100100011001010100101111111111010111100011011111011000111000000101110001011011010001100101100110000100111101010011110011111110111111100001101101000010101111111111110010111110000011010001110110101010100001011110110111010111111010101011100111011001001001001101111100101110110101111001010101111011001110101111110111111101 
01011100001110110000010100110010101000110110011110000000000000001001100000100010101001110011001010010101110010101100010000000001001110011001010100001001100010100101111100010101001001001111100000011001000101000111101110100101101010001011001100101110011110000111011001100101010011010001111011010000000001011011110001101100010100010111110000010110110000111010010000010100101010011010010001000111100110100101000100001100101010000111001011000101000000010000010001011001111100011100100011100001011100100101000101101001 
00010011110110101111101001110110100001110110101001001101111010011111001010011000100011011001100001010011111010100111011000000111100001010011110011011111100100101110011110010111000100001010001101111110101101110000011111101010100111001110101100011111100101001100001101011011100001111010011101000100011000100000111010000011100001100011011110111101110001010010111011111111010000111010011110101000000000100000011100101000110110000010101110101011000110010000100000000111101100010001011100111000001001110011011001110001 
00000000001111010011111010110101111101111111100111010111110000111101001010100011001010000100000010000010001110001100111110101111010101111101011011010001110001011111000110110001110011100111110001100101011110110101101011100000011110010001101110010000000110000101101100000110011100011011111011101011100011111110111001111011110101101101101100000111100110110000010101011100111101110011110001001110001101001000110111111100110000101110101110001011110000001010010000010101111110100101110100000111110111110101001110010101 
01000111111001111101000110011010001111110010011101110010010110111101010011011010011111101101101111011111010000010110110011000000101101010010011000001000111011000110100101011000011100000010010000101111001001100110011111100011011101011111110010011011100000111110111000100101011011010101100000011000001100111100010010001001110111000100010011001111110010111110001110111010000111111100111000001111000000110001000110100100111001011100010001000001110110101100110111000100110100110111111011011010010010101100110011101111 
01110011100010110000010110010110110011000100000100001000001011111010110010000011100010000000001010101101100011000000010001110101001010011000111010001100010111000011011110011001100000011000011111110011001111010000101001000010000000100110111001101010101110101010101011010111111011011101111000011110011110000100000111001111110001001011010101001100100110011111100110110111001111111100101111111110110000110000000110011010110011111010110011011101101011000001010010011000010010010000000100111101100100001010101100101101 
11111000010110010100100110011000101001010011011010000010110001010011111001110010000001110110011101110101001010110101101011000000000111100001010010110011000101010110000000110111110000111110100111101100011100110000011111001111011110111000110100100010001010010111010001100011010010000101010010100000010101100010001111111110111000101001111001111101101100110100000100111010111001010100111101101101110111111001100110101110011000101111110000111011010000100110000111001100010000001101100000001101111001010110000000111011 
01011111001010110000010101110000101000111110001110000000000000001000100000100010001001110011001010010101010010101100010000010001001111011001010000000001100010100101111100110101001001001111100000011001000101000011101110000101101010001011111100101110011010000111011001100101010011010001111011010000000001010011110001101100000100010111110000010110110000111010010000100000100010011010010001000111100110100101000100001100101010000111000011100101000000010000010101001000111100011100100011100001011100000100100101100001 
01011111001110110000010100110000101000111110001110000000000000001000100100100010001001110011001010110101010010101100000000011000001111011001010000000001100010100101111100110101001000001111100000011001000101000111101110000101101010001011111110101110011010000111001001100101010011010001111011010000000001011011110001101100000100010111110000010110110000111010010000100000100010011010010001000111000110100101000100001100101010000111001111100100000000010000010101001000111100011100100011100001011000000100110001100001 
01011111001010110000010100110000101000111110001110000000000000001000100000100010001001110011001010110101010010101100000000011000001111011001010000000001100010100101111100110101001000001111100000011001000101000111101110000101101010001011111110101110011010000111001001100101010011010001111011010000000001011011110001101100000100010111110000010110110000111010010000100000100010011010010001000111100110100101000100001100101010000111001011100101000000010000010101001000111100011100100011100001011100000100110101100001 
01011001001011111101100010110110111110111011111010100000010110100000110011011000010000111001100000010111101101000100011010011111000100110011101110000111110011010001101101010100100100010001100100101110011011010101011011010000110000011000011011001001110100101111100101100000111101011110110011101001101101100101011000011001010110001111100010000100110000000111111100100010100100101100110100011100010011001010010011110101001110100101011010011000010001111101000110010101001010101111001011100010110011011001011001000001 
10110101010111111010101101110001100000110000110011110111010010010111001000001000011011111111001100101100111101011010011010011010111101110100001110101111110001101001110101001011100010010111100111000100001011010100101111111111010111100011111111011000101000100101110011010011010000000101100110010100111101010011110011111110111111100001101101000010100111111111100010110110000011010001110110001000100001010110110111010110101010101010100011011001001000001001111100101110110000111101010101111011001110101101100111111101 
11001111011110010011001101111100001100101111111000110010110111011111100100110110110001100011100110001001000111110000001000111000000000111000011011111001001100110100010000111111101100111011000010110111100111011111000101011111001001001011001001010011101111100100100011100100110010100111110111001001011010000010110101111010011011011111110101000100000111101101111100000111110011000100010001111001110110110011101111001011010001011011000011111000011101111010111001011001001100010010101111011110000111111001000110101011 
01101001100101110000111011101010010001011110000011101001100011111000001001101001001000000001011010100010010010001011011100111001101001110100101011010101101001101100101110001001010101111001010000100011011100111001010111110011110010001101101100101110000110000010110001100111111111010101100111001000000100000011100001001111011100111100001001000010011101010011010011001101001011101001010010110110110001000000001100100101000001100011000100010101000111101110011000110110001010100100000110001111111010010011000010000001 
01110100001100101010001001000101000101010010010000000100110000000101011000111001101100100000010111011011011110000010110010011110111011011101000100101010101010101010001000000000001011110111000100001111100001011100111001010111000101100001011001100011000110101110001100000001101100011011110110010010110101110110100000110101110101011100100011110000100101001000000111001011100001011001111000100101101011110000111111010001111111101110101000000110101101010010100010000000010111000011000011111101001000100001100001000101 
10001010011011010010000001010001001101100011000000010111110000000110000001110101001000110001010011000011111111010011101000000101001100101110100101000000101100011101001001111010111001100001110101111010100111001100011110111000101000110010110111001011111110001011000100110100010100010001000111010011100100101011000011010111101110010010000000111011110001011011010101010010011101110001010011100111001010010001101010011000011010110111101000111010101101010101011010101010001011010100111000001001100011111000110001100001 
10011111011100010011000101111100011100101111111000110010110111011111100100110110110001100011100110001001000111100000001000111000000000111000011011111001001100111100010010111111001100111010000010110111100111011111000101011111001101001011001001010001101111100100100001100100110011100111100111001001011010000010110101111010011011011111010101010100000111101101101100000111110011000100010011111001110110110001101110001011010001011010001011111000011101011010101001011001001100010010101111011110000110111001000110101011 
01011110001110110000010100110010101000110110111100000000000000001001100000100010101001110011001010110101010010101100010000000011001110011011010100001001100010100101111100010101001001011111100000011001000101000111101110100101101010001011001100101110011010001111010001100101010011010001111011010000100001011011110001101100010100010111110000010110110000111010010000110100101010011010010001000011100110100101000100001100101010000111001011100101000000010000010001011001111100011100100011100001011100100101000101101001 
01111011110111011000000001110110000111011000000011100001101001001000110001010101001101110001110011111100101011100010000010001011100111101011110001010101110010100101111000011111110100111100000010000111100101110100101110010011110110011000100110100110011100000101010011001000010111000001111001010110010010110100000001001111100110010100011101001010010001110100111011001001111001100011000000101000100010000101000100101100010000100100000010101001001101000111010010111100110010000111011100100000011101111110100111000101 
01011111001010110000010100110010101000110110011110000000000000001001100000100010101001110011001010110101010010101100010000010001001101011001010100001001100010100101111100010101001001001111100000011001000101000111101110100101101010001011101100101110011010000111011001100101010011010001111011010000000001011011110001101100000100010111110000010110110000111010010000110000101010011010010001000111100110100101000100001100101010000111001011100101000000010000010001001001111100011100100011100001011100100101000101101001 
01011110001110110000010100110010101000110110010110000000000000001001100000100010101001100011001010110101010010101100010000000000001110011001010100001001100010100101111100010101001001001111100000011001000101000111101110100111101010001011001100001110011010000111011001100101010011010001111011010000000001011011110001101100010100010111110000010110010000111010010000110100101010011010010001000111100110100101000100001100101010000111001011100101000000010000010001011001111100011100100011100001011100100101000101101001 
10110101001111101010101101110001110000110000110011110101001010010111001000001000011111011111000100101100111101011010110010011010111101110100001110100111110001101001110101001011100010010111100111100100011001010100101111111111011111100011011111011000101000100101110001011011010001100101100010010100111101010011110011111110111111100001101101000010100111111111110010111110000011010001110110001000100001010110110111010101101010101010100111011001001000101101111100101110110100111101010101111011001110101111101111111101 
11100110111011001111111111000100101101100001011011001110001001101101001110010101101000110111011010010000000011101100100101011100100110010000000000100110000110001001110011111011111000010110000100001000110000001110001111010101010000001011110110100101010101011011101000000011001101000011001110010000010011000010101011111000101010110010101110111110111001110001011010110011100010110000110000001110000111010111111001001011001000001010111010100000000010011010000000000000010011000011111100110010101110110100100011110111 
10110101010111111010101101110001100010110000110011110111010010010111001000001000011011111111001100101100101101011010011010011010111111110100001110101111110001101001110101001011100010010111100111000100001011010100100111111111010111100011111111011000101000100101110011010011010000000101100110010100111101010011110011111110111111100001101101000010100111111111100010110110000011010001110110001000100001010110110110010110101010101010100011011001001000001001011100101110110000111101010101111011001110100101100111111101 
01010110001110110000010100110010101000110110011110000000000000001001100000100010101001110011001010110101010010101100010000000001001110011001010100001001100010100101111100010101001001001111100000011001000101000111101100100101101010001011001100101110011010000111011001100101010011010001111011010000000001011011110001100100010100010111110000010110110000111010010000010100100010011010010000000111100110100101000100001100100010000111001011100101000000010000010001011001111100011100100010100001011100100101100101101001 
01011110001010110000010100110000101000111110001110000000000000001000100000100010000001110011011010010101010010101100010000010001001111011001010000000001100010101101111100100101001001001111100000011001000101000111101110000111101010001011111100101110011010000111111001100101010011010001111011010000000001010011110001101100000100010111110000010110110000111010010000100000100010011010010001000111100110100101000100001100101010000111001011100101000010110000010101001000111100011100100001100001011100100100100101100001 
10110101010111111010101101110101110000110000110011010111010010010111011000001000011111111111000100101100111111011010011011011010111101110100001110101111110100101011100101001111000010010111100111000100001001010100001111111111010111101111010111011000100000100101110011011011010000000101100110010100111101010011110111111110111111100001101101000010100111111111110110110110000011010001110110001001100001010110110111010110101011101010101111011001111100001000111000101110110100111101110101111011001110101101100111111101 
10110101010111111010101101110001110000110000110011110111010010010111001000001000011111111111000100101100111101011010011010011010111101110100001110101111110001101001110101001011100010010111100111000100001001010100101111111111010111100011011111011000101000100101110011011011010000000101100110010100111101010011110011111110111111100001101101000010100111111111110010110110000011010001110110001000100001010110110111010110101010101010100111011001001000001001111100101110110100111101010101111011001110101101100111111101 
11000111111001001110011101100001011001111000001110000101111100111011110001000010111011101011101101000100011100000010111111000111110001101001010100110001101000101110111000000101101011010111011101101011110000000010001110011110000100100001000110110111100111110100110000110110001100110111101111110100011000101010011011111000011001110111111101000110010111000000001011101101001111100101100110001001010111000010101110110000000001100111111101100010111110101110101011010011000101101100100010001100111001011111110111011101 
10100011011001100011100010101111111010111100011110010100111010010001100100100110001110111111001100110101011111011011010000111101101110000111000010111101111110100010001001100010000000111010100011110010000100001011010010111010111111011000011101110100011111000111001111101111111110100101110100101010010100000000011110111111111001100000011011010000011010000111100000000000011101101110000011110101001100010101101100001011101010001000000101000011010111101001110111001010000011010110111111011101100000010000001111011011 
10110100010111111011101101110101110000110000110011010111010010010111011000001000011111111111000100101100111111011010010011011010111101110100001110101111110100101011100101001111000010010101100111000100001001010100001111111111010111101111010111011000100000100101110011011010010000010101100110010100111101010011110111111110111111100001101101000010100111111111110110110110000011010001110110001001110001010110110111010110101011101010101111011001111100001000111000101110110100111101110101111011001110101101100111111101 
10110101010111111010101001110001110000110000110011110111011010010111001000001000011111011111000100101100111101111011010010011010111101110100001110101111110001101001110101001111100010010101101111010100011001010100101111111111010111100011011111011000101000100101110001011011010000000101100110010100111101010011110011111110111111000001101101000110100111111111110010110110000011010001110110001000100001010110110111010100101010101010100111011011001000001001011100101110110100111101110101111011001110101111111111111101 
10110101010111111010101101110001110000110000110011010111010010010111011010001000011111111111000100101100111111011010011010011010111101110100001110101111110000101011100101001011100010010111100111000100001001010100101111110111010111100011010111011000101000101101110011011010110000000101000110010101111101010011110011111110111111100001101101001010100111111111110010110110000011010001110110001000100001010110110111010110101011101010100111011001101000001001111000101110110100111101010101111011001110101101100111111101 
01110100001100101001001001000101100101010010010000000100110000000101011000111001101100100000010111011010011110000010110010011110111011011101000100101000101010100010000100000000001011110111000100001111100001011100101001010111000101100001011001100011000110101111001100000001101100011010110010011010110100110110100000110100110101011100100011110100100101001000000111001011000001011001111000100101101011110000101111010001111111101110001000000110101101010000100010000000010011000011000111111101001010100001100001000101 
10110101010111111010101101110001100000110000110011110111010010000111001000001000011111111111011100101100111101101010011010011010111101110100001110101111110001101001110101001011100010010111100111000100001011010100101111111111010111100011111111011000101000100101110010010111010000000101100110011100111101010011110011111110101111100001101101000010100111111111100000110110000011010001110110001000100001010110110111010110101010101010100011011001001000011001111100101110110000111101010101111011001110101101100111111101 
10110101010111111010101101110001110000110010110011010111010010010110011000001000010111111111010100101100111111011010011010011000111101110100001110111111110000001001100101001011100010010111100111000100001001010100101111011111010111100011010111011000101010100101110011011011010100000101100110010100010101010010110011011110111111100001101001000010100111111111110010100110010011010001110110001000100001010110110111010110101011101010100111011001101000001011111000101110110100111001010101111011001110101101100111111001 
10110101010111111010101101110001110000110000110011010111010010010111011000001000011111111111010100101100111111011010011010011000111101110100001110111111110000001001100101001011100010010111100111000100001001010100101111011111010111100011010111011000101010100101110011011011010100000101100110010100010101010010110011011110111111100001101101000010100111111111110010100110010011010001110110001000100001010110110111010110101011101010100111011001101000001011111000101110110100111001010101111011001110101101100111111001 
01110100001100101011001001000111100101010010010000000100110000000101011000111001101100100000011111011010011110000010110010011110111011011101001100101000101010100010001000000000001011110111000100001111100001010100101001010111000001000001001001100011100110101111001110000001101100011011110110011010110101110110100000110101110101011100100011110100100101001000000111001011100001011001111000100101101011110000101111010001111111111110001000000110101101010000100010000000010011000011000011111101001000100001100001000101 
11111011000110010011001011011011010000100110101100001110100000100101111111011100010111010110001001000110100010010011001100001101011111101111100110001000000000100100001100011011010010110111001110000011100110010100011010111100010001011111101111100011111110100111011001101001110001100001100011101010001001000110011011000111001101101101111111110001000000011101100100010001011000010001101010011000010001010001010111111111010001100111100101101101101011111001110100101100111100111111100000001010000011110101110001010001 
11111000010110010100100110011000101011010011011010000010110001010011111001110010000001110110011101110101001010110101101011000000000111100101010010110011000101010110000000110111100001111110100101101101011100100000011111001111011110111000110100100010001010010111000001100011010010000101010010100000010101100010001111111110111000101001111001111101101100110100000100111010111001010100111101101101110111111001101110101110011000101111110000111011010000100110000111001100010000101101100000001101111001010110000000111011 
01100001111001000100101001000101000100011100010111011001001100011010000111000110111010100101101101110001100111000101001001111111111110110010001100101000011011000100100000000110111011010010010101011101111010111100101000101110110000111011100001100111001101110001011011111111000010111101110011100111111001011010111010001110110101011011011011001000100101000000101100001001110110000111011010010110111011001100111001011101001111010010101101111111101010110000001111000011111010101000100101010010101000001001101110101001 
10110101010111111010101101110001110000110000110011010111010010010111011000001000011111111111000100101100111111011010011010011010111101110100001110101111110000101001100101001011100010010111100111000100001001010100101111111111010111100011010111011000101000100101110011011011010000000101100110010100111101010011110011111110111111100001101101000010100111111111110010110110000011010001110110001000100001010110110111010110101011101010100111011001101000001001111000101110110100111101010101111011001110101101100111111101 
11101110010111110000110001100001101010101110000011110011010101110011110011101001100111000101001101011110000101110101100000001100111110101111001110110001010111100101000000101101000001110001101010001010110111111011110000111011011010001001001111011000111111100100111011001011010111010100001010100100110110010011000111101010111001100000100100100101110011100101101100000110011000011010100111110100110111010101000101011111110001110000101101011011010101011100011111011100110110111111100011110011101011101001010001100111 
01110100001100101011001001000101100101010010010000000100110000000101011000111001101100100000010111011010011110000010110010011110111011011101000100101000101010100010001000000000001011110111000100001111100001011100111001010111000101100001011001100011000110101111001100000001101100011011110110011010110101110110100000110101110101011100100011110100100101001000000111001011100001011001111000100101101011110000101111010001111111101110001000000110101101010000100010000000010011000011000011111101001000100001100001000101 
11110000100101111101000000010011001001110000101101000110101111101001100010010011100001000011011101010111010001011111110001101110001010111110101000110001011111101110101010100110101000000001000101101101100000000100011100100111000001000010011010101001111110011011100010011110101100001000000010110001000010111101111000101010101100001000010010111010011101010001010101010000001111110100011010100011100010010101101011111101001110000110001011110011110001001011001100110011111000110010010000111011101110100111101000100111 
01011111001010110000010100110010101000110110011110000000000000001000100000100010101001110011001010110101010010101100010000010001001111011001010100000001100010100101111100110101001001001111100000011001000101000111101110100101101010001011111100101110011010000111011001100101010011010001111011010000000001011011110001101100000100010111110000010110110000111010010000100000101010011010010001000111100110100101000100001100101010000111001011100101000000010000010101001000111100011100100011100001011100100100100001100001 
01100111000000111011000100101011110001001010110100001100000001100010100111110000010000101011011011110000010001001100000000000011111001011000011001000110000000111101010110110001100000000100000011111100001110011000011101001011110111111001111001111110111010101111101101010100011101011010110111111010101011111010110111111100001110101101000011010111101001000000100000101010111011010100010111100111011000001010111010111101111011101100111111010100100101011011010010010001011011100101001110111101110010101111100000000011 
01011111001010110000010100110000101000111110001110000000000000001000100000100010001001110011001010110101010010101100010000010001001111011001010000000001100010100101111100110101001001001111100000011001000101000111101110000101101010001011111100101110011010000111011001100101010011010001111011010000000001010011110001101100000100010111110000010110110000111010010000100000100010011010010001000111100110100101000100001100101010000111001011100101000000010000010101001000111100011100100011100001011100100100100101100001 
10110101010111111010101101110001110000110000110011110111011010010111001000001000011111011111000100101100111101011010010010011010111101110100001110101111110001101001110101001111100010010101100111000100011001010100101111111111010111100011011111011000101000100101110001011011010000000101100110010100111101010011110011111110111111000001101101000110100111111111110010110110000011010001110110001000100001010110110111010100101010101010100111011011001000001001011100101110110100111101110101111011001110101111110111111101 
00110100000011111010101101100001110000110000110011110111011010010111001000001000011111011111000100101100111101011010010010011010111101110100001110101111110001101001110101101011101010010111100111100100111001000100101111111110010111100011011111011000111000000101110001011011010001100101100110010100111101010011110011111110111111100101101101010010101111111111110010111110000011010001110110001000100001010110110111010111101110101011100111011001001000001100111100101110110101111101010101111011001110101111100111111101 
01101000110010100010100100110110000101100011100010110110110110101010000111101111001010000110000001101100010001100011100010000001110111001010110000101111010110111101000010110110011110011111101111101000010100000011000010010100111101001010000011100010011011100010011010100110101011001111010000110011110011000010001010110000011100111100100100110000101011110110101011101010011010010001111101100100111000010000111010101001011101011110101110001111010111101100101001010010010111010000011100011110101010000011101110000011 
10110101010111111010101101110001110000110000110011010111010010010111011000001000001111111111000100101100111111111000011010011010111101110100001110101111110000101001100101001011100010010111100111000100001001010100101111111111010111100011010111011000101000100101110011011011010000000101100110010100111101010110110011111110111111100001101101000010100111111111110010110110000011010001110110001000100001000110110111010110101011111010100101011001101000000001111000101110110100111101010101111011001110101101100111111101 
10011111110001000000111010100111010111000010101011010001110101110100111000000111011000010100111011010011110100101011001011100110010010110111100011000001110011001100101011000010111011001110100101010011000100111111100100000111100110001011101100101001101010010110000010101100100110100001111100110111110101010010000100011100100110110101111110100001110011101000001111111110001100001001000111101001001000000011101011010100011100010110010100111001110111011011101111100111011101111110111100000100101110101101100110010011 
01110000100101001011000011011011001000010010110001111111101101000000011000101000011100010111000010101010011011110111100110111001100101010001110111001010001100010101101111011110000101111000100111101001010111110010010110010111101010111010010000101100100010101010101011110101010000111101110101101111010000110101111011110010101110000110011101100100001111001010110100001110010011111010110001010111010011111010100001111011100010100001010100011111000101101100111110000110011010001000001111001110101101101011010100010001 
01011110001110110000010100110010101000110110011110000000000000001001100000100010101001110011001010110101010010101100010000000001001110011001010100001001100010100101111100010101001001001111100000011001000101000111101110100101101010001011001100101110011010000111011001100101010011010001111011010000000001011011110001101100010100010111110000010110110000111010010000110100101010011010010001000111100110100101000100001100101010000111001011100101000000010000010001011001111100011100100011100001011100100101000101101001 
01011011011110101111001001101000110010100000110001001000110100001000011100110011001001100000111111001000001110110100010110001100111101011111011111101000100111011011001101001111111101000011111001101100011011000010111000111111000110001011100101000000101010111000011100111101111100011001010111011001011100111111010111101111001011010001000101001100111011101111000001000011101111111010000101101000000000000101010110010010101001110110110110100011110110111110100111000001100010101110110001111101001001100101111000001111 
01110100001100111001001001000101100101010010010000001100110000000101011100111011101100100000010101011010011110000010110110001110111011011101000100001000101000100010001001010000001111010111000100001111100001011100111101011111000100100001011001100111000110001111011100000001101000011011110110111010110101110110000000110100110101011100100011110100000100001100000111001011100001001001011000100101001011110000101111010001111111101110001000000110101101010000100010000000010111000011000011011101001000100001100001000101 
00011110011100001000011001111010111011111111101001100100111111110110011000101000111100110100100010110010100111000100011000000000110011110101110011011010110010100110101110011001000111101000100011110000101110100011001110100111111101101110001000101000000100001100100101100011010011000010011011010011001111000011011010101101000110000011101010100010010001100010011001100011001000111010000110110110001100100010101100100001110111111110010101010100111000100010111110101011011110010111101000011000100101101010010010110011 
00110111110100101011001001010000010000111001111101100110011111101101010101111010011101011100100000001110001100010101010111000001100001001000001101100111011100111110000001001000100010100010011010101000100100011101010011101110110111000011001111110011000111011011001100001101011110100010111110100011100100110001001010011011010101001100110000010010000010100101110111011100100101100000011011110110000111101000101011101111100011110110100000011000000100011111100111100011101111110100011000000011001111001111100011111011 
00110101000111111010101101110001110000110000110011110111011010010111001000001000011111011111000100101100111101011010010010011010111101110100001110101111110001101001110101001011100010010111100111100100011001010100101111111111010111100011011111011000101000100101110001011011010001100101100110010100111101010011110011111110111111100001101101000010100111111111110010111110000011010001110110001000100001010110110111010101101010101010100111011001001000001101111100101110110100111101010101111011001110101111100111111101 
01011110001110110000110100110010111000110110011110000000000000011001100000100010101001110011001010110101010010101100010000000001001110011001010100001001100010100101111100010101001011001111100000011001000101000111101110100101101010001011001100101110011010000111011001100101010011010001111011010000011001010011110001101100010100010101110000010110110000111010010000110100101010011010010001000111100110100101000110001100101010000111001011100101000000010000010001011001111100011100100011100001011100100101000101101001 
01110100001100101001001001000101100101010010010000000100110000000101011010111101101100100000010111011010011110000010110010011110111011011001000100101000101010100010000100000000001011110111000101001111100001011100101001010111000101100001011001100011000110101111001100000001101100011010110010011010110100110110100000110101110101011100100011110110100101001000000111001011000001011001111000100101101011110000101111010001111111101110001000000110101101010000100010000000010011000011000111111101001010100001100001000101 
01110001100101001011000011011011001000010010110001111111101101000000011001101000011100010111000010101010011011110111100110111001100101010001110111001010001101010101101011011110000100111000100111101001010111110010010110010111001011111010010000101100100010101000101011110101010000110101110101101111010000110101111011110010101110000110011101100100001111001010110000001110010011111010110001010111010011111010100001111001100010100001010100011111000101101100111110000110011010001000001111001110101101101011010100010001 
10111011110111101110011101011011100010101000011010100111110111000010111100011110001111100100011100011100000001010101010100101001101011100110100110010101101010011111001101011001001011010011101111110011000111110011111011100110111000110011001110000011111100011010100001000101010101111110011000100101011110001010100110110111101111100111100011011000100110110101110100011011000110010100000101000010100111011000111110111001100000001001111100101111001011000111101001001111000110010100000001000101101101110111110101001001 
01111100001110101011001001000111100101010010010000000100110000000101011000111001001100100000011111011010111110000010110010011110111011011101001100101001101010110000001000000100001011110111000100001111100001010100101001010111000001000001001001100011000010101111001110000001101110011011110110111010110101110110100101110101110101011100000011110100100101001000000111000011100001011001101000100101101011110000101111010001111111111110001000000110100101011000100010000000010011000011000011111101001000100001100001000101 
11100110111011001111111111000100101101100001011011001110001001101101000110010101101000110111011010010000000011101100100101011100100110010000000000100110000110001001110011111011111000010110000100001000110000001110001111010101010000001011110110100101010101011011101000000011001101000011001110010000000011000010101011111000101010110010101110111110111001110001011110110011100010110000110000001110000111010111111001001011001000001010111010100000000010011010000000000000010011000011111100110010101010110101000011110111 
10001010011111011010000001010001001001100011000100010111110000000110000001111101001000110001010011010011110111010011101000000101001100101110101101000000101000011101001001111010011001100001110101111000100111000100011110111000101000110010110011001011111110001011000100110100010101010001000111010011100100101011000011010101101110011000000000101011110001011011010101010010011101110001011011100101001010010011101110011000011010110111001000111010101101110101011011100010001011010100111000000001100011111000110001100001 
01110100001100101001001001000101100101010010010000000100110000000101011000111011101100100000010101011010011110000010110010011110111011011101000100101000101010100010001001010000001011010111000100001111100001011100111101010111000100100001011001100011000110101111001100000001101000011011110110111010110101110110100000110100110101011100100011110100001101001000000111001011100001011001011000100101001011110000101111010001111111101110001000000110101101010000100010000000010011000011000011111101001000100001100001000101 
11000000111011101101000101001001011000000111010111001001010100010000101001101010101011111110000011001111110101000111001111100111001111111110001111000000111010011001101000011111111101001111011100100011001001101010011110001011110001110101001001000000010111110100111011001100100100111011110000111000110100010101001011101000001011010100011011100011000101110100011110111011110110011001110110100111001011100001001010111101110001110100110110000100100001001011110011001011010011101110001010000110001111000001010100100011 
00110100000111111010101101110001110000110000110011110111011010010111001000001000011111011111000100101100111101011010010010011010111101110100001110101111110001101001110101001011101010010111100111100100011001010100101111111111010111100011011111011000111000000101110001011011010001100101100110010100111101010011110011111110111111100001101101000010101111111111110010111110000011010001110110001000100001010110110111010111101010101011100111011001001000001101111100101110110101111001010101111011001110101111100111111101 
01110100001110101001001001000101100101010010010000100110110000000101011000111011101100100000010101011010011110000010110110011110111011011001000100101000101010100010001011010001001011011111000100000111000001011100111101011111000100100001011101000011100111101111001100010001101000011010110110111010110101110110100000110100110101011100100011110100001101001000000111001011100001011001011000100101001011110000101111011000111111101110001000000110101101010000100010001000010011000011000011111101001000100001100001000101 
11011111110011110000001000101011100100101001011000000101011100101000000111001000111110010111111000111100111110111001100101001010100111010011111010001111101000010100110100110000100110111000000100000001010111001100000011100110111110011010000010001110010111100110100011011000101000100110111000001000100001111010011111101110011100101001001010001001111100100111000111110101110001110010001111101010100001010010111000001001001010110100100000011111000110101100111110111000111101010000101111001101100011100011100110111001 
01110100001100101011001001000101100101010010010000000100110000000101011000111011101100100000010111011010011110000010110010011110111011011101000100101000101010100010001001010000001011110111000100001111100001011100111101010111000101100001011001100011000110101111001100000001101100011011110110111010110101110110100000110100110101011100100011110100100101001000000111001011100001011001111000100101001011110000101111010001111111101110001000000110101101010000100010000000010011000011000011111101001000100001100001000101 
01011111101010110000010100110010101000110110011110000000000000001001100000100010101001110011001010010101010010101100010000010001001101011001010100001001100010100101111101010111001001001111100000011001000101000111101110100101101010001011101100101110011010000111011001100101010011010001111011010000000001011011110001101100000100010111110000010110110000111010010000110000101010011010010001000111100010100101000100001100101010000111001001100101000000010000010001011001111100011110100011100001011100100101000101101001 
11001010011011010010000001010101001101100011000000010101110000000110000001110101001000110001010001000011111111010011101000000101001100101110100101000000101100011101001001111010111001100001110101111010100101001100011110101000101000110010110111001011111110001011000100110100010100010001000111010011100100101011000011010111101110010010000000111011110001011011010101010010011101110001010011100111001010010001101010011011011010110111101000111010001101010101011010101010001011010100111000001011100011111000110001101001 
01110101001100101011001001000101000101010010010000000100110000000101011000011011101000100000010111011010011110000010110010011110111011011101000100101000111010100010001001010000001011110111000100101111100001011100011101010111000101100001011000100001100110101111011100000001101100011011110110111010110101110111100000110100110101011100110011110100100101001000000111001011100001011001101000100101001011110100101111010001111111101110001000000110101101010001100010000000010011000011010011111101001000100001100001000101 
01110100001100101001001001000101100101010010010000000100110000000101011000111011101100100000010101011010011110000010110110011110111011011101000100001000101010100010001001010000001011010111000100001111100001011100111101010111000100100001011001100111000110001111001100000001101000011011110110110010110101110110100000110100110101011100100011110100001100001000000111001011100001001001011000100101001011110000101111010001111111101110001000000110101101010000100010000000010011000011000011011101001000100001100001000101 
10111011110111101110011101011011100010101000011010100111110111000010111110011110001111100100011100011100000001010101010110111001101011100110100110010101101010001111101101011001001011010011101111110011000111110011111011100110111000110011001110000011111100011010110001000101010101111110011000100101011110001010100110110111101111100111100011011000100010110101110000011011000110010100000101000010100110011000111111111001100000001001111100101111001011000111101001001111001110010100000001000101001101110111110101000001 
10111001110111101110011101011011100010100010011010110111110111000010011100011110001111100110011100011110000001010101010100101001101011100110100110010101101010011111001101011001001111010011101111110011000111110011111011100110111000110011001110000011111000011010100001000101010101111110011000100101011100001010100110110111101111100111100011011000100110110101110100011011000110010000000101000110100111011000111110111001100000001001111100101111000011000111101001001111010110010100000001000101100101110111110101001001 
10000101100111001000010100101010000110100010011111001110110000111000100011100100111000011011001110111100000101011001000100010111001001011001001001001000011111111101000101000101011010000010001010111000111110011110011101101011000110100000011100001110011111101011100111110111011101011011010001000001101101110101001011000111010001110000010100110101010111110001001111001101001101001010011000101101110000100100101111110100101100010101111000000000011000101101000111011010100101100000000001101000110000110001100101011001 
00000000101111010011111010110101111101111111100111010111110000111101000000100011001010000100000010000110001110001100111110101111010111111101011010010001110001011101000110110001110010100101110001100101011110110101101011000000011110010001101110010000000110001001101000000110011100011011111011101011100011111100111001111011110101001101101100100111100110110000010101011000111101110011110001001110001101001000110111111100110000101110111110001011110000001010010000010101111110100101110100000111110111110111000110010101 
11011011000101001000101000010000000010010110110011100011111000010110110111000000101011010110111001000100001000110001100110101111010011100110101101100011100111011101111010101111000001011110111110101101011110011000011100000111000000000000011110101000110111010000111000111111011101010110000111100110011000100101001011100001011111110101000100010101101010110011000101000000111110111101010100001100110100111101101011010110010101000110100111001010000000100100101010000001011100001010001001010010000100110001011110001011 
11001001010101111110011101011111111000011001111000100001010111110001100000000010001000011100101011111001111101000000110111011010011101011110001001100000011000000111100001001010010000101100111101101000100010110000001111101101011111101011011101011001100101000000100011010001100000011100111111000011100100111011001011010001001001100110100000010101000100010111010010000100010010000110000011111111011101000001001110110001111011010011110000011000100010111010010011111001011111101000100011100111100010000101111011111011 
00101101111000001000111010010000010000001011000001010110011010101110100110101011010110011110010100100001011000001000000001100010100000101110100000001101111010001011001111001011101100111010011100011001001011111011001100110111101101010110010000110010010100010100110000010011000101110011111100100110100001011100101000011101000011110011010110101010010111110010100110110011111001111101110100001100111001101111101011010101101011000001001000011001010100111100100110110101010110011001100000110101010001010110111011000101 
11011011000101001000101000010000000010010110110011100011111000010110110111000000101011010110111001100100001000110001100110101111010011100110101101101010100111011101111000101111000001011110111110101101011110011000011100000111000000000000011110101000110111011000111000111111011101010110000111100110011000100101001011100001011111110101000100010101101010110111000101100000111010111101010100001100110100111101101011010100000101000110100111001010000000100100101010000001011100001010001001010010000100010001011110001011 
10110101010111111010101101110001100000110000110011010111110010010111011011001000011111110111000100101100111111011010011010011010111101110100001110101111110000101011100101001011100010011111100111100100001001010100101111110111010111000011010111011000101000101101110011111010110000010101000110010101111101010011110011111110111111100001101101001110101111111111110010110110000011011001110110001000100001010110110111010110001011101010100111011011101000001001111000101110110100111101010101111011001110001101100111111101 
01011111001010010000010100110000101000101110001110000000000000001000000000101010001001110011001010110101010010101100000000011100001110011101010100000001100010100101111100110101001001001111100000011101000101000111101111000101001010001011111110101110011010000111011001100101010011010001111011010000000001011011110001101100000100011111110000010110110100111010010000100000100010011010010000010111100111100101000100001100101110000111001011100101001000010000010101001000101100011100100011100001011100000100110101101101 
01110001100101001011000011011011001000010010110001111111101101000000011001101000011100010111000010101010011011110111100110111001100101010001110111011010001101010100101011010110000100111000100111101001010111010010010110010111001011111010010000101100100010101000100011110101010000111101110101111111111000110111111011110010101110000110011101100100001111001011010010001110010011111010110001010111010011111010100001111001100010101001010100011111000101101100111010000110011010001000001111001110101101101011010100010001 
10111011110111101110010101011011100010101000011010100111110111000010111110011110001111100100011100011100000001010101010110111001101001100110100110010101101010001111101101011001001011010011101111110011000110110011111011100110111100110011001110000011111100011010110001000101010101111110011000100101011110001010100110110111101111100111100011011000100000110101110000011011100110010100000101000010100110011000111111111001100000001001111000101111001011000111101001001111001110010100000001000101001101110111110101000011 
10111011110111101110011101011011100010101000011010100110110111000010111100011110001111100100011100011100000001010101010100101001101011100110100110010101101010011111001101011101001011010011101111110011000111110011111011100110111000110011001110000011111100011010100001000111010101111110011000100101011110001010100110110111101111100111110011011000100110110101110100011011000110010100000101000010100111111000111110011001100000001001111100101111001011000111100001101111000110010100000001000101101101110111110101001001 
01011110001110110000110000110010111000110110011110000000000000011001100000100010101001110011001010110101000010101100010000000001001110011001010100001001100010100101111100010101001011001111100000011101000101000111101110100101101010001011001100101110011010000111011001100101010011010001111011010000011001010011110001101100010100010101110000010110110000111010010000110100101010011010010001000111100110100101001110001100101010000111001011100101000000010000110001011001111100011100100011000001011100100101000101101001 
10110101011111111010101101110001110000110000110011010111010010010101011000001000011111111111000100101100111111011010011010011010111101110100001110101111110000101001100001001011100010010111100111000100001001010100101111111111010111100011010111011000101000100101010011011011010000000101100110010100111101010011110011111110111111100001101101000010100111001111110010100110000011010001110110001000100001010110111111010110101011101010100111011001101000001001111000101110110100111101010101111011001110101101100111111101 
10110101010111111010101101110101110000110000110011010111010010010111011000001000011111111111000100101100110111011010011011011010111101110100001110101111110100101011100101001111000010010111100111000100001001010100001111111111010111101111010111011000100000100101110011011011010000000101100110010100111101010011110111111110111111100001111101000010110111111111110100110110000011000001110110101001101101010110110111010110101011101010101111010001111100001000111000101110010100111101110001111011001110101101110111111101 
01011111001010110000010100100010101010110110011010000010000000001000100000100010101001110011001010110101010010101100010000010001001111011001010100000001100010100101011100110101000001001111100000011001000101000111101110100101101010001011111000101100011010000111001001100000010001011001111011010000000001011011110001101100000100010111100000010110110000111010010000010000001010011010010001000111100110100101000100011101100010100111001011100101000000010000010101011000111100011100100011100101011100100100100001100001 
01100001111001000100101001000101000100011100010110011001001100011010000111000110111010100101101101110001100111000101001001111111111110110011001100101000011011001100100000000110111011010010010101011101110010111100101000101110110000111011100001100111001101110001011011111111000010111101110011100111111001011010111010001110110101011001011011001000100101000000101100011001110110000111011010010110111011001100111001011101001111010010101101111111101110110000001101000011111010101000100101010010101000001001101110101001 
11111000010110010100100110111000101011010011011010000010110001010011111001110010000001010110011101110101001010111101101011000000000111100101010010110011000101010110000000110111100001111110100101101101011100100000011111001111011110111000110100100010001010010111000001100001010010000101010010100000010101100010001110111110111000101001111000011101101100110100000100111010111001010100111101101101110111111001101110101110011000101111111000111011010001100110000111001100010000101101100010001101111001010110000000111011 
