00110101110111101101010100010001110111000011111110001110011000100001001011011010111101001011111011110100001110110010100101011011011010111110001110111110101110011010100011001111000111110101001100011011000001111111110010001001001001111010000101101110011010010111111111010011111101100001111110101000110111111000101101001000001110001100111011100111001010110100010010100011011100100111011000011001011111111101011111111001110011000111110100111001000001011110001001110110011111111101011001100001011011001100111101100111 
00011110011000100000000010010010000010101000011010000010111101000000101011001111000001001100110100001001101010111011010000001100011011110110110011110011100000000010000001111010100011110100010010001111000100100001111010000100011100100010010110111000010010101111011001101001000010101000111001101011000010110111100000101101100001001000101101010110110001100110101110111001000001000001000100111000111011110001010000011000100000001000000110000010001000110000011010011010001010001111001111101001110011110011000000000001 
00110101110111101101010100010001110111000011111110001110011000100001001011011010111101001011111011110100001110110010100101011011011010111110001110111110101110011010100011001111000111110101001100011011000001111111110010001001001001111010000101101110011010010111111111010011111101100001111110101000110111111000101101001000001110001100111011100111001010110100010010100011011100100111011000011001011111111101011111111001110011000111110100111001000001011110001001110110011111111101011001100001011011001100111101100111 
00011110011000100000000010010010000010101000011010000010111101000000101011001111000001001100110100001001101010111011010000001100011011110110110011110011100000000010000001111010100011110100010010001111000100100001111010000100011100100010010110111000010010101111011001101001000010101000111001101011000010110111100000101101100001001000101101010110110001100110101110111001000001000001000100111000111011110001010000011000100000001000000110000010001000110000011010011010001010001111001111101001110011110011000000000001 
00110101110000101010000011110010100010101000011010000010111101000000101011001111000001001100110100001001101010111011010000001100011011110110110011110011100000000010000001111010100010101100010111010100000100100001111010000100011001111010000101101110011010010111111111010011111101100001111110101000110111110000000110001001000011001001100100100111100011111010110110100100110011100001100100010001111100011000001001011111000110101000000110000010000011111010110001011010001101000111001111101001110011110111101111011111 
00110101110111101101010100010001110111000011111110001110011000100001001011011010111101001011111011110100001110110010100101011011011010111110001110111110101110011010100011001000110110010100011101111101000011100011010011000010101110011110110000111001001101101010000110011000101100010100100101011010001011100011110000101101100001001000101101010110110001100110101110111001000001000001000100101100100101011111111001100011110010110101111000110101110111100100011010011010001010001111001111111000111110111011101001100011 
00011110011000101101010100010001110111000011111110001110011000100001001011011010111101001011111011110100001110110010100101011011011010111110001110111110101110011010000001111000110110010100011101111101000011100011010011000010101110011110110000111001001101101010000110011000101100010100100101011010001011100011110100101101001111010010011001100010101111110011010101111001101001100001000100101100100101011111111001100011110010110101111000110101110111100100010101000000010011101110110010011101100100110011110000000001 
10010111111000101010000011110010100010101000011010000010111101000000101011001111000001001100110100001001101010111011010000001100011011110110110011110011100000000010000001111010100010101100010111010100000100100001111010000100011100100010010110111000010010101111011001111000101100010100100101011010001011100011110100101101001111010010011001100010100000110100100110001011011010000010111111101100100101011111111001100011110010110101111000110101110111100100011010011010001010001111001111111000111110111011101001100011 
10010111111000101010000011110010100010101000011010000010111101000000101011001111000001001100110100001001101010111011010000001100011011110110110011110011100000000010000001111010100011110100010010001111000100100001111010000100011100100010010110111000010010101111011001101001000010101000111001101011000010110111100000101101100001001000101101010110110001100110101110111001000001000001000100111000111011110001010000011000100000001000000110000010000011111010110001011010001101000111001111101001110011110111101111011111 
00011110011000100000000010010010000010101000011010000010111101000000101011001111000001001100110100001001101010111011010000001100011011110110110011110011100000000010000001111010100011110100010010001111000011110011001001111000010011101111011101100011010010010110110011111101000100101101011000111001100000100000000110001001000011001001100100100111100011111010110110100100110011100001100100010001111100011000010110010100001100000010111110001010011111111001011111011000110101100110010110100011010000010001101010010101 
00110101110111101101010100010001110111000011111110001110011000100001001011011010111101001011111011110100001110110010100101011011011010111110001110111110101110011010100011001111000111110101001100011011000001111111110010001001001001111010000101101110011010010111111111010011111101100001111110101000110111111000101101001000001110001100111011100111001010110100010010100011011100100111011000011001100101011111111001100011110010110101111000110101110111100100011010011010001010001111001111111000111110111011101001100011 
00110101110111101101010100110010110111000011111110001110011000100001001011011010111101001011111011110100001110110010100101011011011010111110001110111110101110011010100011001000110110010100011101111101000011100011010011000010101110011110110000111001001101101010000110011000101100010100100101011010001011100011110100101101001111010010011001100010101111110011010101111001101001100001000100101100100101011111111001100011110010110101111000110101110111100100010101000000010011101110110010011101100100110011111111011111 
00011110011000101101010100010001110111000011111110001110011000100001001011011010111101001011111011110100001110110010100101011011011010111110001110111110101110011010000001111010100011110100010010001111000011110001111010000100011001111010000101101110011010010111111111010011111101100001111110101000110111111000101101001000001110001100111011100111001010110111010101111001101001100000010100001100011110010001101001011111000110101000110100000010111000010000011010011010001001100110010110100011010000010010101101010111 
00011110011000100000000010010010000010101000011010000010111101000000101011001111000001001100110100001001101010111011010000001100011011110110110011110011100000000010000001111010100011110100010010001111000100100001111010000100011100100010010110111000010010101111011001101001000010101000111001101011000010110111100000101101100001001000101101010110110001100110101110111001000001000001000100111000111011110001010000011000100010001001100011101000111110110111011111000000010010111001101101001000100001000110000000000001 
10010111111000101010000010010010000010101000011010000010111101000000101011001111000001001100110100001001101010111011010000001100011011110110110011110011100000000010000001111010100011110100010010001111000100100001111010000100011100100010010110111000010010101111011001101001000010101000111001101011000010110111100000101101100001001000101101010110110001100110101110111001000001000001000100111000111011110001010000011000100010001001100011101000111110110111011111000000010010111001101101001000100001000110000000000001 
10010111111000101010000011110010100010101000011010000010111101000000101011011010111101001011111011110100001110110010100101011011011010111110001110111111100000000010000001111010100011110100010010001111000100100001111010000100011100100010010110111000010010101111011001101001000010101000111001101011000010110000000110001001000011001001100100100111100011111010110110100100110011100001100100010001111100011000010110010100001100000010111110001010011111111001011111011000110101100110010110100011010000010001101010010101 
00011110011000100000000010010010000010101000011010000010111101000000101011001111000001001100110100001001101010111011010000001100011011110110110011110011100000000010000001111010100011110100010010001111000100100001111010000100011100100010010110111000010010101111011001101001000010101000111001101011000010110111100000101101100001001000101101010110110001100110101110111001000001000001000100111000111011110001010000011000100010001001100011101000111110110111011111000000010010111001101101001000100001000110000000000001 
00110101110111101101010100010001110111000011111110001110011000100001001011011010111101001011111011110100001110110010100101011011011010111110001110111110101110011010100011001111000111110101001100011011000001111111110010001001001001111010000101101110011010010111111111010011111101100001111110101000110111111000101101001000001110001100111011100111001010110100010010100011011100100111011000011001100101011111111001100011110010110101111000110101110111100100011010011010001010001111001111111000111110111011101001100011 
10010111111000101010000011110010100010101000011010000010111101000000101011011010111101001011111011110100001110110010100101011011011010111110001110111111100000000010000001111010100011110100010010001111000100100001111010000100011100100010010110111000010010010111111111010011111101100001111110101000110111111000101101001000001110001100111011100111001010110100010010100011011100100111011000011001011111111101011111111001110011000111110100111001000001011110001001110110011111111101011001100001011011001100111101100111 
00110101110111101101010100010001110111000011111110001110011000100001001011011010111101001011111011110100001110110010100101011011011010111110001110111110101110011010100011001111000111110101001100011011000001111111110010001001001001111010000101101110011010010111111111010011111101100001111110101000110111111000101101001000001110001100111011100111001010110100010010100011011100100111011000011001011111111101011111111001110011000111110100111001000001011110011010011010001001100110010110100011010000010001101010010101 
10010111111000101010000011110010100010101000011010000010111101000000101011011010111101001011111011110100001110110010100101011011011010111110001110111111100000000010000001111010100011110100010010001111000100100001111010000100011100100010010110111000010010101111011001101001000010101000111001101011000010110111100000101101100001001000101101010110110001100110101110111001000001000001000100101100100101011111111001100011110010110101111000110101110111100100011010011010001010001111001111111000111110111011101001100011 
10010111111000101010000011110010100010101000011010000010111101000000101011001111000001001100110100001001101010111011010000001100011011110110110011110011100000000010100011001000110110010100011101111101000011100011010011000010101110011110110000111001001101101010000110011000101100010100100101001011000010110111100000101101100001001000101101010110110001100110101110111001000001000001000100111000111011110001010000011000100000001000000110000010000011111010110001011010001101000111001111101001110011110111101111011111 
00110101110111101101010100010001110111000011111110001110011000100001001011011010111101001011111011110100001110110010100101101101001010011101001101111110001101111000011011000001011100011111101111011011110111010011011010100000000110111110000101010110110100111110001000001101101000101011100001111111101101001100111011000111010101100011000101101101000000110100100110001011011010000010111111101100100101011111111001100011110010110101111000110101110111100100011010011010001010001111001111101001110011110111101111011111 
00110101110111101101010100010001110111000011111110001110011000100001001011011010111101001011111011110100001110110010100101101101001010011101001101111110001101111000011011000001011100011111101111011011110111010011011010100000000110111110000101010110110100111110001000001101101000101011100001111111101101001100111011000111010101100011000101101101000000110100100110001011011010000010111111101100100101011111111001100011110010110101111000110101110111100100011010011010001010001111001111101001110011110111101111011111 
10010111111000101010000011110010100010101000011010000010111101000000101011011010111101001011111011110100001110110010100101011011011010111110001110111111100000000010000001111010100011110100010010001111000100100001111010000100011100100010010110111000010010101111011001101001000010101000111001101011000010110111100000101101100001001000101101010110110001100110101110111001000001000001000100101100100101011111111001100011110010110101111000110101110111100100011010011010001010001111001111111000111110111011101001100011 
10010111111000101010000011110010100010101000011010000010111101000000101011011010111101001011111011110100001110110010100101011011011010111110001110111111100000000010000001111010100011110100010010001111000100100001111010000100011100100010010110111000010010101111011001101001000010101000111001101011000010110111100000101101100001001000101101010110110001100110101110111001000001000001000100111000111011110001010000011000100010001001100011101000111110110000011010011010001001100110010110100011010000010001101010010101 
00110101110111101101010100110001110111000011111110001110011000100001001011011010111101001011111011110100001110110010100101101101001010011101001101111110001101111000011011000001011100011111101111011011110111010011011010100000000110111110000101010110110100111110001000001101101000101011100001111111101101001100111011000111010101100011000101101101000000110100100110001011011010000010111111101100100101011111111001100011110010110101111000110101110111100100011010011010001010001111001111111000111110111011101001100011 
00110101110111101101010100010001110111000011111110001110111101000000101011001111000001001100110100001001101010111011010000001100011011110110110011110011100000000010000001111010100011110100010010001111000100100001111010000100011100100010010110111000010010101111011001101001000010101000111001101011000010110111100000101101100001001000101101010110110001100110101110111001000001000001000100111000111011110001010000011000100000001000000110000010001000110000011010011010001010001111001111101001110011110011000000000001 
00011110011000100000000010010010000010101000011010000010111101000000101011001111000001001100110100001001101010111011010000001100011011110110110011110011100000000010000001111010100011110100010010001111000100100001111010000100011100100010010110111000010010101111011001101001000010101000111001101011000010110111100000101101100001001000101101010110101010110111010101111001101001100000010100001100011110010001101001011111000110101000110100000010111000010000011010011010001001100110010110100011010000010010101101010111 
10010111111000101010000011110010100010101000011010000010111101000000101011001111000001001100110100001001101010111011010000001100011011110110110011110011100000000010000001111010100010101100010111010100000100100001111010000100011100100010010110111000010010101111011001101101101000101011100001111111101101001100111011000111010101100011000101101101000000110100100110001011011010000010111111101100100101011111111001100011110010110101111000110101110111100100011010011010001010001111001111111000111110010001101010010101 
00110101110111101101010100010001110111000011111110001110011000100001001011011010111101001011111011110100001110110010100101011011011010111110001110110011100000000010000001111010100011110100010010001111000100100001111010000100011100100010010110111000010010101111011001101001000010101000111001101011000010110111100000101101100001001000101101010110110001100110101110111001000001000001000100111000111011110001010000011011110010110101111000110101110111100100011010011010001010001111001111111000111110111011101001100011 
10010111111000101010000011110010100010101000011010000010111101000000101011001111000001001100110100001001101010111011010000001100011011110110110011110011100000000010000001111010100010101100010111010100000100100001111010000100011001111010000101101110011010010111111111010011111101100001111110101000110111111000101101001000001110001100111011100111001010110111010101111001101001100000010100001100011110010001101001011111000110101000110100000010111000010000011010011010001001100110010110100011010000010010101101010111 
10011110011000100000000010010010000010101000011010000010111101000000101011001111000001001100110100001001101010111011010000001100011011110110110011110011100000000010000001111010100011110100010010001111000100100001111010000100011100100010010110111000010010101111011001101001000010101000111001101011000010110111100000101101100001001000101101010110110001100110101110111001000001000001000100111000111011110001010000011000100010001001100011101000111110110000011010011010001001100110010110100011010000010001101010010101 
10010111111000101010000011110010100010101000011010000010111101000000101011001111000001001100110100001001101010111011010000001100011011110110110011110011100000000010000001111010100010101100010111010100000100100001111010000100011001111010000101101110011010010111111111010011111101100001111110101000110111111000101101001000001110001100111011100111010001100110101110111001000001000001000100111000111011110001010000011000100000001000000110000010001000110000011010011010001010001111001111101001110011110011000000000001 
10011110011000100000000010010010000010101000011010000010111101000000101011001111000001001100110100001001101010111011010000001100011011110110110011110011100000000010000001111010100011110100010010001111000100100001111010000100011100100010010110111000010010101111011001101001000010101000111001101011000010110111100000101101100001001000101101010110110001100110101110111001000001000001000100111000111011110001010000011000100000001000000110000010001000110000011010011010001010001111001111101001110011110011000000000001 
10010111111000101010000011110010100010101000011010000010111101000000101011001111000001001100110100001001101010111011010000001100011011110110110011110011100000000010000001111010100010101100010111010100000100100001111010000100011001111010000101101110011010010111111111010011111101100001111110101000110111111000101101001000001110001100111011100111001010110111010101111001101001100000010100001100011110010001101001011111000110101000110100000010111000010000011010011010001001100110010110100011010000010010101101010111 
10010111111000101010000011110010100010101000011010000010111101000000101011001111000001001100110100001001101010111011010000001100011011110110110011110011100000000010000001111010100010101100010111010100000100100001111010000100011001111010000110111000010010101111011001101001000010101000111001101011000010110111100000101101100001001000101101010110110001100110101110111001000001000001000100111000111011110001010000011000100000001000000110000010001000110000011010011010001010001111001111101001110011110011000000000001 
00110101110111101101010100110001110111000011111110001110011000100001001011011010111101001011111011110100001110110010100101101101001010011101001101111110001101111000011011000001011100011111101111011011110111010011011010100000000110111110000101010110110100111110001000001101101000101011100001111111101101001100111011000111010101100011000101101101000000110100100110001011011010000010111111101100100101011111111001100011110010110101111000110101110111100100011010011010001010001111001111111000111110111011101001100011 
10010111111000101010000011110010100010101000011010000010111101000000101011001111000001001100110100001001101010111011010000001100011011110110110011110011100000000010000001111010100010101100010111010100000100100001111010000100011100100010010110111000010010101111011001101101101000101011100001111111101101001100111011000111010101100011000101101101000000110100100110001011011010000010111111101100100101011111111001100011110010110101111000110101110111100100011010011010001010001111001111111000111110010001101010010101 
10011110011000100000000010010010000010101000011010000010111101000000101011001111000001001100110100001001101010111011010000001100011011110110110011110011100000000010000001111010100011110100010010001111000100100001111010000100011100100010010110111000010010101111011001101001000010101000111001101011000010110111100000101101100001001000101101010110110001100110101110111001000001000001000100111000111011110001010000011000100000001000000110000010001000110000011010011010001010001111001111101001110011110011000000000001 
10010111111000101010000011110010100010101000011010000010111101000000101011011010111101001011111011110100001110110010100101011011011010111110001110111111100000000010000001111010100011110100010010001111000100100001111010000100011100100010010110111000010010101111011001101001000010101000111001101011000010110111100000101101100001000011000101101101000000110100100110001011011010000010111111101100100101011111111001100011110010110101111000110101110111100100011010011010001010001111001111101001110011110111101111011111 
00110101110111101101010100010001110111000011111110001110011000100001001011011010111101001011111011110100001110110010100101011011011010111110001110110011100000000010000001111010100011110100010010001111000100100001111010000100011100100010010110111000010010101111011001101001000010101000111001101011000010110111100000101101100001001000101101010110110001100110101110111001000001000001000100111000111011110001010000011011110010110101111000110101110111100100011010011010001010001111001111111000111110111011101001100011 
00110101110111101101010100010001110111000011111110001110111101000000101011001111000001001100110100001001101010111011010000001100011011110110110011110011100000000010000001111010100011110100010010001111000100100001111010000100011100100010010110111000010010101111011001101001000010101000111001101011000010110111100000101101100001001000101101010110110001100110101110111001000001000001000100111000111011110001010000011000100000001000000110000010001000110000011010011010001010001111001111101001110011110011000000000001 
10010111111000101010000011110010100010101000011010000010111101000000101011001111000001001100110100001001101010111011010000001100011011110110110011110011100000000010000001111010100011110100010010001111000011110011001001111000010100100010010110111000010010101111011001101001000010101000111001101011000010110111100000101101100001001000101101010110110001100110101110111001000001000001000100111000111011110001010000011000100010001001100011101000111110110111011111000000010010111001101101001000100001000110000000000001 
10010111111000101010000010010010000010101000011010000010111101000000101011001111000001001100110100001001101010111011010000001100011011110110110011110011100000000010000001111010100011110100010010001111000100100001111010000100011100100010010110111000010010101111011001101001000010101000111001101011000010110111100000101101100001001000101101010110110001100110101110111001000001000001000100111000111011110001010000011000100010001001100011101000111110110111011111000000010010111001101101001000100001000110001101100111 
00011110011000100000000010010010000010101000011010000010111101000000101011001111000001001100110100001001101010111011010000001100011011110110110011110011100000000010000001111010100011110100010010001111000100100001111010000100011100100010010110111000010010101111011001101001000010101000111001101011000010110111100000101101100001001000101101010110101010110111010101111001101001100000010100001100011110010001101001011111000110101000110100000010111000010000011010011010001001100110010110100011010000010010101101010111 
00110101110111101101010100010001110111000011111110001110011000100001001011011010111101001011111011110100001110110010100101101101001010011101001101111110001101111000011011000001011100011111101111011011110111010011011010100000000110111110000101010110110100111110001000001101101000101011100001111111101101001100111011000111010101100011000101101101000000110100100110001011011010000010111111101100100101011111111001100011110010110101111000110101110111100100011010011010001010001111001111111000111110010001101010010101 
00110101110111101101010100010010100010101000011010000010111101000000101011001111000001001100110100001001101010111011010000001100011011110110110011110011100000000010000001111010100011110100010010001111000011110011001001111000010011101111011101100011010010010110110011111101000100101101011000111001100000100000000110001001000011001001100100100111100011111010110110100100110011100001100100010001111100011000010110010100001100000010111110001010011111111001011111011000110101100110010110100011010000010001101010010101 
00110101110111100000000011110010100010101000011010000010111101000000101011001111000001001100110100001001101010111011010000001100011011110110110011110011100000000010000001111010100011110100010010001111000011110011001001111000010100100010010110111000010010101111011001101001000010101000111001101011000010110111100000101101100001001000101101010110110001100110101110111001000001000001000100111000111011110001010000011000100010001001100011101000111110110111011111000000010010111001101101001000100001000110000000000001 
00011110011000101101010100010001110111000011111110001110011000100001001011011010111101001011111011110100001110110010100101011011011010111110001110111110101110011010000001111010100011110100010010001111000011110011001001111000010011101111011101100011010010010110110011111101000100101101011000111001100000100000000110001001000011001001100100100111100011111010110110100100110011100001100100010001111100011000001001011111000110101000000110000010000011111010110001011010001101000111001111101001110011110111101111011111 
