00101000001101111101011100101110010100101110001110100000110100111111100001101110111110001000100100111100010001111011111010110011011110101011011100011100100111001100111101110010111011011101100111010111011110111110100001101100100110011011110100010001010101101101111111110101101101111011011000110101110011011100101111101001110001111110110000101000011000011101000001000001111001100010011110100110011000001110111111100100001001100101100001111111011011011010111101011011001000110111001101000111000110011110110110010010 
01100100011101010001011011000000111001000010011001000110001010001000011000110010111000000111000001000010110100010101000100001010000000101101110010101101110111110011010001110100001001100010001001110101010011001000000111111001100100110111000010010000010000010110101101000101001100001001110010101011101001011000100111110000001010100111000101110000100010001010110010011000111000101110101100101101001010010111111110001001110000101000010101001011010101011000000111110110111110001111000111111101001000000101000001100010 
00101000001101111101011100101110010100101110001110100000110100111111100001101110111110001000100100111100010001111011111010110011011110101011011100011100100111001100111101110010111011011101100111010111011110111110100001101100100110011011110100010001010101101101111111110101101101111011011000110101110011011100101111101001110001111110110000101000011000011101000001000001111001100010011110100110011000001110111111100100001001100101100001111111011011011010111101011011001000110111001101000111000110011110110110010010 
01100100011101010001011011000000111001000010011001000110001010001000011000110010111000000111000001000010110100010101000100001010000000101101110010101101110111110011010001110100001001100010001001110101010011001000000111111001100100110111000010010000010000010110101101000101001100001001110010101011101001011000100111110000001010100111000101110000100010001010110010011000111000101110101100101101001010010111111110001001110000101000010101001011010101011000000111110110111110001111000111111101001000000101000001100010 
11101011111010110111000010000101001010110101001101001110111000101111100100111110001101101111111101110110001101011000100111000010111110100011110101110000001101011011100101011011011010110010001100111011101010101010000110111110000010011110011001000111001110010010010101101101101111010110101111001011011000011011011111000110111110111010000011010000100110100000110101111000010000001011100010001111010110000110010011101101000000101100101011110000110010111101001111010111101111011101001111011010011010110110110111111000 
00010000001100101110010100000000010100101000101111110010011111101101001001001010110110111011010101101011111011011100001110010100001110110001111000110000010010001000101100111011100000010111100000010100001101010101011001100000010011100111000110100101010000100101110001010011100010101100001010100011011100010111010001010011110111101100101110010011011111000010111010101011001001000001001001000010010010000111000100111000001011101101000111110010001001001010111001001011011010001001110010000110100000001010011000110110 
00010000001100101110010100000000010100101000101111110010011111101101001001001010110110111011010101101011111011011100001110010100001110110001111000110000010010001000101100111011100000010111100000010100001101010101011001100000010011100111000110100101010000100101110001010011100010101100001010100011011100010111010001010011110111101100101110010011011111000010111010101011001001000001001001000010010010000111000100111000001011101101000111110010001001001010111001001011011010001001110010000110100000001010011000110110 
11101011111010110111000010000101001010110101001101001110111000101111100100111110001101101111111101110110001101011000100111000010111110100011110101110000001101011011100101011011011010110010001100111011101010101010000110111110000010011110011001000111001110010010010101101101101111010110101111001011011000011011011111000110111110111010000011010000100110100000110101111000010000001011100010001111010110000110010011101101000000101100101011110000110010111101001111010111101111011101001111011010011010110110110111111000 
11011011000000011100011001011000110101000011110100010110111100001101011000001111111010010111100010110011001000101000111110010011000111111000000101010101001110000010111110100110110011100001100011110011001010101011100000111110000110100011010101010100001010100110100011010010111011111101010111110011111010110000110110010101110101011000101100110101011101111011011101001011011110010110111111101100101011110110010100011100011010111101100010110001110101011110110010001111000000101001001010111110100111011111111110100111 
01011000000010111011100001001101000001100000110010000100100100011100110101000110101000100010110001100001010010110101000101110111000000011011111110010011101100111010101100010011000101101101011011000110100111000001100011110010011101100110000111100100001000100001110010111001101010100010010110110111000011000111101011001101100010001000111101011011011111100010111100010010010001110101111010100101010010101011100000100110100001010000101001100100010011011110010010111001100001111101100010010011001010000000100010110100 
11011010110110011111001011011000100110100100101000000011001100010101110011011000110000010101000100110100111000110011111010110001101001000000101110000001110100011010110101100011100010010000010110010011001100010001100100110100111111011011101110011100110010010000100100110001111101011110000000110000101100101100101101010000101001001000000001010110101000010011110111110000111001001100101011000001110010000010110010000011001011111011100011101001111010001001010011010010010001110000101001000111101101010010011011011110 
10101010111100111001001101100001000101110001001000011011101110001101010110000010100010100110100110101100110101110101000100110000100100101111011100110111101000110011111110101001101000100111110111010100101001010011111110110111100001010111101001110101001101011111100110101110101110001011110011110011000001110011000011100101110001111110110011011110111010001011011000000110011100111100100101100000101111001110010000110011010110101110011101010100001100011010111100110100011101101111101010101001100001011100000111010111 
00010101111101001000110100101001100111010111010010010011101001111011001101000000111111001110111010110100110110011101110111000011001101100000101111110010110010111110001011010011011010000100011111011100110100011100110001000100010000111111001110011011011100110010101111001110000101000100000111010110010010011100001110010011110010001111101101010101100011111100000010110010111001111101101101010111001001111001010010011110100110110000010001111000101110101100111001000000011011110111111000011100111011110011110100100010 
10101110011110110000100110101111110101110110001100011110011100000001001011011011011010100101101001011101111001100101100010000111010100110100101011001110101011010001110100110001000101111110010000111010011101010001111101011101011111101100011010111101010011100000101111111111011111111011000110011000010001011110110000100101000000101000111100000101010001111010011101000001000111100101011011100000011011101100110101010111010011011001000101100001110100000101000111100010010010011111110100100001110010101110101100000110 
10111000010001101001101011010110011100010001001000010110011001101000000100101011001100111111101110010101101011100110001001001100110101000101100001010100011011101011011011000010010000110010111111111010001010100110100110001110010011100000101011110011001010110100111010000100110110110010100010110001100100111011111010010001101011100000000011110111110100010110011011110100100001010110101101101010100011001101111111011101010110110110101100101000001110011101111001000101101001110111101011010111100101110101111111000010 
01010111101011101111001111110011100001110011110010010101100101111111011001101111011011000010000000000101010110010011101101011110010111001010001111111110110000001100110001010010110011010110010111110101001110110011000111100101101101011101000100110001111010101111110101010000101011000010011001000001111001000111000100001001001110010100001101011111111110000000001111101000010110110101100010011001100000011001000111001110110100111001100011001100001011110010110010101001111110111101010110001101101001100001100110011111 
11011010110110011111001011011000100110100100101000000011001100010101110011011000110000010101000100110100111000110011111010110001101001000000101110000001110100011010110101100011100010010000010110010011001100010001100100110100111111011011101110011100110010010000100100110001111101011110000000110000101100101100101101010000101001001000000001010110101000010011110111110000111001001100101011000001110010000010110010000011001011111011100011101001111010001001010011010010010001110000101001000111101101010010011011011110 
10101010001101011011110011100110111011111100100100110110101011011110100001100011101100011101001110001100101011101011000001101011011010000110001111010101010010111111010010100011011000101110011011111010110001111100011111100100101111100000001010001010010100111111111001011101100001101101110111000011101000111000111000011101011001000001000111110001011010000010010101000101101010010011100100001111011101111101110010011000011000010001001000000111001010111011101000000100001011000011000100100011111010010110011110100111 
10001100110000001111111011011111000010000001010011011010001101101010011010001000000101011000100100111101111111110110010001100110101101110011011100100101000100001111000011111110010000010101111011010100011111001110000111110111110011100011011000010111101001110001101100000011111000111111010111110010110010101111010000011001111011011001001111110101110111011010101000010110010110100010111010000001000110101100101111110010011100110101011000010011101000010011110011110100111100100110100110111011100001111100010011001111 
11100111000111110111011110100011111100100001110010101010110010011000110011100010000000101001110000110001100110101000101001101011110100010011100001100000111100100111010000011111001111111110111010010100001010110000010000011100111010101100110110011001101110000010100101001110110001011001111100101000110101101000111000110001010000100000000010001110011010100010101101100100100111010110001111100110001001110000010101010101000011101001011110000011000111101010100011100110001000011111000000000010110101010001000110101001 
10101010111100111001001101100001000101110001001000011011101110001101010110000010100010100110100110101100110101110101000100110000100100101111011100110111101000110011111110101001101000100111110111010100101001010011111110110111100001010111101001110101001101011111100110101110101110001011110011110011000001110011000011100101110001111110110011011110111010001011011000000110011100111100100101100000101111001110010000110011010110101110011101010100001100011010111100110100011101101111101010101001100001011100000111010111 
11011011000000011100011001011000110101000011110100010110111100001101011000001111111010010111100010110011001000101000111110010011000111111000000101010101001110000010111110100110110011100001100011110011001010101011100000111110000110100011010101010100001010100110100011010010111011111101010111110011111010110000110110010101110101011000101100110101011101111011011101001011011110010110111111101100101011110110010100011100011010111101100010110001110101011110110010001111000000101001001010111110100111011111111110100111 
10001100110000001111111011011111000010000001010011011010001101101010011010001000000101011000100100111101111111110110010001100110101101110011011100100101000100001111000011111110010000010101111011010100011111001110000111110111110011100011011000010111101001110001101100000011111000111111010111110010110010101111010000011001111011011001001111110101110111011010101000010110010110100010111010000001000110101100101111110010011100110101011000010011101000010011110011110100111100100110100110111011100001111100010011001111 
10101010001101011011110011100110111011111100100100110110101011011110100001100011101100011101001110001100101011101011000001101011011010000110001111010101010010111111010010100011011000101110011011111010110001111100011111100100101111100000001010001010010100111111111001011101100001101101110111000011101000111000111000011101011001000001000111110001011010000010010101000101101010010011100100001111011101111101110010011000011000010001001000000111001010111011101000000100001011000011000100100011111010010110011110100111 
01010111101011101111001111110011100001110011110010010101100101111111011001101111011011000010000000000101010110010011101101011110010111001010001111111110110000001100110001010010110011010110010111110101001110110011000111100101101101011101000100110001111010101111110101010000101011000010011001000001111001000111000100001001001110010100001101011111111110000000001111101000010110110101100010011001100000011001000111001110110100111001100011001100001011110010110010101001111110111101010110001101101001100001100110011111 
11100111000111110111011110100011111100100001110010101010110010011000110011100010000000101001110000110001100110101000101001101011110100010011100001100000111100100111010000011111001111111110111010010100001010110000010000011100111010101100110110011001101110000010100101001110110001011001111100101000110101101000111000110001010000100000000010001110011010100010101101100100100111010110001111100110001001110000010101010101000011101001011110000011000111101010100011100110001000011111000000000010110101010001000110101001 
00101011010001011101110010110010011001101010011000001100010010110011101111001111111110011001011000000111001100000100011100100101011011010000101101110010100101101111011001010101111110111010011010111010010100011001001000110010000001111000001110001011011110110001001101110100001111010010100110100010101001001100001001011110011011111100111100110100010110110100011011110001000100011100111100100011111011111000000110111011110010111111110000110111000010010111000110001111110010001010010100011101010111001000101011000001 
10110000000101001111101100101101111110010000001001110110001010001000001100101101001111111001100110010100100111100000110001101101010000101110110101100011011001111111110110100011111010110101111011010100111001010110101100111110010110100001011111111101001011111100101001000101110001000010110100000101001111110001110001001111111101110100001010000001110000110001100011111010111000000001010101000100000011100010010011111001100110011100111011110111011011000111100000111100010010100000011001101110000000010011000100101001 
01011011011110000111111010010001010111111010111000110011001000001000001111101001000001000101100111110101000001101000001100001100101001000111010110110100110101101000101001111110100101110110011110000110000001010110010101111000111000011011111000010101100001001111001110101000000110001111011101000001011011100000100101001010101111000111000010110101011101100101100011101001011011111110011010001000010101100101000011110010000011010111000110011001000101100101100101100000101111100000100011000011100100010000011110100101 
01110111010010001101101010011100100001011010011110000000011110011110010100100110011001110010110000111111111100000100001100101101110001000011100111010100000001110100111110110100111011011111001010001000110000010111101101011010111101001001110110100101001010000100100001100010110111110011011011111100010111010100010100011000110100101000001101011110000011000010011110011001000111001001011010101010000100001001111010110011111001100010110110001011000111110111111111011110111010000010001011111010110011010000011010101001 
11011000000001101101011100100011110000010100000101010101101100100001001000001001010100001011010010010100100001010010101001001001001111011000101101000101110110000111100000011011111011011000111000011001000111000110010110111011011010001001000101000000100011111111010110111110100100111011110011010011000011110001000111110101101101100001110010001010010111000101101011011101011010111001110001000110010011100100111111010001001000010001111001101110001010010011100001000100001000111101001000011010110100111011011001100011 
01100000110011111101011100110010010101110101000101000001011100100100001110110111101011101110010111001000111101111100100001100011010001011011101011101010000000001010100100001101000100110100011011001110100001010110101100101001011011011101110110100011101001111110110011001011101010000010001001111010100011110101011011010001111101100010000101010111000100010110001101110101010001111111001010111011101111101110011000010000010010111110000001100101100110111000001001001001110101110001000011011100100111010000100000001101 
00011111001001100011110101100100001000000100010111010010001111011110000011101011110010110010001001001110110111001110101101111111011101100010001001111001011110011100011011101000111101100110011111111111001111100101100010010110000111000100011110011110101000000001001111111001100011101011000001110011001110100110011001100010101010011001000110011001011010000100100110111110011000010110111110101010010001110001011111101111011101010010010111010011101010100101011100101000011100011010010011011111011001111111111011111001 
01100000110011111101011100110010010101110101000101000001011100100100001110110111101011101110010111001000111101111100100001100011010001011011101011101010000000001010100100001101000100110100011011001110100001010110101100101001011011011101110110100011101001111110110011001011101010000010001001111010100011110101011011010001111101100010000101010111000100010110001101110101010001111111001010111011101111101110011000010000010010111110000001100101100110111000001001001001110101110001000011011100100111010000100000001101 
10110000000101001111101100101101111110010000001001110110001010001000001100101101001111111001100110010100100111100000110001101101010000101110110101100011011001111111110110100011111010110101111011010100111001010110101100111110010110100001011111111101001011111100101001000101110001000010110100000101001111110001110001001111111101110100001010000001110000110001100011111010111000000001010101000100000011100010010011111001100110011100111011110111011011000111100000111100010010100000011001101110000000010011000100101001 
01011011011110000111111010010001010111111010111000110011001000001000001111101001000001000101100111110101000001101000001100001100101001000111010110110100110101101000101001111110100101110110011110000110000001010110010101111000111000011011111000010101100001001111001110101000000110001111011101000001011011100000100101001010101111000111000010110101011101100101100011101001011011111110011010001000010101100101000011110010000011010111000110011001000101100101100101100000101111100000100011000011100100010000011110100101 
01100010110001101100100111011100011001000011010110110001001001000101111010011010111110011111110010010011100101110110010110111000000101101001000100011100011001011010100000011001010111011111110101101110110001100100001101110011011110110001110111001101001111110111011111010110010101101000100001111111111001111000100010010110111011001000011001000011011101001011100100101101011001101110101110110111101011110111101011101000100000000000110100011110001100100010110111001000100001000101010100001101110011111000011111010011 
11011000000001101101011100100011110000010100000101010101101100100001001000001001010100001011010010010100100001010010101001001001001111011000101101000101110110000111100000011011111011011000111000011001000111000110010110111011011010001001000101000000100011111111010110111110100100111011110011010011000011110001000111110101101101100001110010001010010111000101101011011101011010111001110001000110010011100100111111010001001000010001111001101110001010010011100001000100001000111101001000011010110100111011011001100011 
10111000010001101001101011010110011100010001001000010110011001101000000100101011001100111111101110010101101011100110001001001100110101000101100001010100011011101011011011000010010000110010111111111010001010100110100110001110010011100000101011110011001010110100111010000100110110110010100010110001100100111011111010010001101011100000000011110111110100010110011011110100100001010110101101101010100011001101111111011101010110110110101100101000001110011101111001000101101001110111101011010111100101110101111111000010 
01011000000010111011100001001101000001100000110010000100100100011100110101000110101000100010110001100001010010110101000101110111000000011011111110010011101100111010101100010011000101101101011011000110100111000001100011110010011101100110000111100100001000100001110010111001101010100010010110110111000011000111101011001101100010001000111101011011011111100010111100010010010001110101111010100101010010101011100000100110100001010000101001100100010011011110010010111001100001111101100010010011001010000000100010110100 
10101110011110110000100110101111110101110110001100011110011100000001001011011011011010100101101001011101111001100101100010000111010100110100101011001110101011010001110100110001000101111110010000111010011101010001111101011101011111101100011010111101010011100000101111111111011111111011000110011000010001011110110000100101000000101000111100000101010001111010011101000001000111100101011011100000011011101100110101010111010011011001000101100001110100000101000111100010010010011111110100100001110010101110101100000110 
00101011010001011101110010110010011001101010011000001100010010110011101111001111111110011001011000000111001100000100011100100101011011010000101101110010100101101111011001010101111110111010011010111010010100011001001000110010000001111000001110001011011110110001001101110100001111010010100110100010101001001100001001011110011011111100111100110100010110110100011011110001000100011100111100100011111011111000000110111011110010111111110000110111000010010111000110001111110010001010010100011101010111001000101011000001 
00011111001001100011110101100100001000000100010111010010001111011110000011101011110010110010001001001110110111001110101101111111011101100010001001111001011110011100011011101000111101100110011111111111001111100101100010010110000111000100011110011110101000000001001111111001100011101011000001110011001110100110011001100010101010011001000110011001011010000100100110111110011000010110111110101010010001110001011111101111011101010010010111010011101010100101011100101000011100011010010011011111011001111111111011111001 
01110111010010001101101010011100100001011010011110000000011110011110010100100110011001110010110000111111111100000100001100101101110001000011100111010100000001110100111110110100111011011111001010001000110000010111101101011010111101001001110110100101001010000100100001100010110111110011011011111100010111010100010100011000110100101000001101011110000011000010011110011001000111001001011010101010000100001001111010110011111001100010110110001011000111110111111111011110111010000010001011111010110011010000011010101001 
01100010110001101100100111011100011001000011010110110001001001000101111010011010111110011111110010010011100101110110010110111000000101101001000100011100011001011010100000011001010111011111110101101110110001100100001101110011011110110001110111001101001111110111011111010110010101101000100001111111111001111000100010010110111011001000011001000011011101001011100100101101011001101110101110110111101011110111101011101000100000000000110100011110001100100010110111001000100001000101010100001101110011111000011111010011 
01010011111101100111101011001110000110111011000100110000010001010110001111111011110101110111110000000101010011110101010001100011000110100111010111100000101111010101110001001100101000101100011101100000010010001011101111100110110011111101100010011100000001110001111010100000110000111101110100001010001111011110110000001001011111101101001010110100100111100101101010100011001101010000000001110010000000000100000100101101010010010000101010111001111111100111100010110100110001111101001011100011010001100101000001110011 
11111111011010001000011011001111000011010001000000010010111101001010011100000100011111000000001010111111101001001001111110001000001010010010001000001000010101000101100110101110001101101001001101010100111000101011001110011111010011001011100100100101001001001100001001101000110110001001110001100001101110101000100100100010011000000011110100010110101000000010011001101010110110001110010101101011001110010010111000100000001111010100010110010000111110000110100011111100101011101110101101001110101100110010101111110111 
10010111011111010011000101111100110100010011110101011000010000101110010101000100011000110000000001001100110100100110111100011001011101100010100101111100110111010111100100110101100010011001001011101100001001010110101100001111000000110111110101111001100110101000110001100100101100001010110110111100000001101100000010000001100001011000111011000111011001101111000100100100110010100110100000001100110010010111000010111101010110101000011011001000100001010110101001011111111110000110111010100010000101111001100101100011 
00101010010100000100101100110101011111000101110101100000100111110100111111010100110011111001011010101010000011011000111000010100101101000010000110011101011010101111111111110110010111011010000110011010001111110101111101100111010000000001000101000111110010011000011101001000110100101100000000010011010100110101000101010001000111111100101011101110100010101101110000011101010110110001100010111100011010101110110001010001010110001000110101001000101010010110111101001000011000110100100001010000011010110101110000111111 
00111010010111010000101010000100101100111111001110001010111000001010100101010111100100010010100111010111010110110011000000100101101000110100001111110110100011100010110011000011001100101100001101010110010101110100100101111110010001111000110101111010011010000011111101000110011010000101101101101010110010100101101100111111111111101010010101101010010001001000010001101000011101100000110110110101110011000111011111111100010011001010011000001000011000100101111011000001000011100010000011101101011000110110101111111101 
01110000101110010110110000000100010101111000111111111110001001101000001011101111100011001000100100000110101100110100000101010001100100011001101100011100011011111000001110101110100011111101010010101011010010000011101010010001001010110001001011000101001111111100010001101000110101100000001101101111111101010101110010100100110001100010100111010111010101111011111000001001110101010010100010111101001011110100110000001110100000111111110000000011110101010101010000101110101000000100110100110001100011110110011111110011 
01000101011110010001110001001011111000011010000110101011110110000111101010101000011101100000010010111110110010011000101010000100110100100110111011111011101110101000001010101110101011011011001000100111110001010010000010011100010011001110001010001101101001000111000100001000110000100110001110010110101101111001010101100100011010100010010000111111100010010000000010011111111101000011111100000011101110011100001111101001010111010011011001001001010010000010100000010111100111101011110111100110110000101101011000001101 
01011001001100001010001100111010011011001011010100011011100011111010000110101011111000101000000111101111100111010010010000011111110100000100010100001101011001000111100011000100111101110101010001110111001100111101000100111101110111010111011011100111100000011000110100000111000101111011000001110000111001110010111110111100111001000011011110001000111000100100001111000110000010110001011010101010101111101000100111111000110010111000100000010011010000110110010000011000100010101001000000111100001001000011101010111111 
00010010001000110001100011111100110001101000100111100110100111000001001000100100100111000111011011110011101101110110001100000100101010000001011000110110000101010101000010110001100001100000100101000110100111110011111101100001010110110010111000110001100001110101101000110001000011001011100010111000000111001001101110110101000111101111010101101010111111111011010100100010110110111010100001000100110010101111011011100011011000010110100000001110010110001110110110110001110101101111100111000100110100000000101111001101 
01111000000000000010101110100111011001111101111000111011001000100001010001011001000111011011010100001000011110001010000010000001000100111101011001011010111010000111101110011100000110011001001110101001111101101101110100010101101010110011111100010100101000001100100111111111011101101101110110001111101101001001100110100101000111101010101110010000110010001111100001101011000000010110000100110001100001100001001011110000001110010100010000000111100111100110101000111110101011011000001001110100101011110010100110100111 
11111110101010100101110111010001010111011000001010000110001010100100000001011010110001001111001000101000010010010111100100011011111110010010110100111110110111011011101010111000010101000101101111110010000011101001111110101010100110101111011100011110011100001001000000000111000010101011001010100001000010111111100100001100110100100110011110001110011000011101000011011101101110001010000001101000100110010100101010010111000110000111010010010010001001101111100101001011001111000011011011010001000010001100100110000101 
00010101111101001000110100101001100111010111010010010011101001111011001101000000111111001110111010110100110110011101110111000011001101100000101111110010110010111110001011010011011010000100011111011100110100011100110001000100010000111111001110011011011100110010101111001110000101000100000111010110010010011100001110010011110010001111101101010101100011111100000010110010111001111101101101010111001001111001010010011110100110110000010001111000101110101100111001000000011011110111111000011100111011110011110100100010 
01011001001100001010001100111010011011001011010100011011100011111010000110101011111000101000000111101111100111010010010000011111110100000100010100001101011001000111100011000100111101110101010001110111001100111101000100111101110111010111011011100111100000011000110100000111000101111011000001110000111001110010111110111100111001000011011110001000111000100100001111000110000010110001011010101010101111101000100111111000110010111000100000010011010000110110010000011000100010101001000000111100001001000011101010111111 
01111000000000000010101110100111011001111101111000111011001000100001010001011001000111011011010100001000011110001010000010000001000100111101011001011010111010000111101110011100000110011001001110101001111101101101110100010101101010110011111100010100101000001100100111111111011101101101110110001111101101001001100110100101000111101010101110010000110010001111100001101011000000010110000100110001100001100001001011110000001110010100010000000111100111100110101000111110101011011000001001110100101011110010100110100111 
01110000101110010110110000000100010101111000111111111110001001101000001011101111100011001000100100000110101100110100000101010001100100011001101100011100011011111000001110101110100011111101010010101011010010000011101010010001001010110001001011000101001111111100010001101000110101100000001101101111111101010101110010100100110001100010100111010111010101111011111000001001110101010010100010111101001011110100110000001110100000111111110000000011110101010101010000101110101000000100110100110001100011110110011111110011 
00010010001000110001100011111100110001101000100111100110100111000001001000100100100111000111011011110011101101110110001100000100101010000001011000110110000101010101000010110001100001100000100101000110100111110011111101100001010110110010111000110001100001110101101000110001000011001011100010111000000111001001101110110101000111101111010101101010111111111011010100100010110110111010100001000100110010101111011011100011011000010110100000001110010110001110110110110001110101101111100111000100110100000000101111001101 
00111010010111010000101010000100101100111111001110001010111000001010100101010111100100010010100111010111010110110011000000100101101000110100001111110110100011100010110011000011001100101100001101010110010101110100100101111110010001111000110101111010011010000011111101000110011010000101101101101010110010100101101100111111111111101010010101101010010001001000010001101000011101100000110110110101110011000111011111111100010011001010011000001000011000100101111011000001000011100010000011101101011000110110101111111101 
01010011111101100111101011001110000110111011000100110000010001010110001111111011110101110111110000000101010011110101010001100011000110100111010111100000101111010101110001001100101000101100011101100000010010001011101111100110110011111101100010011100000001110001111010100000110000111101110100001010001111011110110000001001011111101101001010110100100111100101101010100011001101010000000001110010000000000100000100101101010010010000101010111001111111100111100010110100110001111101001011100011010001100101000001110011 
00101010010100000100101100110101011111000101110101100000100111110100111111010100110011111001011010101010000011011000111000010100101101000010000110011101011010101111111111110110010111011010000110011010001111110101111101100111010000000001000101000111110010011000011101001000110100101100000000010011010100110101000101010001000111111100101011101110100010101101110000011101010110110001100010111100011010101110110001010001010110001000110101001000101010010110111101001000011000110100100001010000011010110101110000111111 
11111111011010001000011011001111000011010001000000010010111101001010011100000100011111000000001010111111101001001001111110001000001010010010001000001000010101000101100110101110001101101001001101010100111000101011001110011111010011001011100100100101001001001100001001101000110110001001110001100001101110101000100100100010011000000011110100010110101000000010011001101010110110001110010101101011001110010010111000100000001111010100010110010000111110000110100011111100101011101110101101001110101100110010101111110111 
01000101011110010001110001001011111000011010000110101011110110000111101010101000011101100000010010111110110010011000101010000100110100100110111011111011101110101000001010101110101011011011001000100111110001010010000010011100010011001110001010001101101001000111000100001000110000100110001110010110101101111001010101100100011010100010010000111111100010010000000010011111111101000011111100000011101110011100001111101001010111010011011001001001010010000010100000010111100111101011110111100110110000101101011000001101 
11111110101010100101110111010001010111011000001010000110001010100100000001011010110001001111001000101000010010010111100100011011111110010010110100111110110111011011101010111000010101000101101111110010000011101001111110101010100110101111011100011110011100001001000000000111000010101011001010100001000010111111100100001100110100100110011110001110011000011101000011011101101110001010000001101000100110010100101010010111000110000111010010010010001001101111100101001011001111000011011011010001000010001100100110000101 
10010111011111010011000101111100110100010011110101011000010000101110010101000100011000110000000001001100110100100110111100011001011101100010100101111100110111010111100100110101100010011001001011101100001001010110101100001111000000110111110101111001100110101000110001100100101100001010110110111100000001101100000010000001100001011000111011000111011001101111000100100100110010100110100000001100110010010111000010111101010110101000011011001000100001010110101001011111111110000110111010100010000101111001100101100011 
00101000001101111101011100101110010100101110001110100000110100111111100001101110111110001000100100111100010001111011111010110011011110101011011100011100100111001100111101110010111011011101100111010111011110111110100001101100100110011011110100010001010101101101111111110101101101111011011000110101110011011100101111101001110001111110110000101000011000011101000001000001111001100010011110100110011000001110111111100100001001100101100001111111011011011010111101011011001000110111001101000111000110011110110110010010 
01100100011101010001011011000000111001000010011001000110001010001000011000110010111000000111000001000010110100010101000100001010000000101101110010101101110111110011010001110100001001100010001001110101010011001000000111111001100100110111000010010000010000010110101101000101001100001001110010101011101001011000100111110000001010100111000101110000100010001010110010011000111000101110101100101101001010010111111110001001110000101000010101001011010101011000000111110110111110001111000111111101001000000101000001100010 
00010000001100101110010100000000010100101000101111110010011111101101001001001010110110111011010101101011111011011100001110010100001110110001111000110000010010001000101100111011100000010111100000010100001101010101011001100000010011100111000110100101010000100101110001010011100010101100001010100011011100010111010001010011110111101100101110010011011111000010111010101011001001000001001001000010010010000111000100111000001011101101000111110010001001001010111001001011011010001001110010000110100000001010011000110110 
11101011111010110111000010000101001010110101001101001110111000101111100100111110001101101111111101110110001101011000100111000010111110100011110101110000001101011011100101011011011010110010001100111011101010101010000110111110000010011110011001000111001110010010010101101101101111010110101111001011011000011011011111000110111110111010000011010000100110100000110101111000010000001011100010001111010110000110010011101101000000101100101011110000110010111101001111010111101111011101001111011010011010110110110111111000 
11011010110110011111001011011000100110100100101000000011001100010101110011011000110000010101000100110100111000110011111010110001101001000000101110000001110100011010110101100011100010010000010110010011001100010001100100110100111111011011101110011100110010010000100100110001111101011110000000110000101100101100101101010000101001001000000001010110101000010011110111110000111001001100101011000001110010000010110010000011001011111011100011101001111010001001010011010010010001110000101001000111101101010010011011011110 
10101010111100111001001101100001000101110001001000011011101110001101010110000010100010100110100110101100110101110101000100110000100100101111011100110111101000110011111110101001101000100111110111010100101001010011111110110111100001010111101001110101001101011111100110101110101110001011110011110011000001110011000011100101110001111110110011011110111010001011011000000110011100111100100101100000101111001110010000110011010110101110011101010100001100011010111100110100011101101111101010101001100001011100000111010111 
11011011000000011100011001011000110101000011110100010110111100001101011000001111111010010111100010110011001000101000111110010011000111111000000101010101001110000010111110100110110011100001100011110011001010101011100000111110000110100011010101010100001010100110100011010010111011111101010111110011111010110000110110010101110101011000101100110101011101111011011101001011011110010110111111101100101011110110010100011100011010111101100010110001110101011110110010001111000000101001001010111110100111011111111110100111 
01010111101011101111001111110011100001110011110010010101100101111111011001101111011011000010000000000101010110010011101101011110010111001010001111111110110000001100110001010010110011010110010111110101001110110011000111100101101101011101000100110001111010101111110101010000101011000010011001000001111001000111000100001001001110010100001101011111111110000000001111101000010110110101100010011001100000011001000111001110110100111001100011001100001011110010110010101001111110111101010110001101101001100001100110011111 
10001100110000001111111011011111000010000001010011011010001101101010011010001000000101011000100100111101111111110110010001100110101101110011011100100101000100001111000011111110010000010101111011010100011111001110000111110111110011100011011000010111101001110001101100000011111000111111010111110010110010101111010000011001111011011001001111110101110111011010101000010110010110100010111010000001000110101100101111110010011100110101011000010011101000010011110011110100111100100110100110111011100001111100010011001111 
10101010001101011011110011100110111011111100100100110110101011011110100001100011101100011101001110001100101011101011000001101011011010000110001111010101010010111111010010100011011000101110011011111010110001111100011111100100101111100000001010001010010100111111111001011101100001101101110111000011101000111000111000011101011001000001000111110001011010000010010101000101101010010011100100001111011101111101110010011000011000010001001000000111001010111011101000000100001011000011000100100011111010010110011110100111 
11100111000111110111011110100011111100100001110010101010110010011000110011100010000000101001110000110001100110101000101001101011110100010011100001100000111100100111010000011111001111111110111010010100001010110000010000011100111010101100110110011001101110000010100101001110110001011001111100101000110101101000111000110001010000100000000010001110011010100010101101100100100111010110001111100110001001110000010101010101000011101001011110000011000111101010100011100110001000011111000000000010110101010001000110101001 
11011000000001101101011100100011110000010100000101010101101100100001001000001001010100001011010010010100100001010010101001001001001111011000101101000101110110000111100000011011111011011000111000011001000111000110010110111011011010001001000101000000100011111111010110111110100100111011110011010011000011110001000111110101101101100001110010001010010111000101101011011101011010111001110001000110010011100100111111010001001000010001111001101110001010010011100001000100001000111101001000011010110100111011011001100011 
10110000000101001111101100101101111110010000001001110110001010001000001100101101001111111001100110010100100111100000110001101101010000101110110101100011011001111111110110100011111010110101111011010100111001010110101100111110010110100001011111111101001011111100101001000101110001000010110100000101001111110001110001001111111101110100001010000001110000110001100011111010111000000001010101000100000011100010010011111001100110011100111011110111011011000111100000111100010010100000011001101110000000010011000100101001 
00101011010001011101110010110010011001101010011000001100010010110011101111001111111110011001011000000111001100000100011100100101011011010000101101110010100101101111011001010101111110111010011010111010010100011001001000110010000001111000001110001011011110110001001101110100001111010010100110100010101001001100001001011110011011111100111100110100010110110100011011110001000100011100111100100011111011111000000110111011110010111111110000110111000010010111000110001111110010001010010100011101010111001000101011000001 
01011000000010111011100001001101000001100000110010000100100100011100110101000110101000100010110001100001010010110101000101110111000000011011111110010011101100111010101100010011000101101101011011000110100111000001100011110010011101100110000111100100001000100001110010111001101010100010010110110111000011000111101011001101100010001000111101011011011111100010111100010010010001110101111010100101010010101011100000100110100001010000101001100100010011011110010010111001100001111101100010010011001010000000100010110100 
10101110011110110000100110101111110101110110001100011110011100000001001011011011011010100101101001011101111001100101100010000111010100110100101011001110101011010001110100110001000101111110010000111010011101010001111101011101011111101100011010111101010011100000101111111111011111111011000110011000010001011110110000100101000000101000111100000101010001111010011101000001000111100101011011100000011011101100110101010111010011011001000101100001110100000101000111100010010010011111110100100001110010101110101100000110 
10111000010001101001101011010110011100010001001000010110011001101000000100101011001100111111101110010101101011100110001001001100110101000101100001010100011011101011011011000010010000110010111111111010001010100110100110001110010011100000101011110011001010110100111010000100110110110010100010110001100100111011111010010001101011100000000011110111110100010110011011110100100001010110101101101010100011001101111111011101010110110110101100101000001110011101111001000101101001110111101011010111100101110101111111000010 
01100000110011111101011100110010010101110101000101000001011100100100001110110111101011101110010111001000111101111100100001100011010001011011101011101010000000001010100100001101000100110100011011001110100001010110101100101001011011011101110110100011101001111110110011001011101010000010001001111010100011110101011011010001111101100010000101010111000100010110001101110101010001111111001010111011101111101110011000010000010010111110000001100101100110111000001001001001110101110001000011011100100111010000100000001101 
01011011011110000111111010010001010111111010111000110011001000001000001111101001000001000101100111110101000001101000001100001100101001000111010110110100110101101000101001111110100101110110011110000110000001010110010101111000111000011011111000010101100001001111001110101000000110001111011101000001011011100000100101001010101111000111000010110101011101100101100011101001011011111110011010001000010101100101000011110010000011010111000110011001000101100101100101100000101111100000100011000011100100010000011110100101 
01110111010010001101101010011100100001011010011110000000011110011110010100100110011001110010110000111111111100000100001100101101110001000011100111010100000001110100111110110100111011011111001010001000110000010111101101011010111101001001110110100101001010000100100001100010110111110011011011111100010111010100010100011000110100101000001101011110000011000010011110011001000111001001011010101010000100001001111010110011111001100010110110001011000111110111111111011110111010000010001011111010110011010000011010101001 
00011111001001100011110101100100001000000100010111010010001111011110000011101011110010110010001001001110110111001110101101111111011101100010001001111001011110011100011011101000111101100110011111111111001111100101100010010110000111000100011110011110101000000001001111111001100011101011000001110011001110100110011001100010101010011001000110011001011010000100100110111110011000010110111110101010010001110001011111101111011101010010010111010011101010100101011100101000011100011010010011011111011001111111111011111001 
01100010110001101100100111011100011001000011010110110001001001000101111010011010111110011111110010010011100101110110010110111000000101101001000100011100011001011010100000011001010111011111110101101110110001100100001101110011011110110001110111001101001111110111011111010110010101101000100001111111111001111000100010010110111011001000011001000011011101001011100100101101011001101110101110110111101011110111101011101000100000000000110100011110001100100010110111001000100001000101010100001101110011111000011111010011 
00010010001000110001100011111100110001101000100111100110100111000001001000100100100111000111011011110011101101110110001100000100101010000001011000110110000101010101000010110001100001100000100101000110100111110011111101100001010110110010111000110001100001110101101000110001000011001011100010111000000111001001101110110101000111101111010101101010111111111011010100100010110110111010100001000100110010101111011011100011011000010110100000001110010110001110110110110001110101101111100111000100110100000000101111001101 
00111010010111010000101010000100101100111111001110001010111000001010100101010111100100010010100111010111010110110011000000100101101000110100001111110110100011100010110011000011001100101100001101010110010101110100100101111110010001111000110101111010011010000011111101000110011010000101101101101010110010100101101100111111111111101010010101101010010001001000010001101000011101100000110110110101110011000111011111111100010011001010011000001000011000100101111011000001000011100010000011101101011000110110101111111101 
01110000101110010110110000000100010101111000111111111110001001101000001011101111100011001000100100000110101100110100000101010001100100011001101100011100011011111000001110101110100011111101010010101011010010000011101010010001001010110001001011000101001111111100010001101000110101100000001101101111111101010101110010100100110001100010100111010111010101111011111000001001110101010010100010111101001011110100110000001110100000111111110000000011110101010101010000101110101000000100110100110001100011110110011111110011 
11111111011010001000011011001111000011010001000000010010111101001010011100000100011111000000001010111111101001001001111110001000001010010010001000001000010101000101100110101110001101101001001101010100111000101011001110011111010011001011100100100101001001001100001001101000110110001001110001100001101110101000100100100010011000000011110100010110101000000010011001101010110110001110010101101011001110010010111000100000001111010100010110010000111110000110100011111100101011101110101101001110101100110010101111110111 
01011001001100001010001100111010011011001011010100011011100011111010000110101011111000101000000111101111100111010010010000011111110100000100010100001101011001000111100011000100111101110101010001110111001100111101000100111101110111010111011011100111100000011000110100000111000101111011000001110000111001110010111110111100111001000011011110001000111000100100001111000110000010110001011010101010101111101000100111111000110010111000100000010011010000110110010000011000100010101001000000111100001001000011101010111111 
01000101011110010001110001001011111000011010000110101011110110000111101010101000011101100000010010111110110010011000101010000100110100100110111011111011101110101000001010101110101011011011001000100111110001010010000010011100010011001110001010001101101001000111000100001000110000100110001110010110101101111001010101100100011010100010010000111111100010010000000010011111111101000011111100000011101110011100001111101001010111010011011001001001010010000010100000010111100111101011110111100110110000101101011000001101 
10010111011111010011000101111100110100010011110101011000010000101110010101000100011000110000000001001100110100100110111100011001011101100010100101111100110111010111100100110101100010011001001011101100001001010110101100001111000000110111110101111001100110101000110001100100101100001010110110111100000001101100000010000001100001011000111011000111011001101111000100100100110010100110100000001100110010010111000010111101010110101000011011001000100001010110101001011111111110000110111010100010000101111001100101100011 
11111110101010100101110111010001010111011000001010000110001010100100000001011010110001001111001000101000010010010111100100011011111110010010110100111110110111011011101010111000010101000101101111110010000011101001111110101010100110101111011100011110011100001001000000000111000010101011001010100001000010111111100100001100110100100110011110001110011000011101000011011101101110001010000001101000100110010100101010010111000110000111010010010010001001101111100101001011001111000011011011010001000010001100100110000101 
01111000000000000010101110100111011001111101111000111011001000100001010001011001000111011011010100001000011110001010000010000001000100111101011001011010111010000111101110011100000110011001001110101001111101101101110100010101101010110011111100010100101000001100100111111111011101101101110110001111101101001001100110100101000111101010101110010000110010001111100001101011000000010110000100110001100001100001001011110000001110010100010000000111100111100110101000111110101011011000001001110100101011110010100110100111 
01010011111101100111101011001110000110111011000100110000010001010110001111111011110101110111110000000101010011110101010001100011000110100111010111100000101111010101110001001100101000101100011101100000010010001011101111100110110011111101100010011100000001110001111010100000110000111101110100001010001111011110110000001001011111101101001010110100100111100101101010100011001101010000000001110010000000000100000100101101010010010000101010111001111111100111100010110100110001111101001011100011010001100101000001110011 
