00011100100010000001111000000001111000100101100001000100000101001001001010011000100100010111011000010010111100110010001001011000001000001011001110101110010111000111101001010010001100101101010001101000101111100001000010101011111100100101100111000101101100010011110100000011101000000100001000000000111000100100010000010100100111010100010001110000011010001001001100101111001100110110011101010100010101011001011011000100010110001000011100110010011000110001100011000000101000000010100000100100010110001011001100011001 
11111101001010111101111101011100110001111000010010011100111001110011101011101001101110111111011100101000111000111011011000111110010101101111010010010010100000110011011001011111110100111010110011111111111111111101011110010111110110111010001111011110001101000010110100001011100010110010000011001001011001110111010111101110100010101111110111111011111010111110110010000111001011011110011010010100000011110100101010011011110111111000010010110110010100010010000100111111111111110101100110011011111110111101101010110111 
00001100010010110001011000000001111011100101000000100000000111001001101010001100100100010110011001010000101100110010011000011010001000101011101100101010011111000011001011010010000101000111110011100100101110100001000000101001111100110101110001100101011101011011110000000011101001000100011000000001111001100110010001010100001110010101100001000010011110001001001110001111000100110100011101001100000101010100011011100110010100101110010000111010011000010010100010010000111000000000000000100100000000001011001100010001 
11111101001010101011111111111000111001101000100010101100110101110001101111101010111111111111011111101001111001011011100000111010010001101001010010010000100000110101111101011101110110111000111011110111111101110101001100110111111110001011001111001110001101001110010010110111111110110110010011010001011011110010000101101110101000111011110111101011111010101111110011000001001011001110001110110100100011111100111110011011110100101001110111110111010100010111000100111001110110010000100110011111111010110100101101110101 
10011010101111100000100110110101101110101111101011111011101010110101100111110110001011011100100001100011000011101110010000010001011111011101010100010111111111001100011011111110000001101100111101100101000011101011111110000011110000011110011110110101001100110110111111011010011010001101111111101100100010011101111110101000011001100100101110100111011010001111100011110011101111110100111111011101111101111100100101011100111001110111000001110110101001001101001111100101111010111110010101110101111110100101010101110101 
11101100000111110111001111101000000101011001110111111110101100100100010110011101101000000000010000110001110101011111001101101100001101010111110100010011101111011001100100101110111110000001011101100011111111111111101011110011011010111111100101111100010111111001001010100100111111000101101111010100101011010011100100101000111010011111011101100111101000000111001010110101000111110011111001011111100001110111101011011111100101110101111000100100101010101001110011111111101110110000011111001011110111011111010111110101 
01010110001010110101110000000001011101000100100001000000100000001001101010011001010100010100111100010011111001010100011101001000001000011010101000001011111111001111101001010000000101000101111011100100101110100101010010101001111100100101100110100101001111011010110100000011100000000100101000000011110000100010010000010100101111000011100001110010001110101001011100001111000100110110111101100110000100000100011011000000010100001000010100111010111100110010100000101000101000000010100000100100000100101011001100000001 
11110100001011000111011011011111001100001100100111011100101010101101010110011110011100110110011100110010110101111111011001111101111101011111110001010011011110010100110110111101111110000001110000100100110001111101101111010011100001011111110101110100111110100111001100010010111100110101011100001101001010111001111111101100011011011010000101101101100110110111111010111110010101100110010101010110101101000011111001111010110111101110110000110101001110100111110100011110100110000010111110011011111011011110111111001101 
00110001000001110111110010010001000000011000000000111010111110000100010110000010000110000000000101001010111101001110100010110010010101100010011100110010011110101101111010001100000000101100011100011100000011010001101011100000110000001010100100000001000011001100001101100100000101011000100000000100010001010000000110101100011010010100011111010001101110000000100000011110111011010100001001101010010010100011100111000100101011110010001111010000111001101010000101101000010111111100011110001010010000100101001001000011 
01011010010110100001110110110110110001100110101101010001011101000001100101110001001000001101100011111001011010000100010110000111111100110111110101000001011111001011010110101000010000110111010110100111000001011001000101001111111110010111111100001110101111101011010100111001100101010101011011001011011101010000011000101010110000000011100000110110001011001101000001001010010010001110000000101111011100110110000000000000010001011101100110001101000000000001110101101101011001010010000000100101111110110110110001010101 
11100100001110110011011101011010101110001100111111010100101110001100010110111011101100000000010100010000110100001110101101111110001111010111111100010011101110011011100100101000000110000000110111010011111111111101101011110111000001011000100101111001111111111101001010101100101111101101001111011100101101010001100100000101111000011100010101000111100100101111100010110111011110110010111111001111100101010101101011011111001010110011101001111100111110101001011011111111001111110100111110000011110110111111111111011101 
01111111010011101100100100110111011010101101101111010000111110011111000011010111001110001110100101100111001011111010010000001011101100011001010101011110101011111001010011011011101010111011000111000000100011110011001110100111011001100011010010111111100101110010111101011010010000101101011111111100100011011101110010011011010011010110010110000111111001000011011011110111010111011010011111010111011101010110110100010001111001111111000000011010101011001100000001000111101110111101010111110100100001100101110101111111 
11111000101101110000110100111101001110101001110111110110011000001101101101101100001010001110100100110111101111101111100000110001111010111000011100010111011010111101110010011000011010100011100101110000001110001010001110110111010100100011001001100101110101110110111110001101100011011011011011111010101110011111110000011011010011101010011110000000101000110000011010010101011101011011011111011111110111000111011110111001000011011110011000100010001110111001001110100100101110110111000101110111100011110011110100010101 
10000100101100011011100100010001101011000010101000010110000000110010100000101011101101100000110101101000100001011000010000001000110011001100101000011011010100111010000010110000001101000100011011100001001000001011110110001111110000101110000000011010100110000011111000000100011010111100011100000100001110011101111111011001010000000110100100110001111110000010101010110001011011010001001110010000011011101101010001100101001001011011101000000100101011101111101101111101111101010110011010000110100010100010010011000011 
11011001111100110001100111000011000111000100001100001010110111010111111011100111000101010011101110110000000111011010010000011101010100010100111110100001111010110100010010100100100000101010100110010010111100110011011010001010001100000000001111011001101001110101011111011110100000100001001000101000000011001000111101101101101100010011000100110010100010010011111010101011011110100100101101100010001111101011010000001001000101011000001010110001011001001001000010011000000110010011100000010001000011010011101100100111 
11111000101101110001010100111101001110101001110111110110001001011101101101101101001000001110100100110111101011101111100000010001111010111000010100010111011010111101110010011000011010100011101101110000001110000011011010110101010000100011001101101101100101110100111110001001100011101011011011111011101010011011110000011011010011000110110110000000111000110000011010110111010101011011011111010111110111000111111001010101111110111001011011010111001110010000000000010111011110010110111110010000000100101100010010101101 
11111111110100010100111100011110100101100111011000010000001011110000010110010111011011101011100001100011100000000011000010100110010101110011000100010001111100010010011111001101100011011110011010110011010011011010000000001010110001100111111000010100100011011111000000000000111010101000110010010110101110101100001001111000001000110011111110010111011000101000011010100000110110100011000100010001000110001011001101100111011111001110011110110110000010111000100101100000000000000011011100110101110110010001011001000111 
00001100000010000101111000000001111000101101100001000000000101100001001010011000100101010111001001010010011100110010001001011010101001001011001110100100011101010110101001010010001100101111010001111000101111100001000010110010111100001101100111000001101100010010110100001010111000000100001001000000111100100100010000010110110111000111010111110000011010001001001100101111001100110010011101110100010101011001001011000100010010001100011100110000010000010001010011000000101000000010110001100000011110001011000100011001 
11110101001111000111011011011111000101000100100111011110101010011101010100011010011101110110011000010010111101111110011001111111111100011111111101010011011110010100110110111101111110000001110000100100110011100111100111010011100001011110010101110100111111000111001100010010111100111100011100011101001010111001111111101100011111111010000011101101000100110111111010101110010101111111010101010110101101000011111001111010110101101110010000100111001011100101110100111110100110000010111010010011101001011110111111001101 
00011100000010110001111000000001011001100101100001100000000101001001101010011000100100010110011000010010111101110010011101001000001000001011001100101010011111000111101011010010000101000101110001100000101111100001000010101011111100100101100111100101001101011011110000000011101000000100101000000010111000100110010000010100101111010100100001110010011110001001001100001111000100110110011101101100010101011100011011000100010100001100010100111010011000010000100010010000101000000010100000100100000100001011001100010001 
10010000110000010011011110110001000010011000001100111010111010010100000111100010100110000000001001000010110111000110100000110010110111100011011100110010011110001101010010001110000000111100011100011010000011000111001011100011110001010010101111000001001011011000001110001001010111010000100000101010000111010010111100110110011000010100110011110001111000001010100010110100111010011100111001001110010010100010111111000001101011000110101111011000111111101001000100111100000111011110000000000010110000100001111001000001 
11111010101000000110010101111100000100111110000101101111101001001110111110000011000111010111001011010111100100100010101001100111111000100000110101011011110100101101111000101110100000010111001111111111110001110011001100110100001111101101001111001100101110100100000010100010011111011100110101010101001111010100100000101110111010110100100000011111010011011110111110101111000100111001101110011001110111001111000110110101100010000011101011110100101101101101011011010000011011001000001010010110110100011010000000011111 
00001110000110001011011100110100101011000011110111101001101011100001110100011001110011000100101011001000001000001011111100000010010000101101111111110111111011000011001101100011001110010000100000001001100010100010010100100110000000101101110111010010011101000010110101001010100100000000010010010001111111111101100110001001111101111110011111100111110011011111001010011001111011000011000010101011110101100111000100000100001100100001110000110101100010101111110001111001000011100100011101100110001111011010001110000011 
00010101100010000001011000000001111000100101100001100101000100000001001010011101111100010011010000010010101100110010001001001001001000001011101110111110110111001111101001010010010000001101010001100000101111100001000010101011011010110101100001000101101101000111110100000111101000000000101000000000111000101100010000110100100111010100010001110000111010001101001100101111100100110010011101010000001101000101011011010101010100001000011100110110001000110000100011000000101010000011100001100100000110001110001100011011 
00010101000010010001011001000001110000100101101001100101110110000100100010001111110100000011010000110000010101110010001011000001101001001011001010101110110110000111101011010110010000001101000011100110100111100011000000101011011110100101110101000101101100000010110100000111101001000101101000000000010000001000110000110100100111011000010001110000111000001101001110011101100001000100101101010000001100001111010111010100000110101000011100100110101010110000100111010000000100000001101001110100000100001110010101001011 
11111101000011110101111101011000111001111000110110001101110101110101100111001001101110111010011110101000111011111011111000111010010011101001011010010010000000110011111000000111110100111000111011011111111110111101001100110110110111111000001111011110001101010010011101100011110110110110010010011011011101110011000111101111000000011111110110101101110000111111110011010000001011011100011000110101010011110100110011011011110111111000010010110110010100010111000000111011100110110100100110011111111111101100101000110111 
01010111111000100110010101110111001011110110110101111100000010000000010010011001101010101010101111011100010101111110011000101000000010011000110011011110110101011101000010110111110110000110000100101001100111001001010001100011000001111100000111100111011101110000111111000000011110100010110110010000011001111100011101011010111011110110111100000111001100010111001101011010110101000111101011100111101000011011011011111110011111110011000100100110100111001010101100110110010111111111011100111111111100011100000110100101 
11000110111111101011111000010011100111011110000111110100101100001100000010110001101011100000100110100001010101011111110000000000000111010011010011010011001010010111010100100001001101101011100111001001100011000110101111000010000011010101111100001110011000100111000101111101110000001011100110111011011110101000010000001011011011110101110100000000000110101111110111111100011111001011111100101010100100000011000111011011111001101001001100111001001011011011101111110001010100101101110011110100111101001001100011101111 
10010000111010011011011110110001110000110001001100110010110010010101010111100010100110000000101011000010111111010101101100110010111110101001011100110010011010011100110010001110000000111110011001010010110011000011001011100011011001010010000011100001001011011000101010000001010101011101000000101010110111110010111100110100011000010100110010100011111100010001100000110100111010101100111001111100010110100010111110000001101010110110101111110100111101101001100100111000000111011111000100000010100001100101111001000001 
00110110110110010110100011100001010001001111101110000100110100110111000010011101011100011100110101100101100001100000001000101110100111000100111011000101001001110100001001000000100011111011000110000010110101101111001110110000011111010000011001000110100100000111111110010001101100111000010010101100010110100000101010010001100100011011000111001111001001001011011011000010001001001110100110000001100000001111110011000110000010000000011111010001110011111010111001111111011110001000001011100001000101001010100111111111 
10001110111001011101101000111101100000111111001100000011000111000010100011010001000110000000101011101101000011100000001011110110001001100110101100010010111101100010011000111010010011000010000010011100110100111111111011101001110000101100111100100010010001010001010100000011000111000101000111100101001010011101111111010011010010000111100100110011111110001110001010100001010011010100011110110000011011100001010001100101001111011011101000000100101011001011101101111111110101011110011010000110101010100010011001000011 
00010001000010010001011001100001110001000101001001100001010111000100100010001100110100000001010000111010010100110010000001000001101001001011001010101110110110001111101111010110111000011101000011110100111111100011000100101011011110001101110100000101100101000010000100001111101001000101101000001000011100001000110000100100000011011000010001110000101000001101101110011101100001001100101101010000001100001011010111110100000100101000011100100110001001110000100111010000000100010011100011101100100100001010010101001011 
11111101001010101011111111011000111001100000101010001100111001111001101111101000001111111111011110101000111001111011101000111010010001101001010010010000100000110011111101011101110110111000111011111111111110110101011100010111110110001011001111001100001101001010010100010011110110110110010011011001011011110111000111101110101000111011110111101011111010101111110011000101001011011110001110010101001011110100111110001011110111111000110010110100010100010111000100111011010110010000100110011111111010111100101101110101 
11111101001010111101111101011000111001111000100010001100111001110001101111101000101111111111011110101000111011111011111000111110010101101001010010010010100000110011111001001111110100111000111011011111111110111101011100010111110110111010001111011110001101010010010100010011110110110110000011011001011001110111000111101110100000111111110111101001111000111111110010000100001011011010011010010100001011110100110010001011110111111000010010110110010100010111000100111011100110110100100110011111111110111100101000110111 
10011010101111100000100100110111111110101101101111010100111010010101000011110111001111001110100000100111000011111111010000011001101111111001010111010111101011111001010010011011001010101011000101100000000011110011001110100111010000110011010111111101100101110110111111001010000000101101011111111100110011011101110010011011010001010110010110000111111001000111011010110011010111011110011111010101111111010111100101011111111001111111001000010010101001001100001001000111111110111101010100110100100101100101110111111111 
10111110000111101001100001000111100100001000000101111101100010100011101111010100111110100010110110101000101100110111100011000110001011001001111111011011100010011010001010111101000001000010001011010011101100000100110101100100101100001011000000001010001010110010100000000010111011000011011010010010010101001101010000000000001111100010000101000010000111000001000010001000110110000011100001001100010001110110000010001100010110010110000000101110101111111110100011010001010111110100011110010101010101000101000001001111 
11111101000000110010011101101101010101111000111110010100101011000001001111100111101010111011010010110000110101111110000101111101101101100111110001010010110110111010100110100101110111111011011101100000111101011011111011101111011001111001100101110100111110111001100010110101111000100111111111010100100011010011110100100000101011011111010100110011101101000001000010111110011110111011101001110101100100110111001011110011100110110001001000010010001011000100001001001111101110111100110110110000000101100101110011011111 
00100001100111001011111110010001011011101101101110111110001001110011111111000110010111010101011110010111011010000011010101100010000001111110101010000011100101010001000010101111010100101011011100010001000010100010001010110101100000100011101000101111011110101110000110010010101110000111111111010110000010010101000100101100001101000010100111100101111001011100001101010010101110111000100011000111111110000100110101100111101100110100010011001110001101101101001110100110111101010110101011010010110101010000111011000111 
11111100000111110011001111101010000101011000110111010100101100100100010110011101101000000000010000110000110101011111001101101100001101010111110100010011101110011001100100101100111110000001011101100111101111111111101011110011111000111011100101111100011111111001001010110101111111100101001111010100101011010001100100110000111010011110010101100111001100000111001010110101011111110010111011010111100001010110101011011111100111110001111000110100101110101101110111111111100110110000111010000011110111011111010111010101 
00011110000010110000111000100001011001100111100001100000010001001001101010010000100100010110011000010010111100110010011101001000001000001001001100101110011111000101100011110000000101000101110001100010101110100011000011101001111101100101100111100101101101011011101001000011001110010101101110101010111000100110010000010100100111010000000000110010011110011001011010001111000000110110011111001100010101001101011001000100010101001100010100111000011000010000100010010000101000000010100000100100010100001000001101010001 
00010100000100001001010001010010100000100100000110111111011000110010110110111101111100010101010100010000101100100000000001011001000010001011010010101110010111111011101001010011010001001100000001100001100011001001001110000010011011111100100101000101001101000101000111001000100000010000101011000110001000101010000111011110011001010000001010110000010001101000100011001001001011011001100011100101111011000100101100100010000000111101000000100010001110011110000000010011001110010000111010110001110101000111001010110111 
00010100100001001001010000010000100000100101001101111101011000000010110110111101111100010101010000010000101100100000000001011011000010001010010010101110011111111111101001010011110001001100010001100001101111000001000110000011011101111100100101000101001101000101100111001001100000000000101010000110011000001010000101011110111001010100101010111000010001101010100011001001011111011001100011000101110011000010100100100000000000111111000100100010001110010110000100010011001110010000101010111001110101000101001010110111 
01011111011100111100010101110111001011110010111101111100010010000100000010011001101111100110101111001110011001111110011000101001000010011111010111011100000111001101000010110111110101010100001001101001101111000001010001100001100001110100000111111110111001110000011010001000001100101010110110011000000101111101010101011010101111010110111101010111001100010111011111011010110101000110101001111011101001111010111010110111011111100011000100000111100110101010101110011111000101101111011110111111101101011000000110100101 
11110100001011000111011011011010000100001000110101011100101000101101010111011100110100110100001100110000110101111111110001111111111100011011110001010011011110011101110110111100111110000001111000100100110001111101101111010011100001111001110111110100011110110110001100010011111100110101010110000101111011010001111101100110011011011010000101001101100110010111111010111110011101100110000101010110101101000011101011111010110111101100110000110101001110100111110010011110000110000010111110011010111010011110111011001101 
11111111011011110101111101011000111001001011100010101100110000111001100111101000101111111011011100101000111011111011111000111110000101101001011010110000110000110011111001001110110100111100110011111010110110101101001100010100111110111010001110111100001101010011010110010010010111110110000011010001011011010111110111101010100000111111100110100111101000111111010010001110001011011010011011010100001011110100110011001011111111111000010111111111010100010001010100111010100011100000100110011011111111011100101000010111 
00110001010000110101011011010001000010011000000100111010111110010100010110000010100110000100000001011010110101001110100010110010010101100011011100110010011110111101111010001100000000101100011101011010000011010011001011100011110000000010100110000001100001001100011101101100000101010000100000100000000001010000001110110100011110010100110011010001100100001000100010010110111011010100011001101010010010100010100111100100101011100110001111010000111001101010000100111000010111011100011100001010100000100001101001000011 
00010100100010000001010000010001100000100101000001110101000100000001100010011101111100010001010001010000001100110010001001001000001010001011100110111110110111011111101001010110110001001100010001100001101111100001000010101011011100110100100001000101001101000111110110000101100001000000101010000000011000101100111000110110100111010100010001110000111011001101001100101111000110110000011101011000001111001001011011010001010100001010111100110110001000110101100011000000110011001011100000100100100110101100001100011011 
00010101000010000001011000000001111000100101101001100100110110000001100010011101110100010011110000110000000100110010001011000001101001001011101111111110110110001111101001010010010000001101000001100000100111100011000010101011011110100101100001000101101100000011110100000111101001000100101000000010111000001000110000110100100111011100010001110000111010001100001110111111100000110000001101010000001100001111110111010101010100011000011100110110001000110000100011010010000110000001100001110100000110001110010100010011 
11110110000011011111011011101010000100011000110101010100101100101001011110011100100100000000011000110000100101011111101001111110001111011011110010010001001110011001110100101100111110000001111111100111111101111101101011010011101000111011100101101101011101111110001100010111111100110101010110000101111011010001100100100110011010001010010101101011000110000111011110110101011111100010100001110110100001000010101011011110110101110010110010110101101110100101110111111111100110100000111110010010101011111111011110011101 
11111100000111010111001011101010000100011000110111010100101100100100010110011101101000000000010000110000110101011111101001101110001011010111110000010001001110011001100100101100111110000001011101101111101101111101101011110011111000111011100101111100011101111001001100110111111111100101011111010101111011010001100100110110011010011010010101100111001100000111011010110101011111100010100001010110100001010010101011011110100101100000110000110100101110101101110111111111100110100000111010010011101111011111010111011101 
11100110100000011111001010001011101100000000110111010100101110001001110110000010110010000010011011110000110101011011000001111101001111001011111010010001101110111001011000001001111110101100111111100111111010101101101111010011101000101011100111101100011100110110001111000110111000110101010110100101111011010101100100100110110010101011010101001111010110000111011111110001011100110110101001110110100001010010101010001101110100010100110110010100001100100101110111011000100110100100111110111010111011111111110110011101 
11111000111101110000111111111101001110011001110101110110011000001101001101111101001010001110101110110111101111110111101000110001111110111000111100010111011010111001110010011000011010100011101101110000011100001000001110111111011100100011101000100101010001110100111110001100100000011001111110111010001110010100110000011011010011101010111100010000101000110000001110010101011101011111111111011111010101000111011111111001010011001111011000100010000110111001001100100111101110110111010101110111100011110011110100010101 
11101100000011110011001111101010000101011000111111010100101000100000000110011111101000100001010000110000110101111111001101111100001101010101110100010010101110011011100110101100111111110011011111100111101111111011101011100010111000111001100101011100011111111001001010110101101101100101001111010100101011010001100100100000101010011110010101110111001100000101001010110100011110111010111011010111100000010111101011111111100110110001011011010100101110100101111111111111000011110000101110000001110111011111010111010101 
00010100100011000001010000010000100000100101000001110101000100000010100110011101111100010001010000010000001100100000001001011011001010001010100010111110111111111111101001010010110001001100010001100001101111000101000110000011011101111100100101000101001101000101100111000101100001000000101010000000011100111101011000110011110111010001000101110010101111011101000100101110000110110000011101011000101111001000011010010001011100001000111010110110001100110101100011000000110011001010101000100100100110001100001100010011 
00001111110101010010101011000111000010111011100101111001000111000010101101101101001000010100000001110000010000110110111101011110110011100001110000001000000011001001111010110110111010111010011110001000100101011001011000011100101010110010010000110001011000010110010000011000100110010100000100110110100101100000011100010011101110100011000000101100000001010100100000001110011100001111000100000011010100000010000001101010011000001101001110101110001010000100110011111101001001011000000000100011111101010010110011010011 
00001111110111010010111011000110000000111011100101111001000111000010111111101101001100010000000101111000010010110111111101011110110011100001110000001000000111001100100010100111111010011010011110001000100001011001011001011100101010111010010000111001001000010110010000011010100110010100001100110110111101100001001100010011110010110000000110100100000001011100000000011100010100101111000100000011000111000010000001101010011000001101100110101110101010000110110011011110001001011000000000110011101101010010110111010011 
01000011000010000100000110110010100001100110110100011000011100100101010101010001000000011101111011101011110010000100011110000011010010111110110100000001001111000011010110001100011000101111000010100110000000001011001101001111011110010011010100101010001101100010010000111001100101111011111000000011011100010011111000111110110000000011000001111101000011011111000001101110010010001110000000000111011000111010100000000100011100111101000110101111001000000101110110110100011001010010100000100001110111110110110011001001 
11011001110100110001100011001111010111000101001100001110110111000101111011100111000101010011101110100001000111011000010001011101010100010100111110110101111110110100010010100000100010001010110111010000111100110011011010101010101100000000011010011001101101110101011111001110100001100011001000101000010011001000001101101101101101010010000100111010000010010011011010001011011011100101101100101010001111101010011000000001000101011000011010110001010001000001000010011000000000011010100000010101000011010010000100100101 
11100100011100101011111101011101110011100010101100110110010011110011101000001111101010101000100100000001100000011010000010001000100011101110100000001011001100110000001000100000001101110100111010000001001101011111011111001111111010101010000000001010110010100011101110000100111010111000011110000100000111101001100001110110110000000101100011110101010110000010101001000000011011001100000100001001110011010100100100100110010100010111000101101010001111010110100001000011101100010000010000010001101000000100101100000111 
11001100001100011000101000010011100011000010101000110111100101110110101000101011001001000010110101001000000011011101000000001000101011101100101000011011000100111010111010110000100111010000011001100001001100111111010111011111111010101110100010001010100010000011111000000101111010111000011110000100001111101111100001010110111001000100101010010000011010000010111001000000010110011111000110001101100000110000000000010011000100011111001000101010001011001111101001110011001011110100000010110100100000000101101011000011 
10001110111001001101101101101001100100011101000100000001000101101010101111010001000010000010100011100011000011101000001011110010010001101000101100111010011101001010111000111010011100000011010011111100110010111110101010100001000000101000011100100010010011000101100101000010000101000101001101110101011000001101100001010110111001100100101011110000010111000000001011000001001100010111100001000101100000010010000110100111000100001111000100100010001111011110001001010011001011111100110010110000100001000101100110110111 
01010010010010100101010110110110100001100110101100010000011101000101100101010001000000011001110011101011110010000100011110000111111001110110110101000001001111000011010110001100011000101111010010100111000000001011000101001111111110010111111100001010001101101010010000111001100101111001111000001011011100010000011000111110110000000011000000110100000011011101000001001110010010001110000000001111011100110010000000001000011000011101000110101101001000000101110111111101011001010010100000100001111101110110110001010001 
11000100101100111011100100010011100011000010101100110110110001110110101000101011101001000000110101101000100001011000000000001000101011101100101000011011010100111010101000110000001101010100011011100001001100011111010111001111111010101110000010001010100110000011101000000100011010111000011100000100001111101101100001010110111001000100101010110000010110000010101001000000011111010110000111001101100010010000000100110010000100011111001100101010001111011110100001110011001111011100010010110100100000000101101010010111 
10001110111001011101101001101001100100011101000100000011000111100010100011010001000010000010100011100101000011101000001011110110011001100100101100011010011101101010011000111010010111000011010011111100110010111110101010101001110000111100011100100010010011010101010000000011000101000101000111110101001010001101100001010110111001000100101010110000011111000000101011000001011111010111100111001101100010010010000100100110000100001111000100101010001111011110000001010011001111011100110010110100100000000101101010110111 
00011000101111111001110100111101101110001101100111010100111010011101100111100101011110001110100100110111100011101111110000011001111110111000010100010111011111111000110010011011011010100011100101100000000111000011001110110101000000110011010110111101100101110100111110011011000010101001111111111001110110001111111010011011010111010100110110000100011000100100011010110011010110011110011011010101111111000111101101011110111100111010001010010111001110010110110000110000011010100100111110001000001100100100010010101001 
01011100101110111110111110000011111110111101100011100110111110111111110100110110011110001101011111001011011011010111111101001000111001001100010110110101001001111111011011110100110101100011001111110100100000111110010101000011110111011101000101001101100100111100101110100100011110111101110011001111000011111010010100101110101110000001010001101101110000101100011110100100100100001111001000101001111001110110001000000000010111010100001100010101001011001100000100101111011111101111011101001010101100001101100011010111 
10110110011110011001101100101011010000110010010100001010100101010100110001011011111100000010110000000110111111010000001010110110010000010000100101011000100111010011001011001001001111101010111000011110010000000000101001001100111100011110001010001110001001010010001110110101111001001010010100000101010110010111111011100100010110011101011111010101010100000011000110111000000010011101001011100001100000011110101011010011100101001010010110000101101101111101101001001101110000100000111000101000111001001001100111110001 
11011001010111110010011011100101101111101100001110010101000011011000010101101010101000010001100011100011111011010111111011111101110110001110110011011001101100100110010010011111111010000111010100111011111010110111000000011111101110001101010000001001011110111000001011111010101010001110111101000101101100010000001001011111111000101100101110010001100110101111000110011111110101011101010111000110010001001011000010001110001011110110000110010011101111100011100001111000000111110010011100001010010110001101111111111011 
11001001101111001100100101101010000001001011010011001100000010100110011100110110000011000100111111110001111011100110100001010010000010110100010011011001111011101101110000010001000101110010111100011101001000101110110011111111011101000101011001000110110000110100111101011111010000111000101000010011011000111110111111011000001001011010111010101001000100101100101101000101110111111101111010101010101001010000101001011101111000111110000100001110100001000011011111011000100011000001000001100100011000011110101001010111 
10010101111101011111101111100100110001001011111001101100100000101110001110101110011101001011101011010001010110010000111101000010100011001101010101110011010100011101001011011010101011111010001111110010100101011101011111001010001010101101111110001111101110110011110001011101111111010110110011010010110011001011100110001110110011101100101111100100001101000001010111010011000111010100100110110000001101000111000010100001010010010100000110110100010111110110010000010111111111100000010010100011100101000001110001100001 
10011101110010110100000011001100101001000100110010010110010101001111001001110100000001000110101000111100110111101010110010000101110010101000010011001011110111111001110011010100111100111001101111110011111010010011010011001111010001000111010110001101000110011010111110000001110010010100010001010101011100000100111101110000111111101010010001100110100100010110100010010011011001110010001110101001101011000000101001111001110111001100011100100001100011011100010000101111000000001100010001011100111110100000110000011101 
10111110101110000110100001000001010011111000010011011110010001001101101001001111000011101110101011011010110010000111000010001010100101110111011010001111001100011111010111001010010111001110000010011011001100101010101100011111100011011001001000101101011011100100111000110010100110110000110011001001111101111010011110011011011011111100111011111001100000100100001100010100101010011110101110010110100101100100100110100000000101100000110100000100011101110010101010010100110000111001111001001001111010100101100011001111 
00101110100101110001111111000111110110010110111010111000111000010111111000001011111011000101101010011101100110010100111100111100011100110110000001110010111001001000000000000010101011110000011010101011010010011001111001110101110111100001000011010110001111101001000010001001100011011101001001110111000011000011010101000010001010001011110010111011111100001000010110001000001010100001000101101011100111111101010010100110010101111000101001111010100100011110000101010111000011101000001001000100000101110101111110111101 
01101000111000110101010000011010011011001101001010110010101001001001011110011000001000101100111111000011111011011111111010001111001110001110111011101110111111010111111100111111100100111111100000100001010000110010101001111010101011101001110101100011100000100001001110001000001001101111100010001010110010111111000111011100000111110011111001111101101001000100101100100011011110010100000000111001001000000101000000000011011001010001010001100111010011010011000010101100111101001110011111110010011110110001111011100111 
10000111110101010010101110000101000010111010100101111001001111010010101111111111001000000000000001110100110001111110111101010110110011100001110011001000000111001001011111110010111010111110011110100000100100011011011100011100101010111010010100100000011100010110010100011000100110010100100100110010101111100000011100010011101111111011011110000001001010011001000100000011011111110100110100111010001100011100010010111000000011011000011001000010000110111101000111110100101010110111010101110111100110110111010100001101 
01110000100110110100100011010100011001011010011010000010011101111001111010110110001000111110001011000000000011000101011000110100110101111000110010101110101111011001011110010011010101111010010101110101010001111111101100011100100011110111000001011000011101010000101110000010110010111100101001000010101001111010011010011101001000110011110011110011100011101001100011101100011001000101001100101111011001000111100010100110010110001010011010011011001001111010110111001000101110011111011001001111111010011000101000010001 
10111011001011010001100010000010001011010000110000100111100000110110110010110000011101111011111101001111010001010101101000100111001100111101110000000011010100100101000110011100100000100000101000101011110100010101001101110011001010101111010010001000110000100010111011111001000001011010111010000111001111110010011011001011011010101001111000100100101011100111000010111001100110111010100001000011011111100000001001100000011010011011011110000100000000111010011001111110111100010101100010000011000001100110101101011111 
10011111000000011100111001001001000011100010010000111110011110000101101010011101100011000010001011101011010011000000101000010011100101010111111111010111011111001100000100111101101011010100111110000110101000000001110100010010111111011001100001011000010111110001010010011011010110010111101001001000000101101111011110001011100101000010010101000010000010010110111101101111001101000011101110010110110010111010000110001000101011110101101001001010110001101011010101010100011000101000011000011110111111111110100000010101 
11110110000010011111001011001011000000011000110101010100101100001001111110000010110010000010011010110000110101010111000001111110001111011011110010010001001110011001011000101000111100100100111111100111111111111101101011010011101000101011100101101100011101111110001110000111110000110101010110000001111011010001100100100110110010101010010101001011000110000111011110110101011100100010100001110110100001010010101010011111110101010000111110010100000100100101110111011111100110100100111110010010111011111111011110011101 
10001101111111011011101000010001100101010100000011101111111111111101100110000110000001011110001011110001000100101111000110000101101110111100011011100001010101101010000111111000000001010001101010111010101111101110111010001011001000101101100000100011100000110111111011000100110110110100011001100011100110011100110010110001001100001011011111000111011101111001000101011010110001111001101100101100111011100000000000011111011111000001000010100111000001101110000110000101001110011111111101001010011110010010111001010001 
00001001110011101101111011010111101001110111011000111000110101011011110001110000100001011110010010011011001100000000011110101010100001110111111010111000010000100111001001010101110101101111101100011010100000100011100011000011000111110001000001000001010011001011011001101001010110011000100101010011000110101111110010011100110100010110111010100000011010111110101011001101011110000000110000001100111000110111011010001000011100011111011111100110010000001011001100111111101010001011110100110001110111110110001110011011 
01100011110010001101111101000011011110001111111011010001001101000111010111100110011010110001100000011001101101111011100100000111110010110010010000000011011100100011000000110100101011011100010011100110010010011111010100000011001100010010101110001110101000101000110001110001100111101101010000101011110100011111001010000001001101101010100000111000101001110100110001011110101011111001101000110000011000111100111111101000001000000110111111011111000001111101011110110000101001001010110101111101001110101101001111000001 
10110001011101110010011001000110111011101011111101001110100110001011111010000101011100001111000111000001100110111100001000100100010001111101100001101011011010001001100011101110101100000101111011011010101010000010101110010001001101110011100011101111001011110111011000000110111100001110110101011000000000001001001001100001011011100010110010111110101111001100010110101010010011100000100001111111001111000000101000111001010110100010001100111010000001010101010000001001011000101011110110100011101110001110000011010001 
11011010011101001100001111010110100101101101110111100010000100001100010100101101011011001011011111011001100101011111010101000010010000001001001000100111010110010001101010101110101000001011110000101111111011110110101111010011010101111100100010110101111010100000000001100011111000011010100110010000110011111011010111010001101110100110110100111101100000110111000110010111110111100011001001110101000110001100000110110001111101111010010001010001100110100111000101110101010100110011111001101001001101010000111110100001 
10111101011100111001010001001010111001011101101101111011001111000011110000000010000001000000001001100001011011010011001111111011101101011111000111011000011000011111100000101001000010010110000010100001100011011100000100010101101010011000111111110011101111111111000011000000111110010001111000111001100010000110110100000100110101110110011100000111000010011000101001011001010010000001000010010110011101010010101001111110001100000101001101010110000100000111000011001101110011010010111111011101110011000111101110111111 
10100010110010110010001010011010011011011111010000111000111000011100101011111110101111010110010010001001101011101001101100010001110100101110000111110010101100111001101001000111001101111110011011101101100100010101010101101101111101000100110001010110111010111001111101001111000100101001011110001001011010110001100100010111110011011011110100001010101001111111001100110111000111111111110000101110111100010110001010111000100111011000001110100000110010101010001110000000010010011000100001111000011101100001000110111001 
11110010010111100010111100110010101101011000000000101001101001101100010100101111001111101111010000101100110101110110110100010010010110010100110110010000111001101010100111010100011000011100110000010001111110110011101010111100000001001000010000111010100111110000111000111001001010010110010111000110100010011110110100111000111000011010011000101011100000100100101010000001110011000100000011011001011111100100011111100100000111011100000101100100011001000110000111000001010100100110101011001111100110110010011000001011 
10011100100111100000110101111100011100100100101101011101001000101000111101110100110111011011111000100011011001000101011010010000100111011001100011001110101100000000100011111001001110011101010110000111000001111011110000111011001111010010110101000111011001001110110111101000101101011010111100010010100110011110010001110010111100111100001001000001010000101100000101000110011001000110011000100101101011101100101011010010011011010111111101010100010000001101110100001011111010110111011101110101101000011011100011100011 
10101010101000101010101111011010110110011001101110101101110001011101010001111110101001001001111110010001111111101011001000101100010101010100001010001000010110000101100110110100101011101001101101111100001111000001011111001101010010101110111100101000111110110011000011110111101111100100010011101010111000111111111010110110100111000000010100011000110010101101000010000110110111100000101001101101011110111111101110000011010110111001111011110100110001111110110010111001010001001101101000101011111110001010010000100111 
01111101010111101101100011010111100100001010000101111101010010100011101111010111111110000110111010101000111101100111100010000110101111001000111111100011100010010010000100111100011001001010010011010111101100000101110110100100111111001011000000001101001000011010100001000010111111000010011010011000010001000100110010000100101011000000000101000010000001000101101010001000101110100000100001000100111001110110011010101001110111101001100001011100000110111100011100011101011001110111110010111000110011001100100101010111 
11011001010111110010001011100101101110101101001110010101010011011000000101000010101000011001100011110011111011010111011011111101111101001100110011001101001110100100010011011111111010000111011100111011111010110101000000000111101110001101010000001001010110111000001111101010110010001110111100000101101101110101001001011011111000101100101110000000100100101111000110111111000101010101010111000110010101001011100010001110101111110110000100010011101111100011100101111000001110110010011000001011010111101101101111101011 
01001111110000001011010110111010011110111000110110000110010111000011110001010111111100010010001010101011100010110111101011001010100000101011000100001101011101110100101010101011000000101111010110110001001110001010101101110010111100100100010110011110111100011111000101010110100011010000100110101100010101111111000101111101001010001011000010101111100100110101111101100011011111000001001010001001101110101111001010100001001100101100111100111110100001110010011110101111011011000110101101001010110101111011101100111111 
11000101111000101011101100110010111101001110011011011011101001110111111111000101110011011001010001110010100001011111010100011001111110011000010000000011000010001011100011100111011011010100100010001101101111101001010000001001110001001011010100001001100000010011101010100110111100111101100000010110100100011100110100111011101101110110101010010001100010110011010110010111111011010001000010111010111010101101100111011011110111101110000101100111111000000100110011100000110100100000111011011110110011111110111001001111 
10001111101100000000101111001000011010110100111111011000110000101010001110111000111101110101111111100001101001001100000111110101111010111001001001100110001001100111001000110111100111100010011011001011100011110011000011011000001101001001010110110001100111111111011010111110001000011011010110000111000111011001010111111000001001011100100011110010101010100010110010100010110110001110110101100100010101101001011011001101111100011010100100111101100100100000010111011101011100110000110111011110110011011010101001010011 
00010011010010100101010010110110100100101110101100010010011101000001100101000001011000011001111011101010111010000110011110000111111001110110111101010001001111001011110010011100101000101001010010000111000000001010000101001110100110010011110100001010001101101010010000001001100101101001111001001010011110011000011010111110110000000011000000111100100011111101000000011110010010001110001011101111001100110010010000101000011001011101000110101101001010000101110101001101011001010010100000100111101101110110110001010001 
00010001000101110010011101010110111010101011111001000110100110001011111010000101010100101101000111000001100110111100101000100100000011110101100001100011011011001001100001101100101100000001111011001000001010000011101010000001000101110011100011001010011001110111111001000010111100001110110101011000000100101001001001110011011011100110110010111010111111000100010110101010111011100000100001101111001111000000101000111001010110100010001100111010000001010100010000000001011000100011101010110011101111001110000011010001 
01110100100000000000010000001000101000100000000011110110000100000001100010011111111110010101010001000001001100010110001000010000011110000010100010111110110101111111101101010010110001001110010001000001100111100001101001101001100110110100101001001110001001011111110110000111000101000001111111000000111000100000100000110110110111010100010001100000111111001000011100001111000010110001011101011100001011001011101001010110010000011010111101010110001000000101011101010000110110110010000001101010100110000100001000011011 
11011100000000000111000011101111000100011111011010111111011100100110001100000101101001000001110110001010011101011111001001011010001011111100110101010111100100011101100100001110111010000111010001111101100101101001101111110001111001111011110000111011111101101001001001110111111101011111011110011101011001011100100100111110011001001010100101100111011110000011011010100101011110101000101001010111100001100110010011011111110000000100110100110110011100110101111101111111000110100100111010000000101101101111110111111101 
00011110000010110101111000000001011001100101100001000000000101001001101010111001100100010110011000010011111001110100011001001000001000011011001100001011111111001111101000010010000101100101111001100100101111100101000010001001111100100101100111100101001101011010110100000011100000000100101000000010111000100010010000010100101111010011100001110010011110101001011100001111000100110110111101100110010101011100011011000100010100001000010100111010111100010010100000101000101000000010100000100100000100001011001100000001 
11110101001100010101100111100011100111000100101101001010110111000001111100100110000000110111101010010010000011101010010000010100010100001111101110100111101010100100000011100110100000100011100110000010111001110011111010001011001100000011101111011001111001110001001110011110100010000001001010101000000011011000111101101100101101000000000000110011000011010011101010101010011010100110101111110010001111101001110000001000001100011100111011110101011001001101111111111111001001010010100000100001111111110110110001010001 
11110100001110111101111101001100010000011000110010001100110101000011111010001111001110101111011100100000111010111111011011111110010100101111111010110010111001110111010011101011101101110111100001111111101111101011001110100011110010101110101111011010001110000010111100101011101110100110000011100001011101110111010111101010100001111101010101111111101110111110111010000100001011011010000010010100100011111101100110111011010001111000010010010110010100010010000100111100011111010111010111011101011110111101001010110111 
10111101001010011001111111111011111001001001100110101100110101110001101111101110110101001111011101101001111001011111100001110010010001101001000010011000110000100101111101011100110110011000110011110011011101110101000100110111110110001111001110001010001111001110011100100110011110110110010011010001011001110000000111101010100000111011110111101001111010101111110011001001001011000110001110111110100111111100011110011111010000111001010110110111010010010111110100111001111110010000010111111111111010110100101101110101 
10011111100001111100111101001001000111010010011000111110001110000101101110011101100011000010001111111011010011010001111100010011100101010111111110001111111111001101001100010101001111010100010110000010001000000001110110010010011111011001010001010000010111100011111000011011010110110110100001001000000101101111011110001011100101000110010101000010100010010111111101100111001101010111101110010100111010111010000010001000101011010001101011001010110101101011010101010100011000100011011000011110011111111110100000010101 
00011110101010010010110000100001011001100101110001011010000001100001101010011000100100010110011110100110111100110001111001001000001000001001001100101110011111100001000011100000010101010111110001110010011110100011100011111001011001000100110111101110101100011010110010000001000110001001001110101011111100100110010001000000000101000000000001111010011110011001011110001111000000110110010111110110010101001110101101010100011110001100010100111110011000010010101000110001101000000000000011100101010100001000000101110011 
00011100100010100001111000000001001000100101100101000010000101101111001010011110000100010111000010010010111100110010001010011000001000001011001110100110010101010111101001010010011100111001000001101000101101000001000010101011101100000111110110000100101100010111110100000001101001100100001011000000111000100000010000010100111110010100010010110001011010001001001101101111001100110110011111010100010101011101011010001000000110001010011100100010011000110001100011000100101000000010101001000100010110011111011100001001 
10101110111001111101101000110101100001111111001100000011000111000010100011010101000010001001101011101101010011100010011011110110001000100110101100010011111101100010011100111110010001000010010010011100100000111111110011100001111000001000111100100110110001010001010100000011000111000101000111110111001010010101111111110011010010000111100000110011111010011110001010000001010011010100011010110000010011100001010001100001001111011011101100000100101011001111101101111111110101111110011010010110101111101010001001010001 
10010101100010000011100000000001101001010101000101100100000100001110001010011001010110010111011000000011111000100011001001001000000100001011000110101111000011100111101100010010101100011101010001111100000111000100000110111111110101000001100101100101000100010010110101010011111100000100101000100100111000100000010100010010111100010100001001110000010010011010111010111111000101010110010101011100010100011000011011110000000110001001011100111010011101110110100011011011101000000010100101100101100000000100101010000111 
01001111000100001011011100110000101011000011110101100001101011100001110000010001110011000100101011001000001000001011111100000010010000001101010111100111111010000011100111100011011110010000100000001001100010100010010100000010000010111101110111010010010100000010110100011010110101000000011011010001111111011101100110001001111100101100011001100111010011111110000010011101101111000011000010110011110111100111001100000100001100100001110000110101100000101111110001111000101011100000011101100110001111101011001111000011 
11111110101110100110100001000001010011011000010001011110011011001101100001001111000011101110101011010010111010000111000011001100100101110111011010001111001110011111000111001010010111001010100010011010001110101010101100011011100011011000001001100101011011100100101000110010100100110000110011011011111101101010111111011011011011111100111011111001100000110100001100010101101010001100101110110110000101100100100110101000000101100100110100000100010101110010101010110101110000111001111001001001111010010101100011000111 
11000101111000100010111101010110011111000110010111011001101001110111111111010101110011011001010001110010100001001111010100111111111100011000010000101010011011111001011001100011011011110100111000011111011011101001010000100001111001001011110100001100100001010001111010100010110100111001100010010111100100011101111110010011011100110110001101010001110110010010010111000111110001010001100010111011111001000011110011101100011110101010111000110001001001111010111011100010100010101011010101101111111000011000101000010001 
01011101000100110001111001000000011011000101101001101100000100001001101010011000101100010011011000000011111100110001011000001000001001011111001110101110011111000111101011000010000101000100110001100010101011100001000010101011110100010101100111110100001101011111110001000011100000001100101000000010110000100110010000010100101111010100110001110010011111001001001101001011000110110110011101101010010101001100001010000100010100001100111000111011011000011000100010010000101000000011111000100100000100001001000000110001 
11111100011101110000111111111101101110111001110111010110011000111101001100111111000010001011101110110111001111110111100000100001111110111000011000010111011010110001110010011001010010101111101101110000010100001000001110101111011100100111101000100111010001111100111110001000100000011001111110111010001110010101100000011011010011101000101100010000101000110000001110000101011101011111011111011111010101000110011111111001010111001111011001000010100110111100001100000111111110111011010100110101100001110011110100010101 
11000101111000100010101101010110011111101110110111111101101101111110110111010111110011011001010001110010100011001111111101111110111100011000010000001011011001111001011001100011010011110000111000011101011001001000010000100001111000001010110100011000100001110001111011100010110000111101100010010001101100001100001110010011111100110110101101110101110110110010110111000110110001010001110010011111111001000011110011111100011110101010111000110001001001110010111111100010100000101011110100101111111001111000101000110011 
11111100101110011001110101001100010001011000111110001100111101001011111010001111000110101111011101100010000010111111011011111111100100101110111010110111111001110011010011101011100100110111101111110111101111101011001110101001110010101110101001011010001110100010111100101111011110100110001010101001001101100111011100101110111100111101010001111111101110111110111000010101101011001000010010010100100011111110101110111011010011100010000011000100000101011010001100001100011101011011110111011100111010111111001010000111 
11111100001111110011011111101010000101111000110111010100101101100000000110011101101000100000011000110001010101011111001101101110101101110111110100010011101110011011100100101100111110000001001101100111101111011111101011110011111000100011000001011100001111101101001010110101111111100100000011010100101010000001101011111000111010001110010101100111001100000111011000101101111101100010110011010111111110110110001011011111100111111001111000111100101110101110110111111111100110110000111010000001111111010011011111010101 
01000000110101101011111101010000100111100010101101010010010000110011101100001101101010101000010100000101000000011010100000001000110110100111100100001001001110110000011000100101001100111100011010000001011100011101011011001100110010111110000100001011100010100010101110000100110011011100110100001100010111001000110001100110110100100001100000110101010110000010101001010000010001000111000100001001110010110101100101110101010000011011000101101000001111011110100000000011101000010000000001010001101000110100101100100111 
11000001101010100010101001010110111111000101010001001001101011111110111101011101110011111011010011110010100101000111010100101011011000011100110000111010010011111001011001100011011001110100111000011111111011101001011000100101111001001011110100001100000001010001111110100010110100101011101010111111110100011001100110010011011100110010001101010001110010010011010111001111110001001001100010110011111001000011011011011100101110001010111000110001000001111010111011100000100010101011010101101111100000011000111010010101 
00010001000100011011010111010001110000011000010000101001110100000110000110001010000111010000010101011011011101100110100000110011110001100110111101100010011111100100110010011101000010101100110101011100001111010011111010000001110000101010110110001101001111000101000101100011010101011000100000000100010001001010000100011100011010001100011110000000111101110100010110110111110001011011011110010101110111000111110100010101011110111001011011010111000110010010000000010101011110010110111110000000000100101100010110011001 
10010100100010000001010001010001000000100101100101110101000100000001100000011101100000010001010001110100011100110010001001011000011101001001100010101110110101001111101001011100010001000110010000110001101111100011000010111111111100110110100001000101010101000111110110000101100001100100101010001000011100101100111000110000100111000100010001110001111001001101001100111111000110010000111101011000001111001001011011010001010100001000111100010111001000110101100011000001110111001011100000101100000110101100001001011001 
10001110110101001101101101101001100100001101000100000001000101100010101111010001000010000010100011100010010011111000011010111010000001101000101100111010011100101000111001100010111100000011010010111100110010111111101000101000110000101000011110101010010011000001100111000010001101100100001101110001011000001001100011010110111000100110111001110000110111000000001011000101001100010111110001000101100000010010001110100110010101001110100100100010001111001110011001010011101011111100100010110010100001000101110110110111 
00010001001101111111010111010001010000111000110100101010010000000100000000000010000111000001010101000110111101100110100010110011110011100011001100110011001111111101110010101100000000101110011101011100101000010011110010100000100000011010110110000001001011001001000101110111000111011000100000000100010001011000000110011000011110101100011111010001001110010000100000011111001000010000001001101011010011100011101111000100111001010010010100100010010101011110010100101000010110110100010110000110111001100101101001001001 
11100100001110110011010101110010111100001100011111010000101010001100010110111011101100010000110110010000110100101111001101111110011111010011111100011011101110011011100100101001000010000000110110000011111111111001100011010111000000110000100101111111110111111110001010101011101111101101000101011100111101011001100100000100110000011100010101000111100100001111110010110111011110110010111011001111100101011101101001011111001010110011101001111100100110101001011111111011000111110100111110000011010110110111111111011101 
00100101010000100101011011010001001010011000000100111011011110111100010110000111000110000100000001010010110101101010100010110110010101100011011101100011011010111101111010101101000001101110110101011010000011010011001011100001110000000010111110000001100001011101011100100100000100010000100000100000010010010000001100010101011010010100110011010001100100011000100010011110111011010100011001101010110010010010100100100100000001100111000100100010001110110110000100010011011010010000101011101001110100000101001010110001 
11001001101110000100100101101010001001001011010011001100001010010110001100011110000011000100111111110001111011100110100011010010000110010100011110111001111011101111100001010011000100110000111100011111011000111110111011111011010001000100011001000110110010110101111111010101010000111000101000010011011000111110111111001010000001001010111010101001000100001100101101000101100111111101111010101010100011010000111001011101011010011110000110001110100001011000001111111000100011000001000000100110011000011011101001110111 
11110110011000000111011011001111001110001100100011011100001010001101000010011110011100110110011110110010110101111111011001111101111101111111110011110111011110010100110110111101111110000001110010110100110001110101001111010111100101000101110100110110111110100111001110110010111100110101011100001101001100111011111111001100011010011010000001101101100110110101011010101010100011000110011001010110101101000011111001110010110110101110110000110111001111100111110101000110000110010011111110010011111011111110101011001001 
01101101000111110101011011110000000101111001110111111111101100100100010010011101111000000000010000110000110101011111001101101000001001010100111100010011101111011001101111101010111110000001011101100011111111111011101011100011011011011010100101101100010111101001000010100100111110000101101111010100101011010011000100110000110110010111011101100111101001000000001010100100000111110011111001011111110000110111101011011111100101111001111000000100100010111001100011111100100010110100111111001011110111011111010110110111 
10101110111001111101101010110101100001111111001100000011001111000010100000010101000000001001101011101111010111100010101011010010001000100110101101010001111111100010011100111110011101010010010010011100100000101111111011000001111000011000111100100110110001011001010101000011000111000101001111110111011010010101111110100010010011000110110000110001111011011110001011100001010111010100011010110000010011100001100001100001001111011011100100000100101111001111100101111111010011001111011011010110101111101011001011010011 
11101110111001001111100000001001100110011100000100000001000101101010001011010001100010000010100111100011001011101000001111110011010001001000101100111010011001001010110000011010001000000011010011111110110010111110101110000011000000100000001101100010011011000100100101000010000100000101001101100001011000001001100001011100111000100100101011110000010101100010001011100001000100010110001001000111110000010010000100100111000100001110000101100110000001011110001001000011001011111100110010110011010001000101001010010101 
11011001010111110010011011100101101111111100001110000111001011011000001011101010101010000111100011010011110011110011111010111100111110001110100011011001101100100110010010111111111010010011010100101011111010110101000110110110111110001011001111001110011001001100010010110101111010110000010011010001011011110010000101100110101000111111110111101011111011101111110011000001101011001110001110110100100011111110111110111011110100100111110011110111011110010101000100110000110110010000101111011111101010100010101001110101 
00000100101100010001000000010011101111000010101000010110001000110010101000111010101101100000010111110010110001011000001000000000110011001100110100011011010000111010000010110110001101000110010011100001101000101011110110001111110000101110000001011010100110000011111000000100011010111100011111000100001110011001111111011001010000010111101100110001111100000010101010110110111111100011001001111101000110101100000110111001111101111111010001010001101110100111000101110100010100110010110010101111001101110100111010100001 
00001111110000000110100111001001111010111100110101011001110000001000100111010001111000110111101111111100100100111010100000010101110000010000100011100110011000000111101100110110011111110001111001101010101010011010101011101110011000001001100000001100001111011001001010111001101111100101101011000100100000000000100100100110101010010111000100010111010100000101000010000100011100111011110011111111110001011010111110011111100110110101000001010100111010100011111110110011001111110001101010000001010111011111010011110101 
11100100001010110011011101011010101111001100111111010100101110001100011100111011101100100000010100000000110100001110101101111100001111010110111111010011111110110011100110010000000110110000110111010011111111011101001011110111000001010010100101111001111111111101001010101000101011101111001111011100101101110001100100101101111001101100010111000111000100101111100010110011011100110010101111000111100101010101101010001111001011110011101001111100111110101001111011111111001101110100111111000011110110110100101111010101 
10110100001011000101011011011010010100001000110100011100101010100111010111101100110100110100001100110000111101111001110001011111111100011011110001010001011110011101110110011100111110000001111000101101010001111101101111010001100001111001110111110100011100110111001001010010111100110101010100000101111011010001111101100010011011011010000101000001100110010111011011110010001101100110000101010110101101000011101111111011110011101100110000110100001110100111110000011100001110000100011110011110101010011110101010001101 
11001100101100111011100100010011110011000010101100110110111001110110101000101011101001000000110101101000110001011010001000001000101011000101101000011011010100011110101010110000001101010101011011100001001110011111010110011110111010101111000010001010101110000001101000000101111010111011011100000100101111100101100000010110111101000100111010111000010110100010101010000000011111010110000011001101101010010000000100110010001100001111001000101000000110011110100000110010001111011100010010111100101000000101011001000111 
11110010001011000111011011011111101100001100100110011101001010101001010110011110001100111110011100110110110101111111011001111101001111011111110001010001011110010100110110111100001100111100011110001001101100011101011011001100111010100010000100001010100010100110101010000100110010011100110110001100000111101000100001100010010000110100100001110100010111100010101001000010010001001100000100001001110111110001111101100101010000011101010101101001001111011100100100000111101100011000010001010001101000010100101101000101 
01100001011101101011111100010101000011100010101101010010010001100010101000001101111110101000010100000101101000011010100011000010110010101111100000001000001010110000010001100001111010000001101000100100110011011101101111010011000001011111111101111110111110100110000100000010111100110111011000000101001010111011111111101100010011110010001101101111100110010111111010110100010100100111010001010110001101000011101001010000110111101110110001110101001010110101110101011110100100000010111010010011111011011110111111001001 
10011101110010110001000011001100100001101101110010010100111101001111001001010100010100000010101000101100101111101010111010000100110010111000000011001011010111111001110011010110111110111001101111110011101010010010010011101111010011000101010100000100000111011010111110000001110110110100110001000101010100000111111111110000011111101010010001100110100100010110110011010001011001110000001000100001111001000000101001111001110101001100011100100101100010110100000000101011100000011100010001011100110110100000110000011101 
11110101001100001001101101100001100111001100111100001010010010100001110100100110000000110101101111010010100011101000010000010100010100000111101110100111111010100100000011110011101000100011100100000010111001110010011000001011101110001011111111111001111001110001001110110110111000101001101010000010000111001000111001111100001101000000000000110011000111010011101000101010011010000110101011100010001111101001110100101000001100011100111011110101011101001101110101111111011001001110100000100101101111110110110001010001 
11111101000010101011111111111101111001100001100010101110101101110001101111101010111100111111011101100011111001011101001010111011000001101001010011100000000001110111111100011101110110111000011001110111111101110101001110111111011010000010001111001110001101011110010010110111101100011110010010010001011011110010000101100110101100111010110111001011101010101111110011000001001010000110001110110100100011011100111110011010010101101101010101110111010101000111010100111100110110011000100110011111111010010000101101100101 
11111101000011110111111101011000111001011000100110001101111101110101100111101101001110011010001110101000111011111011111100111010110011101001011010010110001000111001110010000111110110111000111010010111111011111111001100110110110111011000001111011100001101011000011011100011110110110110010010001010011001100001000111110111000010011111110010101101110000111111110011010000001011001110001000010110000001110101100001011111110111101001100010110111010100010111000000011011110110110100100010101111111001101100101000110111 
10101001110011010011101100010001100101000100000011101111111111111110100110000110000001011010011011100001000100101111000110100101101110110100011010100001010101101110110101111001000001000001101010101010100111101111111010001011001000101001100000100011110000110111110111000100110011110100011001100011000110011000110000010001001100001011011111000111000101111001100101011011110001011001111100101100111011000000000000011111010111000001010110100111000001101110010110000101001110011111101100010010011111010010111001010001 
00110001000101110111110010010001010100011000000001111000111010000100010110010010000110010000000101001010111101001111100110110010011101100010011000110110001100101101111010001100000000101100011100011100000011010011101011100000110000001010100100000011000011001100001101100100000101010101100010001100011001110001000000101100011010010100011101011101101110000010100100011111011011010100001001101010010000100001101111010100101010110010001100010010111001101010000001101001111111111100011110001010010101100101001001000111 
00011100000110001001110001010001000010100100010011110101000100000000110010011101111101010001110000010000001100110010011011001000001110010011100110101111100111011111101001010010110001001100001001100001101111101001001010101011011100110000000011001111001101000110110110000110100000000000101110000000011000101100011000111110100101000110010011010000111001001101000100111111000110011000110000011000000110001001011011010001010100001000110100110110101000110100100011000000110001001011100000100000000110101100001100011011 
11111011110101010100001001010110100101110111001000010000000011111000010110010111011011100011100001100011010010110011010000000100010101110011000100010101110100010010010111001101100010111110011110110011010010011010010000001000110101100111111000010000100011011111000000000000111010101000110010010110100110101100101001111000001010110011110110010111001010100000011010100000110110100011000100010001001110001011001101100111111111000110011111100100000010111000100101100000010000001001011100110101110110010000011011000111 
11111000011100011101001101011000010010011000110010001100101101001001111010011111000100101111011111000000101010111011011011111011000100111100111010000101111000110101010011101011101101110101100001111110101111101011001110111001010010101100101011001010001000100010111100101111011010100110010010101001001101100111010111101100101100111101010101100111101111111100101010010100110011000010000010010101100001111101111001101010110111101110010010100110011011100101110100111110100110000000100010010011111001001110111111001101 
00101110111000000010111011001001101110111100111101011000110000001000100110011001011001110100101111011000100010111010100000010100110100101010000010100110011010000111101110111110011110110001111001101111111010011010101001101011010000001001000000001100011111011001001011110001111111110101101011010011011101111011000101101111000010111111110110101101110000111101110011010110101011011100011000110101010011110110110001010011110111111000110010110110010100010111000000101011100100100100100110111111111111001001100010011111 
00110001011001110101011011010001000010011100000010111110111110110000110010000010100110010100000100010010110101011110101110110010010101100011111101100000001110111110011110001100000100011100011101011000000001010111001011000011110000000011100110000001100001001100111101111101000001010000100000100000000101010000001010010000111110010100110011010101100100001011100010010010011111110100001001101010010010100010100101100101101011100110001111010001111001111000000100111010010011011100011110001010100000100001101001010001 
00001111011101111100010101110011001010111000111101010100010110010000010010011001001111000010101111001110011101110110010000111001000010111111110111101100000111001011000010110111110111010100001001101000100111000001110001100001000001110100000001101110111001110000110110001000001100101010110110011000011101111101010101011010101100011110111101010111001100010111011110111011110111010110101010111001000001101010101010110111111111100011000000000011101110101010101110011111010001101111111110111101100101011000000110110001 
11011100010001000101000011101111011110011111011000111111101100100110001100100101101000000000110110011010011001011111001001011010000001111100111111010111100000011100100100011110111010000101010001111101100101101001101111110001111001011011110000111011111101101001001001110111111101011111111110011101011000011100100100111110011011001010100101000111010110000011011011100011011010101000101001000000000100001111010111010101010110101000011100101110101010110000100111110000001100000001001000111100000100001110000101000011 
10100100011101101001110101011100110011101010101100111110010011110011101010101111101010101010100100000001110000111010001100001000100011101110100100001011001100110001001000000001001101110101111010000011000101011111110111001111111010101010000000001010110010100001101100000100011010111000101110000100000111101001100001110110110000001111100011110101010110100010101111000000001011001100000100001101010011000100100000110100010100010111000001101010001111010110100001000111101100010000000000010001101000100100101100000111 
