11100101111000100001111011001100111010100101011010000101000111010101000101010011011010111110011110111100110010111110110001000011110001111001001101011101110000000100100010011110000101101110001101011000101101010110011111100011010110010111010110111110111111111000100100101110110110111100001110001110010100100111111110000101111101011110001001000011101110110011001000011011111110111011111001111111100011100101111110001000111000100010011000100110011001011110100010011110000000101110111111110010100110101111100101001010 
10010110110111000100101010010000000111110001000010001000000110100001111111111001101010110011001011011111001110101010000010110010000100101000001100101001111000010101010011100010110010100110100001101011001010101100010000101011111000001111101010011001100111000011011010101111100101110100111101000001000101100001000101100101000011101111111111001100101010101111000101001101000010010111000001101011000010001110010000001100000010100110010100000000000101000010011010000010000111001000010011100001001110101010010001001100 
10010110110111000100101010010000000111110001000010001000000110100001111111111001101010110011001011011111001110101010000010110010000100101000001100101001111000010101010011100010110010100110100001101011001010101100010000101011111000001111101010011001100111000011011010101111100101110100111101000001000101100001000101100101000011101111111111001100101010101111000101001101000010010111000001101011000010001110010000001100000010100110010100000000000101000010011010000010000111001000010011100001001110101010010001001100 
11100101111000100001111011001100111010100101011010000101000111010101000101010011011010111110011110111100110010111110110001000011110001111001001101011101110000000100100010011110000101101110001101011000101101010110011111100011010110010111010110111110111111111000100100101110110110111100001110001110010100100111111110000101111101011110001001000011101110110011001000011011111110111011111001111111100011100101111110001000111000100010011000100110011001011110100010011110000000101110111111110010100110101111100101001010 
01000010011111000110000001001110000011000101101110000110100000011110100010101011011010011001010001011100000100001100110001011000001010111011000010000010001000111010011001011100000100101001110000011100010100000110010100111000000010001001110110101010010011100001101011011111001100000110010111001100110100001011010001000101000101010100110000000101100010110100100011001000101000101000110001101011101001110110100100010110010110010001000101111010101101001001011001111010111010011101111001010011101111101101010101011101 
10010111100000000000100011000110111101000000001000101000101110010001111110110110101011111101000000101111111001100101101111100101001001110111100011110011100101110101111000100111011101010001001100011011010000001000111010101100011011000100100000011110000000111000111111100110111011010011000011010001000101110100000100100001011010010010001100100011011100000011110011100100100010100011100010101101000100001000001110010100001001001110011101011101001010001010101000100011101010101000011001001001001010111110000000001101 
10010111100000000000100011000110111101000000001000101000101110010001111110110110101011111101000000101111111001100101101111100101001001110111100011110011100101110101111000100111011101010001001100011011010000001000111010101100011011000100100000011110000000111000111111100110111011010011000011010001000101110100000100100001011010010010001100100011011100000011110011100100100010100011100010101101000100001000001110010100001001001110011101011101001010001010101000100011101010101000011001001001001010111110000000001101 
01110100010110110111100100111101101100100100010101010111001001111111101111011100010111101100010101101011110001001001101100010010100111110101001010101110100110111011110010101110110111110111001110110101001110110110001001000110010100100011011111110011100011101010001101100111100011000000010101100110011111101010010111100011111101101100100000011001001000000001000100111111110010011101111101010010111011011011000011101001011010111110110111100101010011101001011111010110000010111010110100010010000000010100110010011001 
01000000010110011101110101101101000111111010011010000100100101000100010011110111100010001111111010111111100011010010111101001001000111100011111101110000000110101101110100011110101010001100111011010111111000111110100110110010011100110001101111111011001110101010100100101000010101100000101111110100010000101110001111000111011001100011110011111101011111010101101101100100101011001110111110011111001001101100100110111010000001011011110001110100101010111011100010001010000101010101100111111011011100011101100001111001 
01110100010110110111100100111101101100100100010101010111001001111111101111011100010111101100010101101011110001001001101100010010100111110101001010101110100110111011110010101110110111110111001110110101001110110110001001000110010100100011011111110011100011101010001101100111100011000000010101100110011111101010010111100011111101101100100000011001001000000001000100111111110010011101111101010010111011011011000011101001011010111110110111100101010011101001011111010110000010111010110100010010000000010100110010011001 
01000010011111000110000001001110000011000101101110000110100000011110100010101011011010011001010001011100000100001100110001011000001010111011000010000010001000111010011001011100000100101001110000011100010100000110010100111000000010001001110110101010010011100001101011011111001100000110010111001100110100001011010001000101000101010100110000000101100010110100100011001000101000101000110001101011101001110110100100010110010110010001000101111010101101001001011001111010111010011101111001010011101111101101010101011101 
00000110100110010111111110110100100110001010111100001001111111101001011110101001110100110000100111001100110001010111001101001011111100011100000001101011111110100011000110110111101100101111001111111010101110100110110100010010100000000101111011100011001011001010100100011010001110111010011000011110001100111111001110000101001101010011100000001111111100000100000101111010101111100100000111010010110011110001101110000011011111001111100111010110111111111110000001110001010101101001111100101111001111011111111110101100 
11001010010110110100010011000111100000110010110111001011011110101001100110110100101111100110001000011101111001111111101000111111000111001010100011111110101000100100010111101111111011011001100000000101101011101001111111010011011111011111000101110000100101010000000001100110011001001010001011110000000101111000110000110100110011001010011010001010100110011110010011000011011010100110110100011111011000011100100110110010010001111010011010101011100011010001110110001010001001110000110100100001101010010111001100100110 
10101100110100101010100011110010111010100001111101010101010110111000001110010110000111001010001111011000000000111110000110100100001110110110000110000111100011110011000111110101111001001101001100111111000111110011001000000001001000110000111110000110000011100000011010001100011101011111101110000011011100111001100000100111011001011000011001010000010100000000010001100110011101110000010010110100001000100101000011111101000110011000010101000111010111001110011001101100101110011101110100001111101110000100010011001011 
01000000010110011101110101101101000111111010011010000100100101000100010011110111100010001111111010111111100011010010111101001001000111100011111101110000000110101101110100011110101010001100111011010111111000111110100110110010011100110001101111111011001110101010100100101000010101100000101111110100010000101110001111000111011001100011110011111101011111010101101101100100101011001110111110011111001001101100100110111010000001011011110001110100101010111011100010001010000101010101100111111011011100011101100001111001 
10101100110100101010100011110010111010100001111101010101010110111000001110010110000111001010001111011000000000111110000110100100001110110110000110000111100011110011000111110101111001001101001100111111000111110011001000000001001000110000111110000110000011100000011010001100011101011111101110000011011100111001100000100111011001011000011001010000010100000000010001100110011101110000010010110100001000100101000011111101000110011000010101000111010111001110011001101100101110011101110100001111101110000100010011001011 
01101111111010001110111101000011101010000110110110111001101011100110101011000101110101010100011011100011100111001011010101010100011101101100110010000111011110110110101100111010100010101111011011100111010010110001011011000100000110101010110010100010010000111000100101110011000111100001110011111001011011000001110000101111010101010100100101000111000001000011111100111011001110111100010101111101110100110011101011011010000010001111101101110100111100001010010110111101011101000111000100011110010010101010011100101111 
00001000110010100010101100001100100100111000100110110101010111000001001000010111101011111001001111001010000010100011110111101100001110011100110111010100011011100001100000001001111000001100010000011010001011111000101010011010001011100000100011110001000010100101111001110110010101110100101100011001100111110010000101111001011001011001101000001110110101011110101000000100001100011010000111001000011111010000001001011000110000101110010011110010001111001101101111011000011000000001100001111101110110110011101101010011 
00101101111010000111000111101001100101001100010101100111101111011010100010001110110101010001011011100101010110100000110001001111000101110010110101011101100001010010010001111100001101110101101010010000110100110011010000011011110000011011101100100000000111000011000100111110011100100100110111100110010011010000101100110010111010111101000101000000010100101110111001111000101011001110000000111011101100010000100011101011100000100000100001000001100110111010000010111010011101101011100110111101100001111001111011100011 
10101101010010110100001100110111010101001000011110111111101001010000100010100110110010001110000010100100100111110111011101101100011010000100100001110001110000110100011001101111100001110101100000110100001100010010000011111010111011001001101110100101010111000100010010011011001010011000011001100111001110100110111110001000010111110101001011010000101001011101000111010111001011111010101101010111010101100010011111001000101100111000110001110101010110000100000010001101001100110101101000110101000001000100001000100010 
00101101111010000111000111101001100101001100010101100111101111011010100010001110110101010001011011100101010110100000110001001111000101110010110101011101100001010010010001111100001101110101101010010000110100110011010000011011110000011011101100100000000111000011000100111110011100100100110111100110010011010000101100110010111010111101000101000000010100101110111001111000101011001110000000111011101100010000100011101011100000100000100001000001100110111010000010111010011101101011100110111101100001111001111011100011 
01101111111010001110111101000011101010000110110110111001101011100110101011000101110101010100011011100011100111001011010101010100011101101100110010000111011110110110101100111010100010101111011011100111010010110001011011000100000110101010110010100010010000111000100101110011000111100001110011111001011011000001110000101111010101010100100101000111000001000011111100111011001110111100010101111101110100110011101011011010000010001111101101110100111100001010010110111101011101000111000100011110010010101010011100101111 
00001000110010100010101100001100100100111000100110110101010111000001001000010111101011111001001111001010000010100011110111101100001110011100110111010100011011100001100000001001111000001100010000011010001011111000101010011010001011100000100011110001000010100101111001110110010101110100101100011001100111110010000101111001011001011001101000001110110101011110101000000100001100011010000111001000011111010000001001011000110000101110010011110010001111001101101111011000011000000001100001111101110110110011101101010011 
10010111110010001100010110000010110100010011110110111001001001110111000100010101010000001111011111010100011011001101111110010010111100111100000100110000001101000000011110111110101010101010011110100100011001010011000011010001101001100001000101111010010001111100010001101111110011010101111101110010011101100000100000101101000001110011111011000111011110011110010111101111110001011011110001011101101111010011110000011000011100001000111111010111011100001001100110000111100110101000001110010000110011101011000111010101 
10010111110010001100010110000010110100010011110110111001001001110111000100010101010000001111011111010100011011001101111110010010111100111100000100110000001101000000011110111110101010101010011110100100011001010011000011010001101001100001000101111010010001111100010001101111110011010101111101110010011101100000100000101101000001110011111011000111011110011110010111101111110001011011110001011101101111010011110000011000011100001000111111010111011100001001100110000111100110101000001110010000110011101011000111010101 
01100010110001101100101110110001100010000001101101111101111110110100111100101101000100111101000110000111010100111010001000110000010110101001000000101110110100101110101011011010001010111111101111000101110110010110110011010001100001100101000001101100001000110001011010111000100011101110000001101000110010110110001011001110000100100101111011100111110111010111110111011110011010010001110111000111011110001111100000001010000110011000010100101101001100111001101111001001010010010000011110100001000000101100001100000011 
10000100000110001111000110001010110110000011010100100111001000110000000010010010011001001110001100110001110000001101000110011000110101100001101010001011000111000111011000011101111110000011010111100010001101010011001001000110110011101011110110101010111010010110100110010111001000010001001110111110010001101100110001110111010001101100011010101010100110110001011000110010000101111111000011110100000101101000000000100001000011001000001011001110111010100001000001010000111101110101011101101100111100010010111101100001 
10011001111000100011111000010110010010110011000100001101100001001011000111100101100010110100011100101011001101011011111101100000110100100000111011111011001001100001101001111010010011101010010100101001110101011011101010101111101010110010000100001100100011001011101111011010010110011011010111000100000110110000010100100010011100100011110101000010000001000101000111000000110010010000100100001111101100001100101010000001000000011000000010000111011001111100011011110011011100111111101000001110011101010100110000110101 
01101111110100110100000101100101001111110000101100011110100001001011101010101111011011001001100100010100101001100110000000111001111101000111010011111011101110000100001111011111101001100011010010110111101111111000011101110101001100011000001111001010000001010010000110010100000011001111011110101011110101110101110110110101000100100011000111001000100011011111000000001100100011011011110110111011001111001100010000000110010111010110011001110110010101000100010110100110100101001110001010110010000100101001111100000101 
00110111111100001011111011001111000000100010011011100111000110000100100111001110001110011101101110010001011010001111110101010100111000100001110111100110101100110001010010101010000010100000111011011110111011110100101001100110000110110011011011000010111110000011100111010101011100111000011010011000110110011011011111110100111100010100110000001100111000000110010010100100100011111011110011111010111100001110111101100111100101010101011000001010010011101100111011000110100111111111110110110101100010101110000010011001 
10111011010011000110001110110111000111011001110110010101110101101111010111111000100101000010101101101110111010111000011111100111100100000111010000110111011101100010011000001001011111001111000110110000000110001010000001110001011111000011111100011100000000010000111001001011101101010011001010110010011001000100100101100110110001001111100100100010101001001010001001001110011110110100101110111100010101001111011110100010000110001110000111000001010000101001000011110001101010111001011101100000101100100111111001001101 
11101010101001101011111100010010101000001110011011001011001110110110101011101010111100010111101111100011001101001000000001100101101010000001001101010111100110100010111111010010010010110000100001111011001101001110100001100100111010111000001011101110100110001000100111111001001000100000011110100101100101010110101000100110000111001000010101000001001100011001111100101101010010100010000100101110100010001001110100000101100011110111101000000101111010111101111101010000000110010111010000111001000101011100001110011101 
00010010111000000000010111101111100011110001011101010000011101101011110001010100110001001010010001111100000011010101111010010001101011001001100111011111110001001101000011001000111010011111110100011011101110000111010011011011010100001111100001111111001101000000110001011001100001111101011100100111010000100011101001000100011010000001110001001001011011100010000111000001101101001100011001010000100010010111000010001101000111011000101010001001100100001100000000010001001011010000111110101110011000001101000111000111 
11001010010110110100010011000111100000110010110111001011011110101001100110110100101111100110001000011101111001111111101000111111000111001010100011111110101000100100010111101111111011011001100000000101101011101001111111010011011111011111000101110000100101010000000001100110011001001010001011110000000101111000110000110100110011001010011010001010100110011110010011000011011010100110110100011111011000011100100110110010010001111010011010101011100011010001110110001010001001110000110100100001101010010111001100100110 
00000000000001100010000101010000000011000111111101011011001110100110010101111011111010011110101011000101000010101011110110010100011100100101011111010001001101010010101110110101010010100110010000011101100011011111101111010010111010110101100111010100000100100110110111101101101011101100010010100001011111101001110001100110010010011011101110010001101101010011100001111010001111111000010111111101100110100111101111001101001011110111111000011011111100101001001011100010000001010110110110101110100111111100001000000011 
00001101011011001110010110100110000000011010010010000001110111010000101001100110110000010101101110100011000000101011111010010011100011010000110001110010001010100111000111111100011110110011011101010101000010011011110011011011111110111111110100111111011010001111000010000000010011111101000010010111000010011111001010110011110101110111001100111111111100001100111111110110001100000110011101101101101000010110000001111001111010111100101001000001111100101110000011011011000001000100010001001001111001011100000011001001 
11101010101001101011111100010010101000001110011011001011001110110110101011101010111100010111101111100011001101001000000001100101101010000001001101010111100110100010111111010010010010110000100001111011001101001110100001100100111010111000001011101110100110001000100111111001001000100000011110100101100101010110101000100110000111001000010101000001001100011001111100101101010010100010000100101110100010001001110100000101100011110111101000000101111010111101111101010000000110010111010000111001000101011100001110011101 
00000000000001100010000101010000000011000111111101011011001110100110010101111011111010011110101011000101000010101011110110010100011100100101011111010001001101010010101110110101010010100110010000011101100011011111101111010010111010110101100111010100000100100110110111101101101011101100010010100001011111101001110001100110010010011011101110010001101101010011100001111010001111111000010111111101100110100111101111001101001011110111111000011011111100101001001011100010000001010110110110101110100111111100001000000011 
00010010111000000000010111101111100011110001011101010000011101101011110001010100110001001010010001111100000011010101111010010001101011001001100111011111110001001101000011001000111010011111110100011011101110000111010011011011010100001111100001111111001101000000110001011001100001111101011100100111010000100011101001000100011010000001110001001001011011100010000111000001101101001100011001010000100010010111000010001101000111011000101010001001100100001100000000010001001011010000111110101110011000001101000111000111 
10111011010011000110001110110111000111011001110110010101110101101111010111111000100101000010101101101110111010111000011111100111100100000111010000110111011101100010011000001001011111001111000110110000000110001010000001110001011111000011111100011100000000010000111001001011101101010011001010110010011001000100100101100110110001001111100100100010101001001010001001001110011110110100101110111100010101001111011110100010000110001110000111000001010000101001000011110001101010111001011101100000101100100111111001001101 
00110111111100001011111011001111000000100010011011100111000110000100100111001110001110011101101110010001011010001111110101010100111000100001110111100110101100110001010010101010000010100000111011011110111011110100101001100110000110110011011011000010111110000011100111010101011100111000011010011000110110011011011111110100111100010100110000001100111000000110010010100100100011111011110011111010111100001110111101100111100101010101011000001010010011101100111011000110100111111111110110110101100010101110000010011001 
01101111110100110100000101100101001111110000101100011110100001001011101010101111011011001001100100010100101001100110000000111001111101000111010011111011101110000100001111011111101001100011010010110111101111111000011101110101001100011000001111001010000001010010000110010100000011001111011110101011110101110101110110110101000100100011000111001000100011011111000000001100100011011011110110111011001111001100010000000110010111010110011001110110010101000100010110100110100101001110001010110010000100101001111100000101 
10000100000110001111000110001010110110000011010100100111001000110000000010010010011001001110001100110001110000001101000110011000110101100001101010001011000111000111011000011101111110000011010111100010001101010011001001000110110011101011110110101010111010010110100110010111001000010001001110111110010001101100110001110111010001101100011010101010100110110001011000110010000101111111000011110100000101101000000000100001000011001000001011001110111010100001000001010000111101110101011101101100111100010010111101100001 
10011001111000100011111000010110010010110011000100001101100001001011000111100101100010110100011100101011001101011011111101100000110100100000111011111011001001100001101001111010010011101010010100101001110101011011101010101111101010110010000100001100100011001011101111011010010110011011010111000100000110110000010100100010011100100011110101000010000001000101000111000000110010010000100100001111101100001100101010000001000000011000000010000111011001111100011011110011011100111111101000001110011101010100110000110101 
01100010110001101100101110110001100010000001101101111101111110110100111100101101000100111101000110000111010100111010001000110000010110101001000000101110110100101110101011011010001010111111101111000101110110010110110011010001100001100101000001101100001000110001011010111000100011101110000001101000110010110110001011001110000100100101111011100111110111010111110111011110011010010001110111000111011110001111100000001010000110011000010100101101001100111001101111001001010010010000011110100001000000101100001100000011 
10001100111000110010100111100101011101101100010001101011010000000100001000001101001001001000001011001001010011100111100010001111000010001100010001110011111110101010000001100110000011010010101000000010011010000110101000101000111000111101110111111101000101111011101011111111110001000010011111010010111010011010110011000101100001011011110110011111000111100100110100101110001111000000001010110000101111010110100110011000100011100111000100100111111101011011100100100000010011001011110111010000110000100101110101010001 
00001101011011001110010110100110000000011010010010000001110111010000101001100110110000010101101110100011000000101011111010010011100011010000110001110010001010100111000111111100011110110011011101010101000010011011110011011011111110111111110100111111011010001111000010000000010011111101000010010111000010011111001010110011110101110111001100111111111100001100111111110110001100000110011101101101101000010110000001111001111010111100101001000001111100101110000011011011000001000100010001001001111001011100000011001001 
10001100111000110010100111100101011101101100010001101011010000000100001000001101001001001000001011001001010011100111100010001111000010001100010001110011111110101010000001100110000011010010101000000010011010000110101000101000111000111101110111111101000101111011101011111111110001000010011111010010111010011010110011000101100001011011110110011111000111100100110100101110001111000000001010110000101111010110100110011000100011100111000100100111111101011011100100100000010011001011110111010000110000100101110101010001 
11111011111010111011111101011011111110101001111110101110011011010000100111001111110011110110011000111100010111011101011100110110000011001000010000001110100001101010100000101011101110010111110011111000100001110100111000110110101010101110110100101010010001100100000011001000100110010010000010110000110000011100010110100000101001001011111101011100011100001111100001001010001011110000000111101010110011001101000100110111111001001101000111111101001000111100011111000111110000101010111011011000101111010101000000100011 
11111000000011010000011101100100101011011001100011001101101011001001000111011111101010011010001011100100010010101111111001001111100001100100110000101110111110111110001100100000111011101000011011010100000010010111101110101000010111100100010100011011111111101011000010101011100000111101111010111110000111010110100100101001000000101111011011111110111111100011100100000000011111010100101101111100010010111101011011000001001101001011110001110101100001111011111000111100010001110000101011011111110011001001101110110001 
10010010110111000101010111100010100111111010000000110000001000100100100010101111001011100000000110101101101000011000011001111101010101101111010000101010000001100110010110100100001001001011000100100000111100111100000101110111100001100011101100101001100110010111001010001000101001110110100011110010100100110110010111001111000000110111101111101101101001000101011011111101101101000000000111011001000110100101111001101100101111110101011000111011011010111111001101100110001100000011000010100101100101011111110011110011 
11001001001000011010000111001010001101110010110100101010110101011011001001000010100101001101011101000100010010101101000111100011111100101010110010001110010111111111001000101010001001111010001011110110101111111111100011001110011101000110010111100111101011001110011000001100101010001111101001100010000101100110010011000000110010010110110010101000011101111101101000011001000010010000000111111111011110011010001111000101001100110001111101110101011100110110101010100111111110010101111100011000111100000000010111101011 
11000011001001101100111101100001111010011101001000000001101000100001001000010110011001101001010101001010110000111010001111110101101110100101010100110100000111100101101101011011001111000011010000010101110001111101000011011101110100111000101010011100100100001011111110000011100001101110101110010100110000101100100010110100110100011111011001110001011111000111110000101110001010011000110110100011000010011110011001011111100001110010000101010010110011111110011010001010110010111111100111101111000100110100011010010011 
01010010100011110000011111101110111111011001001011010010001111110011101101111000101000111101010111110010111100001110110110101011000110100001000100010110111110100111111100111010111011100001111011011000101000000100001111111101001011001110001101110011111001001100111010010011010110011101101001001111000110110011111101110110010100110011000000111111111100100101011001100000110001000110011000001000110001011101010101001110011110001101100101101011100101011001110001010000110010011101101110000010001111010001010100010001 
01101111101011000001111111000011010111011010110110000000110001000011000100101011111011001100110011010000000111110110000001010001001101010110110110101111001101101010010010011111110000011011011011001111111111000100101001001100110111101010011001100000111100110111110111000110010000110011000010111010111010001111110110010010100101100000000111101011010011010100000111111101001101001111000001001101010001000100111001011111101001101000001011110110110000110011001000010000111100111111001011110101010010101111010001110111 
11111010001101000010001001110000111101010110001111110100011101011110010001011100101000010010100100110001100000100011100111010101110110000101011011001101010110110101110111000011100101100111011000100100000001100100101101101001011001101001000110000000100100101001100011000010100000001110010100000101111010010011100101011011000000000010100111111110001111100111110111011011110100111100110011101111001011000111011100011000110110000101101001100100010101000011100111001001101001011001111000011111010100011110110101100111 
11111010111110101101110111011010010110101101101011000011101111001101111011011010110110001010010011000010101101011111010111010000010010101111000001101111010010100110000000110011111101111111000111001101100001001110101110000101110101001001011101111000001010110100111101010000101111011110111011000000101001100011110001011001110010000101001010011110111000001110100100000100110001000110010000110000001111001010101011010111101011001011001001010000111010000001010111011101100000011111111011100010110110000011100101111001 
10101101010010110100001100110111010101001000011110111111101001010000100010100110110010001110000010100100100111110111011101101100011010000100100001110001110000110100011001101111100001110101100000110100001100010010000011111010111011001001101110100101010111000100010010011011001010011000011001100111001110100110111110001000010111110101001011010000101001011101000111010111001011111010101101010111010101100010011111001000101100111000110001110101010110000100000010001101001100110101101000110101000001000100001000100010 
01101111101011000001111111000011010111011010110110000000110001000011000100101011111011001100110011010000000111110110000001010001001101010110110110101111001101101010010010011111110000011011011011001111111111000100101001001100110111101010011001100000111100110111110111000110010000110011000010111010111010001111110110010010100101100000000111101011010011010100000111111101001101001111000001001101010001000100111001011111101001101000001011110110110000110011001000010000111100111111001011110101010010101111010001110111 
11111010001101000010001001110000111101010110001111110100011101011110010001011100101000010010100100110001100000100011100111010101110110000101011011001101010110110101110111000011100101100111011000100100000001100100101101101001011001101001000110000000100100101001100011000010100000001110010100000101111010010011100101011011000000000010100111111110001111100111110111011011110100111100110011101111001011000111011100011000110110000101101001100100010101000011100111001001101001011001111000011111010100011110110101100111 
00000110100110010111111110110100100110001010111100001001111111101001011110101001110100110000100111001100110001010111001101001011111100011100000001101011111110100011000110110111101100101111001111111010101110100110110100010010100000000101111011100011001011001010100100011010001110111010011000011110001100111111001110000101001101010011100000001111111100000100000101111010101111100100000111010010110011110001101110000011011111001111100111010110111111111110000001110001010101101001111100101111001111011111111110101100 
10010010110111000101010111100010100111111010000000110000001000100100100010101111001011100000000110101101101000011000011001111101010101101111010000101010000001100110010110100100001001001011000100100000111100111100000101110111100001100011101100101001100110010111001010001000101001110110100011110010100100110110010111001111000000110111101111101101101001000101011011111101101101000000000111011001000110100101111001101100101111110101011000111011011010111111001101100110001100000011000010100101100101011111110011110011 
11000011001001101100111101100001111010011101001000000001101000100001001000010110011001101001010101001010110000111010001111110101101110100101010100110100000111100101101101011011001111000011010000010101110001111101000011011101110100111000101010011100100100001011111110000011100001101110101110010100110000101100100010110100110100011111011001110001011111000111110000101110001010011000110110100011000010011110011001011111100001110010000101010010110011111110011010001010110010111111100111101111000100110100011010010011 
11111000000011010000011101100100101011011001100011001101101011001001000111011111101010011010001011100100010010101111111001001111100001100100110000101110111110111110001100100000111011101000011011010100000010010111101110101000010111100100010100011011111111101011000010101011100000111101111010111110000111010110100100101001000000101111011011111110111111100011100100000000011111010100101101111100010010111101011011000001001101001011110001110101100001111011111000111100010001110000101011011111110011001001101110110001 
01010010100011110000011111101110111111011001001011010010001111110011101101111000101000111101010111110010111100001110110110101011000110100001000100010110111110100111111100111010111011100001111011011000101000000100001111111101001011001110001101110011111001001100111010010011010110011101101001001111000110110011111101110110010100110011000000111111111100100101011001100000110001000110011000001000110001011101010101001110011110001101100101101011100101011001110001010000110010011101101110000010001111010001010100010001 
11111010111110101101110111011010010110101101101011000011101111001101111011011010110110001010010011000010101101011111010111010000010010101111000001101111010010100110000000110011111101111111000111001101100001001110101110000101110101001001011101111000001010110100111101010000101111011110111011000000101001100011110001011001110010000101001010011110111000001110100100000100110001000110010000110000001111001010101011010111101011001011001001010000111010000001010111011101100000011111111011100010110110000011100101111001 
11001001001000011010000111001010001101110010110100101010110101011011001001000010100101001101011101000100010010101101000111100011111100101010110010001110010111111111001000101010001001111010001011110110101111111111100011001110011101000110010111100111101011001110011000001100101010001111101001100010000101100110010011000000110010010110110010101000011101111101101000011001000010010000000111111111011110011010001111000101001100110001111101110101011100110110101010100111111110010101111100011000111100000000010111101011 
11111011111010111011111101011011111110101001111110101110011011010000100111001111110011110110011000111100010111011101011100110110000011001000010000001110100001101010100000101011101110010111110011111000100001110100111000110110101010101110110100101010010001100100000011001000100110010010000010110000110000011100010110100000101001001011111101011100011100001111100001001010001011110000000111101010110011001101000100110111111001001101000111111101001000111100011111000111110000101010111011011000101111010101000000100011 
10010110110111000100101010010000000111110001000010001000000110100001111111111001101010110011001011011111001110101010000010110010000100101000001100101001111000010101010011100010110010100110100001101011001010101100010000101011111000001111101010011001100111000011011010101111100101110100111101000001000101100001000101100101000011101111111111001100101010101111000101001101000010010111000001101011000010001110010000001100000010100110010100000000000101000010011010000010000111001000010011100001001110101010010001001100 
11100101111000100001111011001100111010100101011010000101000111010101000101010011011010111110011110111100110010111110110001000011110001111001001101011101110000000100100010011110000101101110001101011000101101010110011111100011010110010111010110111110111111111000100100101110110110111100001110001110010100100111111110000101111101011110001001000011101110110011001000011011111110111011111001111111100011100101111110001000111000100010011000100110011001011110100010011110000000101110111111110010100110101111100101001010 
10010111100000000000100011000110111101000000001000101000101110010001111110110110101011111101000000101111111001100101101111100101001001110111100011110011100101110101111000100111011101010001001100011011010000001000111010101100011011000100100000011110000000111000111111100110111011010011000011010001000101110100000100100001011010010010001100100011011100000011110011100100100010100011100010101101000100001000001110010100001001001110011101011101001010001010101000100011101010101000011001001001001010111110000000001101 
01110100010110110111100100111101101100100100010101010111001001111111101111011100010111101100010101101011110001001001101100010010100111110101001010101110100110111011110010101110110111110111001110110101001110110110001001000110010100100011011111110011100011101010001101100111100011000000010101100110011111101010010111100011111101101100100000011001001000000001000100111111110010011101111101010010111011011011000011101001011010111110110111100101010011101001011111010110000010111010110100010010000000010100110010011001 
01000010011111000110000001001110000011000101101110000110100000011110100010101011011010011001010001011100000100001100110001011000001010111011000010000010001000111010011001011100000100101001110000011100010100000110010100111000000010001001110110101010010011100001101011011111001100000110010111001100110100001011010001000101000101010100110000000101100010110100100011001000101000101000110001101011101001110110100100010110010110010001000101111010101101001001011001111010111010011101111001010011101111101101010101011101 
01000000010110011101110101101101000111111010011010000100100101000100010011110111100010001111111010111111100011010010111101001001000111100011111101110000000110101101110100011110101010001100111011010111111000111110100110110010011100110001101111111011001110101010100100101000010101100000101111110100010000101110001111000111011001100011110011111101011111010101101101100100101011001110111110011111001001101100100110111010000001011011110001110100101010111011100010001010000101010101100111111011011100011101100001111001 
10101100110100101010100011110010111010100001111101010101010110111000001110010110000111001010001111011000000000111110000110100100001110110110000110000111100011110011000111110101111001001101001100111111000111110011001000000001001000110000111110000110000011100000011010001100011101011111101110000011011100111001100000100111011001011000011001010000010100000000010001100110011101110000010010110100001000100101000011111101000110011000010101000111010111001110011001101100101110011101110100001111101110000100010011001011 
00101101111010000111000111101001100101001100010101100111101111011010100010001110110101010001011011100101010110100000110001001111000101110010110101011101100001010010010001111100001101110101101010010000110100110011010000011011110000011011101100100000000111000011000100111110011100100100110111100110010011010000101100110010111010111101000101000000010100101110111001111000101011001110000000111011101100010000100011101011100000100000100001000001100110111010000010111010011101101011100110111101100001111001111011100011 
00001000110010100010101100001100100100111000100110110101010111000001001000010111101011111001001111001010000010100011110111101100001110011100110111010100011011100001100000001001111000001100010000011010001011111000101010011010001011100000100011110001000010100101111001110110010101110100101100011001100111110010000101111001011001011001101000001110110101011110101000000100001100011010000111001000011111010000001001011000110000101110010011110010001111001101101111011000011000000001100001111101110110110011101101010011 
01101111111010001110111101000011101010000110110110111001101011100110101011000101110101010100011011100011100111001011010101010100011101101100110010000111011110110110101100111010100010101111011011100111010010110001011011000100000110101010110010100010010000111000100101110011000111100001110011111001011011000001110000101111010101010100100101000111000001000011111100111011001110111100010101111101110100110011101011011010000010001111101101110100111100001010010110111101011101000111000100011110010010101010011100101111 
10010111110010001100010110000010110100010011110110111001001001110111000100010101010000001111011111010100011011001101111110010010111100111100000100110000001101000000011110111110101010101010011110100100011001010011000011010001101001100001000101111010010001111100010001101111110011010101111101110010011101100000100000101101000001110011111011000111011110011110010111101111110001011011110001011101101111010011110000011000011100001000111111010111011100001001100110000111100110101000001110010000110011101011000111010101 
11001010010110110100010011000111100000110010110111001011011110101001100110110100101111100110001000011101111001111111101000111111000111001010100011111110101000100100010111101111111011011001100000000101101011101001111111010011011111011111000101110000100101010000000001100110011001001010001011110000000101111000110000110100110011001010011010001010100110011110010011000011011010100110110100011111011000011100100110110010010001111010011010101011100011010001110110001010001001110000110100100001101010010111001100100110 
00000000000001100010000101010000000011000111111101011011001110100110010101111011111010011110101011000101000010101011110110010100011100100101011111010001001101010010101110110101010010100110010000011101100011011111101111010010111010110101100111010100000100100110110111101101101011101100010010100001011111101001110001100110010010011011101110010001101101010011100001111010001111111000010111111101100110100111101111001101001011110111111000011011111100101001001011100010000001010110110110101110100111111100001000000011 
10111011010011000110001110110111000111011001110110010101110101101111010111111000100101000010101101101110111010111000011111100111100100000111010000110111011101100010011000001001011111001111000110110000000110001010000001110001011111000011111100011100000000010000111001001011101101010011001010110010011001000100100101100110110001001111100100100010101001001010001001001110011110110100101110111100010101001111011110100010000110001110000111000001010000101001000011110001101010111001011101100000101100100111111001001101 
00010010111000000000010111101111100011110001011101010000011101101011110001010100110001001010010001111100000011010101111010010001101011001001100111011111110001001101000011001000111010011111110100011011101110000111010011011011010100001111100001111111001101000000110001011001100001111101011100100111010000100011101001000100011010000001110001001001011011100010000111000001101101001100011001010000100010010111000010001101000111011000101010001001100100001100000000010001001011010000111110101110011000001101000111000111 
11101010101001101011111100010010101000001110011011001011001110110110101011101010111100010111101111100011001101001000000001100101101010000001001101010111100110100010111111010010010010110000100001111011001101001110100001100100111010111000001011101110100110001000100111111001001000100000011110100101100101010110101000100110000111001000010101000001001100011001111100101101010010100010000100101110100010001001110100000101100011110111101000000101111010111101111101010000000110010111010000111001000101011100001110011101 
10011001111000100011111000010110010010110011000100001101100001001011000111100101100010110100011100101011001101011011111101100000110100100000111011111011001001100001101001111010010011101010010100101001110101011011101010101111101010110010000100001100100011001011101111011010010110011011010111000100000110110000010100100010011100100011110101000010000001000101000111000000110010010000100100001111101100001100101010000001000000011000000010000111011001111100011011110011011100111111101000001110011101010100110000110101 
10000100000110001111000110001010110110000011010100100111001000110000000010010010011001001110001100110001110000001101000110011000110101100001101010001011000111000111011000011101111110000011010111100010001101010011001001000110110011101011110110101010111010010110100110010111001000010001001110111110010001101100110001110111010001101100011010101010100110110001011000110010000101111111000011110100000101101000000000100001000011001000001011001110111010100001000001010000111101110101011101101100111100010010111101100001 
01101111110100110100000101100101001111110000101100011110100001001011101010101111011011001001100100010100101001100110000000111001111101000111010011111011101110000100001111011111101001100011010010110111101111111000011101110101001100011000001111001010000001010010000110010100000011001111011110101011110101110101110110110101000100100011000111001000100011011111000000001100100011011011110110111011001111001100010000000110010111010110011001110110010101000100010110100110100101001110001010110010000100101001111100000101 
00110111111100001011111011001111000000100010011011100111000110000100100111001110001110011101101110010001011010001111110101010100111000100001110111100110101100110001010010101010000010100000111011011110111011110100101001100110000110110011011011000010111110000011100111010101011100111000011010011000110110011011011111110100111100010100110000001100111000000110010010100100100011111011110011111010111100001110111101100111100101010101011000001010010011101100111011000110100111111111110110110101100010101110000010011001 
01100010110001101100101110110001100010000001101101111101111110110100111100101101000100111101000110000111010100111010001000110000010110101001000000101110110100101110101011011010001010111111101111000101110110010110110011010001100001100101000001101100001000110001011010111000100011101110000001101000110010110110001011001110000100100101111011100111110111010111110111011110011010010001110111000111011110001111100000001010000110011000010100101101001100111001101111001001010010010000011110100001000000101100001100000011 
00001101011011001110010110100110000000011010010010000001110111010000101001100110110000010101101110100011000000101011111010010011100011010000110001110010001010100111000111111100011110110011011101010101000010011011110011011011111110111111110100111111011010001111000010000000010011111101000010010111000010011111001010110011110101110111001100111111111100001100111111110110001100000110011101101101101000010110000001111001111010111100101001000001111100101110000011011011000001000100010001001001111001011100000011001001 
10001100111000110010100111100101011101101100010001101011010000000100001000001101001001001000001011001001010011100111100010001111000010001100010001110011111110101010000001100110000011010010101000000010011010000110101000101000111000111101110111111101000101111011101011111111110001000010011111010010111010011010110011000101100001011011110110011111000111100100110100101110001111000000001010110000101111010110100110011000100011100111000100100111111101011011100100100000010011001011110111010000110000100101110101010001 
10101101010010110100001100110111010101001000011110111111101001010000100010100110110010001110000010100100100111110111011101101100011010000100100001110001110000110100011001101111100001110101100000110100001100010010000011111010111011001001101110100101010111000100010010011011001010011000011001100111001110100110111110001000010111110101001011010000101001011101000111010111001011111010101101010111010101100010011111001000101100111000110001110101010110000100000010001101001100110101101000110101000001000100001000100010 
11111010111110101101110111011010010110101101101011000011101111001101111011011010110110001010010011000010101101011111010111010000010010101111000001101111010010100110000000110011111101111111000111001101100001001110101110000101110101001001011101111000001010110100111101010000101111011110111011000000101001100011110001011001110010000101001010011110111000001110100100000100110001000110010000110000001111001010101011010111101011001011001001010000111010000001010111011101100000011111111011100010110110000011100101111001 
01010010100011110000011111101110111111011001001011010010001111110011101101111000101000111101010111110010111100001110110110101011000110100001000100010110111110100111111100111010111011100001111011011000101000000100001111111101001011001110001101110011111001001100111010010011010110011101101001001111000110110011111101110110010100110011000000111111111100100101011001100000110001000110011000001000110001011101010101001110011110001101100101101011100101011001110001010000110010011101101110000010001111010001010100010001 
00000110100110010111111110110100100110001010111100001001111111101001011110101001110100110000100111001100110001010111001101001011111100011100000001101011111110100011000110110111101100101111001111111010101110100110110100010010100000000101111011100011001011001010100100011010001110111010011000011110001100111111001110000101001101010011100000001111111100000100000101111010101111100100000111010010110011110001101110000011011111001111100111010110111111111110000001110001010101101001111100101111001111011111111110101100 
10010010110111000101010111100010100111111010000000110000001000100100100010101111001011100000000110101101101000011000011001111101010101101111010000101010000001100110010110100100001001001011000100100000111100111100000101110111100001100011101100101001100110010111001010001000101001110110100011110010100100110110010111001111000000110111101111101101101001000101011011111101101101000000000111011001000110100101111001101100101111110101011000111011011010111111001101100110001100000011000010100101100101011111110011110011 
01101111101011000001111111000011010111011010110110000000110001000011000100101011111011001100110011010000000111110110000001010001001101010110110110101111001101101010010010011111110000011011011011001111111111000100101001001100110111101010011001100000111100110111110111000110010000110011000010111010111010001111110110010010100101100000000111101011010011010100000111111101001101001111000001001101010001000100111001011111101001101000001011110110110000110011001000010000111100111111001011110101010010101111010001110111 
11000011001001101100111101100001111010011101001000000001101000100001001000010110011001101001010101001010110000111010001111110101101110100101010100110100000111100101101101011011001111000011010000010101110001111101000011011101110100111000101010011100100100001011111110000011100001101110101110010100110000101100100010110100110100011111011001110001011111000111110000101110001010011000110110100011000010011110011001011111100001110010000101010010110011111110011010001010110010111111100111101111000100110100011010010011 
11001001001000011010000111001010001101110010110100101010110101011011001001000010100101001101011101000100010010101101000111100011111100101010110010001110010111111111001000101010001001111010001011110110101111111111100011001110011101000110010111100111101011001110011000001100101010001111101001100010000101100110010011000000110010010110110010101000011101111101101000011001000010010000000111111111011110011010001111000101001100110001111101110101011100110110101010100111111110010101111100011000111100000000010111101011 
11111010001101000010001001110000111101010110001111110100011101011110010001011100101000010010100100110001100000100011100111010101110110000101011011001101010110110101110111000011100101100111011000100100000001100100101101101001011001101001000110000000100100101001100011000010100000001110010100000101111010010011100101011011000000000010100111111110001111100111110111011011110100111100110011101111001011000111011100011000110110000101101001100100010101000011100111001001101001011001111000011111010100011110110101100111 
