01000100110100100001110001001010000100101010111011100010111001000100010000110101001110001101110100111100101011101110101100000000110000011100010001111100111000110000010010101001001011110110110110110000000101011000111000000010010011001110011010011000010110100000101000010001001110010001100110110000011110101010010010111111010000000100111101010000100101011010011000111001001110100101100100000010001001100101011011000100101101100110010000000010111100110101000010100000000011110000110000101100100000100100100010011100 
10011110010111100011111110111011100011110000100001010101100010011001110001100111010011010011011111011001111110101010001011100111110011111001111111111011100111001110111100111000111010000010010011011011110011011111111110101111011101111011111111111110111100000110100000011001111110101011011000001011110111000001111101111001100110000011111100101000100011011000011001010110110010001000111100101111110000001111010111000011110010110110010000010111111111000101111101011111111011100101100001101110100001100111001010011010 
01011100111001111111101010111110001110100101101110110001101110100000000110011010110010111100011010101110000110110010100111011000001101100100000000101101010010101110110001101110010000111100100011101101010011010101011110101101011111010001110011100001100111101111001110100111111110100101111110101110111011011111100101111111001100110111010111000110111110110010011111010111110011011010111111110110000000110111001111001111000110011110011000111101000001101100110000000000011011110011010010001011110110110001101111100011 
01101100110001101010000001011000000101100101011000010010000001111000010001010000101011010010100000001000010101001000000001111101010111000010011001010010011111110101111100001101101001010011110111000000101010101100111100010001011100011101011101100011000111001000111100111000010101000000111000010000111100101000111101001010110000001000000000111100110000010011111001101111101010000100101110000000101101011010111101010010000000000010000001111011110010101010001111110010100010100001001101000000101100000001101010010011 
01100110000111110000001000011010000101000010101000011010100110100101001111100001100000010001000011000111111101111100010110101001110010011100110111010011100011101100110000100100101100100010010011111010000010100000100101111010101110000111100100000010011100001100100000100111101111011110100110100000100101010100100011001001110001001111100101110000000100100101010011001001001110100010100100010001100010101101011111000110000101000010111001011000011000110000100011000001111001110111101101010100111000010011010100001101 
00100111100010010111011101001111001110000011011001010110011000011001000011001010110100000110000101011101000001011010110010111111000011001100100101101001010010100111101001001100101010110000011000010100100010111001110000010100001000101110011010100001011101111010010010011000011001010010110100010110010101110001001110100000000001110000101100010011101000100100000000001010001101101000110011110011110000110000010000101101101010100100000011010010000001110010001110100110011011111000011000011100110001001111001010000101 
11001000011101010011100010011001000111000101100100000011011001011011111001110101000111011011100101000011010111011101101110001010111111111000010010111111010110111011111000011001010101101101000110110110000000111000011101011010111110011000011000110011100001001110110001101101110010110110101111101110110100110001011101000011000110110011111110011101111101001100111001101010101110110111001111101111011001100101101110011000000010111111010110000111100101010010000101011101011001000100101111111111001001011011010111101011 
00011101011111001010100111110100110101110010111100111001101101011011111010010110100001001101011001111011100011111100110001110111010000001101111111000100101100110101100110101010110110111101101000111111110111011101110011101000110111100001101111000011001000111001011101111111011001000110001001010100110111001010101001010101001101110010110111010010000001110010111101110011111000000101110100100000100011011101011000000001101101110010111101000001000100110110010010101111101000000001110110111111011011110100110111101011 
10100100000100111011010110000000110001011010110010010000010011011000110111000000100101011011100110101101111111100010110100001001100000001010101110100100101000011101000111000100011101100011111110010010110100101101111011111110000010100010010111000110011000110001110110011111010010001001001110110010000011001010011000001100000111001000000010010101101000000111010011110000001110100000000000101110001100000010001000010001101010101101100110100110010101110100000111101000110101000100111100010111000011000110000001001001 
00000111010001111111111010101001001010010110011100000111011110100101000010111000001100110100111111011010001001110001011001001111011001101010001101110111000110011111001100011000011010111111011011111100010100100110110011011000100101101111000010100101110101000101011110011011101101100110010110010011000111010101000111101010010101111100010101110101100001010101110101010101111110011110111010100011111011101110010001110011101001000000011000000010100101010111110001111111111001011010101111001111101001001111001011111111 
00001010010000000010110010101001001011010010111111010000100001001101100110100000011010100000110001101101110000010101010110101000101010111111010000110100010101000100101000110001000010111011111100110000011010000111110101111110100011001101011000101010000011010010010010110000010110000001100001010010101100011001001110010010011100101010011111001010111111111000011110111110100010101110011000101011010101111001110111000000010110101110100010000010101001100100110000101101000000010000001111100000100100110110010000110001 
00110001100000110001010101001110111000011010110111110001111110010001011100000000010110011000010001000100001101011111111110111101000000100001111100101001010100101110000000001101010010100110001000001011101111101000000111100011101101110011000001011110000010110011110011101011011011000000001001011111101010100011011010011010100000011101100100110100100010001000110010101101110101100111010010011101000111011000101000110100000110000001000101101000011011110101001000011110010100101011100001001100101000001100000110000101 
00010100001010110000111001001001011000010110110001111110001001001000010101000000000111101111011001000111100010001110000000011010101001001101111000111001110010110000000110101110010001001101001110011110101000101100010100111000000001001111110010001101010100010100010011100101100101001101011100010101010011101101101010000011100111100101011100101110000111111111001100100101100011110101111011011110000010010000010110000000110111100100000110011101000100010100011010000100011111010010000001100001100110011001101011111101 
00101001100000100101011001001111011000011101010110001010010001111000011100001101001110000011100111011101011010100001001000000101111100000100010001111000010110100010010101011101000110100010011001001010001100000011000000100101100000100010011100011110000011001111000000011010010000011110100011100110101000111000000010001010110100010100010010100111000110000011110110001100011011100001110010010111001010010010001111110010010010100100101010110010110101001100111110101011000001000110011110101001010111111011101001010001 
01100111001001001100110111111100100101101100110000100110000110000110010010000101101100101010100100001110011110110010110101100011101100001000100101101110000011000011111101011001110111100011100101111110101111000110110111011001010010000111010011101010110100111100110111110000011110000000100010000111000100110110100110011010100010001011001100111100110011100000001101000000000101111111001000110000100010010101000101110011010010100111100100100111110000100011000100111110111110010001000101100010011101000110100111101011 
00111001010010010010100110111010101111101011111100111111101100110010111011001101101100101101101101110001101111101011101001010110110110110011110110100001111101000111111000010111011000111001001111111000100110000011001101011001001101011110011100000110001100001001111110000001110101100001111001100000110111011010001110101011100000011100100001110100110111101110100100110100101000101010110110011100101101011010100101100101011011111111101011001000010101110010001110011001010010010111110011000100011011001011101101010101 
01011011110011110011010111101110000101010100010111011111010100011110101101010101010000101110101101111101000100011011001111100110111111011001101111001001100101111100111100010100000000011010011000011001111011111010010101100111001001100010000010101000000110000001101111011111100001011111010100000011111011110111001101010101111001001111100111011010100111000100110011110111010111100001011110101000100000111111101011100011110110111110011100010110100001101011111111100100111111101010111001101001110011001101000110111101 
10001110111100100110000100110101000000110011000100010101010001010100000100010010010110111110101011110000011001101110010001000000110010100001111001000010010011000100110100010010011001011011100111100110001011101010011011001000000100100110110010010000000000111010110100100100010011001101010001011000010110111001011000101011101000101001001111101001011100101010000011000100011010000100100010101110111111101011110010110100111011110100110111011010000100111100101010111100110011010100110010111101000010001010111001001101 
01010111011000000110000101011010010110000001100100001001111001111111000000100101000000100100011001000010011001111111011100010100000111001100101000111001000001110100110010110001111001010000110000100000100001001111001100101101001010000110101101110110001001000011000010010011100010010000011011110110001101101001001010011101100100010100101100010011110010010001001111001001101000100110100011010111001000010100011001110101110101111111011111110011000000110110101101001101001001000010000010111011011011110000100000001111 
11001111001111011111001101000001001101110001001010001001001100111111111101001011111111001000110011100110111111111011010011001011011101111110100110010011001010110000001101001100110101001101000011101001100001110111011010001011100001111010000001101100011100011000110111110100001110100010010001110010101010100110101010011111110100010001000010100110100010101110010011011100011000101000001001010101000011111000101001011000100101111011011111111110000011001001000010000100001111100011110010111110011000101000011010010001 
11101001001101110100010010110001101011101101011101111111100111011111011000010010111011010010000101010111011011001011100011110100100110011101110011101100100011101000100010111110001110000001010100010111011110101101111001101000011101110100000100011010001011101100101100111011111001101000111000001110001001101100101111111000110110110101001000110100111011011100101110001101111110001000100110010101111100001000101101111001101110001000111011101001011100101000011001011001001011001011001011010010110010100100010100011101 
00000001000001011000000001100110011010101101100000111001110100001101000110001011101001101110100111001011100110100010001000110001000100000100010000011000111101010110001010001100101001111100100110100110000001110100100010010001011010100101001110000111011110100011000101100111101001011000010010111011011111111100100000000100001010011100001101010111001100000001011100001011110001101111001010110100001100000001111001001101101000101101000010111000000111100011010000100011110100001010111010000010001010111010100101000101 
01110111111111110001100010001111000110010111101001111110110110100011101000000000100010111100101001011101011000010111100001101101000010111101000110001001000100101111010001111000000111000101010111110001111001111110000101101010001111001010000010110000011010100100001101011000001011010110101000100000011110011000111000000100110000010100111001111010100000000001110011000011000010011101000010001101001111010010011000001111110101000110110001101000101010010001101000001000100111100100100101111000110111101001011101101001 
01011000111110111101100000101100111000011100011101001001011110100101100000101000111011101010011100111111100111111111100110000000101110010011010110111110010111111101010111010001010101011110011111000010010110101010110111011010101000001101111100100011011010111011011011011110101001110000100100111010111000111100001001100001001011001100111111000001111111111111100110100111100101110000000011110010000010110111100101011111001101001111110110000000001001111000111111100010000100100110101011100110101111101011011011111001 
01010010000000100010010000010101100101000110011101100011110101110011111110101110000001000010101001111010001111001110000000110001000100000010000101101001000100011011010000101111110110010100001110111000010001010001010010101111001100111000011101101001100100010111111110100101011000000001011111101001001001001010011101001010101010010011010010100100110000000010010100000010000001011100100010001000100000000000110011010101100101111010011110010111100001101101000001110101000101111100101110101101001111100000001000100001 
11111100110000101111110010001100000010110010011101010011010110001101111100010001010001110101011001111100111001100101100011111110111101101011101101010111111001110110011010110100111001011100010111000110111111111000010110110110111001111000111110000010101101100001011000001100101111010111011011000111111110010010111100111000001111101100111011111001010011010001111001111011111001101000001001101011100001111010100110001100001110001101100101101000010001111111000101011101110000011110001111010110101010110001011011101111 
01100011011010000010100101110101101000100000111011010100100000011000100000110100000001001101001001010101000111110010001100100001100001010010011101101110110101011101101000101010010101101000000010100001101000001000100011101010100000011101010001100101010000010010000000100010100110001010011100010100100001101001111010111010100110111001101100000100010100100000111110000000101000101011010011101001111001100101010011100011110101100000011000011011101001011010111000101111000011110001110111111000010111110011101001110101 
10110101100110000010011110111000111101110111001101101010101011111001001100011000010010011101110011000111111010100110100110110011001001010111100101011011110010111110100011111001111110010100010011101110101010010001000101101101101000010111010111110100100001011110100001000100101111110011011111101111111101000001000010011011101010010110111101111000000111110000010001111010101100101001010101101110011001101011101111111100001100010001011101111101011110101111100111000111101001111011111000001010000110111011110110110111 
01000101011010101001100001010100000111010000100001101010001011110000100100011010100000100000100111110001100001001010110100010010010100000101000110010011101000000011001000100011000100010111111101011100100000010000010001001110100000100000101110111011010011000100101100010101000010100000010110101111100000110010111100111110110110000100100000111011100011011101110101111110100100100000011111111001001001001001011101001111010100011110001011101001110001101000010010100000000000011000110011011100001011111011111100110111 
00001001000000001111110100100101111100111000010010101000101101011110110110001110001111011110110110111000001010001100011111010111110101110100000101011100111101001010111111001001010110000011101000101100100000011111111000001111110011101110011010001101110011111011010110100110010101101001010011101101110001110011110111001011000111001001011001100010010101010011001101010110101101110111011001101111111110101000110000110001110110110000100011010011010100101001110011110011101100000000111010111111000000100010001011101111 
10100100001111010100111011010101101010010110011000001101100010100001111010110010101011110101011011100111101010100010110010010000001101001011000001011001111101011101101010000111001001100111100001100000001101001111111110110011100011110111010110010110111111111010110011101000010111001000000000100100000100001101000011100110111001110111010011111001010100110011011100001000001110100101100011000111100111000010010100110010010110010110100001000101000110110100000011011110001011110101000111111111000001011010100000000111 
00100001000011100001000110001110011101010010001110001000010111011001111101110011010001100111101000000011011100100001111010100011111011011010001001011101011011111111110110100001010101101001011010111011000000110001100010100000110101110100111100111011010001000101100001101101001000100001011110101000111001010010000100100110001000001000100001111000001100001011101110001100110101111010000000000100001100011101100100010010001000101001111111101111100111100100010110001111110111011110010101010001100101110011101110011011 
00001101101000011011111000011011011010111000011111101101100101010110011001010010000111010010101111001000111110010001111011010000001010100100110101000100110001010011101100110101011000100100011110101101011111111010101111011111010000000111011100011001011010010101101001011000101011100101001101111011011011010101111010100010100110001111101001000001111111100010001110000101111101110001101011111001000000100011000001111011001101100101011100101111000001100100001111011010100000000100110001100000111100000001000110010101 
11111000101111100010111001110101101100111001001011101011010000010111010011001111110110011110010011000100100101010111110100100001110001100011010100110000001101001000101010101100111101101000011001001011001110101111100100100110101100111111000110001110000110111001100101100010001101000101010111100100011100011010100110111101111000111010001010101011011011110101001101001001000100001110011111010011000100001010110101011010010110001101111010011011011111011100110010000001001101001110001100010000011100101011011010111011 
11101001110000010000100000011101010010110101000110011011100000010010000100110111011111111110011001010111100011100011011101111010111010001101111011000011110001111100001011110110101111001101101101100001110011000101101111010001011010010111101111110110001101101000100011110111100011111111101000011100101010000011111010110101110011010110110101011110110011011010101010000111100111001111011110110001011011000011101110101011101010111001110001111000110011110010111101101000101111010001001001011001011010101101011110001011 
11000101001010110011110011001000010110110111100100001001000010000011111110100101101011100011100011011000110110100010011000001011000011101110100111001011100110011001011100101001010000011100100001001011001001111000111011000101110011001010010011010000110011100111010000011100011010011010010010000111001001001111010111111101001001010010111000000001010001010000101111000001010101110001111100000100010010001101110110110011100101010000010000100111010101011001111101101110100010011010000110011111010000000000000000011001 
01001101101100110100001100000110000111000001101100010101011001011011101000010110111101110011100111000101101111110100000000000110011110110101100110011110000001111101110101100010101101001111110010000110100111100100001110111111000001110000000001101011001101011010010100001010000000111101111100100010100001010110111110010000000111000100100001111100001010100010010101000010001011011011000111101011100010111011001100011011010000011011110010101100011010011100000101011010101101010100100111011110011100111001101101111001 
00110111101010110101101100000010100101010100110110110100011100101110000101101011101000001010110101100110101000000000010100011010111101111101001100001010001010010110110111011010110110001110010101111110111000010000100010001111110000010010110101001001100110010011001011010011010111110011001000111001011110011100010110000100100111101100011000000000101111100010110111111001111011000000000000101110001110100000111101011011101101110011000001010010111100000001110101111110110101111000100110100000100001111011100101100111 
00000011001101000011110110000111100000101110100011111001011000000111011000010011100101001100010111110001000001101101000111110011000001010101010111100101110011100010011101110000110110110101111001110011000110000100000111010010001000001100001000001110110101001000000101001110000100110000000001111010111100111101000010010011001100110001010101011101111010111110010011101011011111101010110110011101000010100011001111100011000111101110110001001010001100001001111011011000011001010001110001101100010000101010110000100011 
11011010011110110111100011100101000010010110001000010011000111111110100011110001010001111110001111110011111101111101111001111101001000111111011101011111011100001101100001110000001101011011010011111110100110010101000100001001011110001001111100001000100000101111110011010010110101111101100001111011001011111101110111000101011001010101010100011110001001011100101101010010010000011010111111110011110100111000000101101110111001101010111010010010000110001010001011110011111011111111100110001000100011101011111011111011 
01101111110010011101001100011100111111100100010110010000110110011000101001111101111111000111110000111010100100011101001000100010001110011010101100001111110110110100110111100110010110001101000010010101111110001010101011111101100111010011110001001101111100111100101110111010100111011001111001110100011011100011101101110011001010010100011001101000001100010000001100110111110000111111100100001110110111101100111110001011001111000001111101000100011100110000010101111101000110110011111101000111011101010001110101100111 
10010110000001101001111111100111101100111111000101101110001101011111111000100001100101001000010110101101001000011000000001001100010101010111111101111101011000110111100110011111010011101010100000010111111100001000110111001100111001000100110101101001000111001000000100010010000100010010011011111001000101111000000010100010010001101111000111100000101110010101011100000111110010100010100000000110111000110000111100011100011111011011001111010010010100001001000101110110110001001000111010100111101001001110111001000101 
11010000110001001000001101110010100100100111000010100111110101010001111101001100011000101001101100100101010010100111011100011110001111100001010011010010000100111010100110110011100010111110010010011011101010110011011011011100110000100110101100111011110101011010010000010011110000100000110001100010001001000011011110011100111101100111010111111110001000100110011001101111110001101010011001010101000111111101000101101011111111110111101011011110001000010111011111001111010100010110000010001100001011000000111101110011 
10110101000111010111111100001010101101101000110000000100001111100001100101011100111011100111001111100111101010100111111101010000001111101001010000111101011111010101111000110111110000111001011000101000010100010110111101000100010111010101100100010111101111100101000100011111100000100110101000010101111010001111110011111011110000011110000101011101011000011001100001111101101101000000010111101111100100000111100110011001101000011000010000010011010000000010010011111101100011001001100001011110100111101110011011111001 
00111111111111011111000110100000011001101100000110111110011000100110000011011111101011001011101010110111001111110110011101011000000101101111100011001010110001010001100010110110110001111101000100100111010001101111000111110010001111111000101111000101110100110000011111000110101101100101111110110011011110000001110001111101111101111001100001101001001000101101010001000111100101101110011001000101010001010111101101101111101111011010011100001000010100011011001001010001111010101111110111001010001101010000010010000101 
10001001111001111100000100100111001001110111010110011111110111111110010101000111000110011110001111111110111001110110110110110000011011111111010001100111011101011000101110101101000110010010000010000000010100010011101000101110100100110101100110010100101000010111001011110001111110111001001011100100000100010010111001111101011111111110110000010000100000001010111010010011111000011110110011011110111101001000100111000110111111011010110110111101001100010000010111000001000110110010110110011000011011111001011001010111 
00000110000010010000000110100111000011010111110010110001011001000100011011001100010111010100111101011101001000101101100000001110000110111101111010101001001111000101110011010101000101111000110011110011000101001011000000010100000110101010111011010111101000011010010001110101000010001110010010011110010110100010101111101010100101111000001111000100001101011011011010010110100010110001001011110000101010011100001101010001111110111010101010111101101101000010000110010110000000010110010111110000011011000000011011011101 
01000010111100100100010101100111100011000110100001111000101001101010111000000111110010011000001010001000011011101110010001010111010100010101110001001011011110011011101101001001010010100100000011000110100101101001000101010100101000101101010001000100100001000100010000010011100001010010001101011110101011010000110011110100000101000001010111010011001110100010100111111101010000111011111101100000010111000001110110000011010010101101001010001001101110110100100111100000010001110111111101001110110101011010101000111101 
10001001100000000100011100100000001110000000110111111100100000011100110100110010111010011001000000000101101111100000000001000101000001001000000001010100010111001001110101100101101101110101001011010001101101010010000100111000101010100001111100110110111011000011011110011000101010001010100010100100000100111011100010000011111110111010101010010001000101011100100011000001010100011011001011100111010100101110000010011000010011101000101101001010110100000011110111101011011001111110101110011000001110111101100010110101 
00110100000010100001000000001001001000110001001110110000100010011110101000011011101001000111001101000110100110110001010100100101101010101010000110100001100101001110011110010100001110110101110111010011111110011010011000100110101011111001111010101100011001001100001011010111110100100010110110001110010001010011000101000100010110000001001110100010100001101001100110100110000101110011110011010001100001110000101101011111110000000110100100110101100000100011110100100111001001100011000101001011000111010000011110010011 
00011000110101101001000111111001110101001001100110010011011101011100111111000000000110101011011110101111001011001100111100110000010111111000111100111101101101010100001100011101010011111111011011001111011001001101101010000101000001001000101110001111111011000000111111111001001010011101010011110001111111110101000100011101110111010000111001011110100100111111000001010010011100101010001101101111001110000101001111010011000110111011101001110000000001111010111101011111000111001010111100111010110110011101101000000111 
11101111101111000111010111110100100000101010110010001100111001101111101100010111110011010010001000010000001111111001100010110111111001001110010011111101000011001011011111110111011110011111111000101001010010111001110001110100110011110100100110111100100010100001000001011010100111010011100000111100001010010111110010100111011000110010000100011111001111010110110011111111101111101101011010100011101000101110101111100011001110110011110001111101100100101110111000111010001101000011011100110011000010000100000001000111 
00000011001110111110111111001100111110011110111010110010111101101110010001010101110000001111101010111011010110001101000001101111111010110110111010110001000101010001011001110100011100100010100001011000011000011001011111101101010110010100011000010011111101000011001111110111111111101000010100100110001001100000110100010011011011000111001011101010110000111111101011111101101100100010010001011110011001100100110101110111110101011110111000100100101101010000001110000001000111011111001010111101000110110110000111000111 
11010000011011010000010100000000100110010101110100000001001010100111010001001010011110100111100011011011101011010011011001110111001000100010010000110011001000110110000000001110010100101000001000011010000001010111101101001100000100000010010011100101010011101011101110010111110001100011011110100111111101111010001100111000000101000100011110010010001110000101101010100100001011101000010011010000010110110100100011001101110011000010010011010110000011010001101010110011111011011111111101101010110101110101101000111001 
00100010111000001100010101110111101000111001101111001000111010101111001100011101011110001101011010101000001000110110010011010100001101100000001110111110100010001110011011010010111110110011011101000111011001001110101011100100101111011010010111011010110010011010011110011101000010011001111010100100101011100010101101111111110011111000010000100000010100010011011010111110010001001101000100101101001101110010111011110101010001100101111011010000011001101001111010100010111100110000010011111111110000100010111101110111 
11110001110101110111001101000101010100101100100100001110101001010011110001111010001001001010101101011110100101101010101000011000001101101000100010000111101001100110001100100111101000110000000101111011111101100100110111000100000100100010010011100111100000110111010100001001001110110110010111101011100000001101010011111010011010100111000100101101110011110011110001000001011011011010001010111001101000000100000001111011111010110111010100110010110100010110100010000000011001001001110111000010010111010010100010001101 
01111100010000100010111000111100000000001111001010111001001010011100110011011101101000101110010010011111000110000101010100000011100111011100110011001101000010011000011101000000001010000001001100111111000000011100110010001000111010011100100001010100101111001011001100100010000001110010001001011010010001111011000111010110101111001010001011111110010110011001111100011100101001010001000110101100111101101111010110101000010101010101100100001111110011111000111110010111100100000000111010111100110001000000100110000011 
11010010100100000101110001010110110101110111110101100111000110001111111100101111111101101001101001010111000101101001001111001100001000011000100111100010100001111000011010011000110010110110011101000100111011100111000001000010110110010110111100101010011110001011010111101100001010000111001111100110010010011111001000000000110010110101101111001011101101011111101110110001111111010010100110110101110011011100001111000101110110011110110101111000000100011011100000111111101101111101101010100111100010010010011111001101 
10000100101101111110110001111000010000101010101100100000110101110100001000100010110111110111110101111001100100000110001101100001100011001000011001110000110001001001011110010110000101011110100111011110010101010000100001010011111011000011010111011111011110001001100001111111110111001011100111100110110110001100101010001001011101011011110111010100001110101010101111110111111000010010001011100010000101000101101110101101001111011001011000101100000110010111110101100101000100010000001101110011101110111011111010110011 
01111110111101100000010100010000101101101010100010101100110110110000111110110101101000011101100111100000110001000000111000100111010000001001010110111010100000110001111000110000100111011110000100001111001001100100111001001100111011001010111010111011101100101110010111110110001011110001110110011000111100111001100011111000000000111110000011111011011011110100111100111001010000110000001001010101110101100101001111011010011010000100100010101100011001000100111101011101101110000000111111001001110011000111011101111111 
01001000011101101001100011100011100101001011001000111011011100000100000011101100101101101000100001010000100100101011111011011010100110100010110110011011011100011111111010101010010110111011101101011111100101010001000110001001110101000110101111010101111111100001000010100001001011110100010010011011011011101100001111000011001100111110111100111011010010110110001001101100100001101001111111101100111000110110101111110001001110110100010011110111101100001110000111100101001101011100100110010111101011000000001111000101 
10000011100111101000001100110011100010111101111011010110001010101011000101001110100011011110100010010001101111111011010000001001001101100101110011000001010010101001001010011011110101101110111010100010001001110101000110011100011010111011100001111100000011011110100111111101110111100101010010111111010110010101000001111101100111110111011101111101011011010100001000001110000001010001001010101011011000010010011001101010100111100100001101111111111010101110111111001011000000101011001111000000111101000100010100101001 
00101110100001101001110110100001001011110100110110011100111011101110001011011110000111011111101010001111101001100110110100011010100011001001000101010001100111011001100010010001000010011111100100101001110000111110110100100101111100011001111010011000101001110000000101110110011001001100010000100000001010000101001111000010100111110001100011100001111001000111001110001010000000100110111101011111111100100011011010101011011101010111001010010001101110010100001100000001110110110101100101111011000101110111011110000011 
10100000100011001111100001011110001001001101001110111001011001110000101000011011001011001000010010100100000000101001100100011100000000100100100010101100111100110001010001001111000100011101101010100111001110010101101101010011111010101100000111100100001110101001110010110010100001010101000000010110111100111100111101111010111001011111100010110101110010100111110000100101001001100101100101010111111011110001000000000101011101111001000111011000110010010111110011111111011101000101011110111101101111110100110000011001 
00010010110110010101111000000101010110011111011110101001110111110110111101111010011000010111001111001111000001100101011101100100001010110100100111110111000100100000001011111100110010001011110000011101110110101110100001110011111010010000000010111010010010101100001111010100111001110011000110100010101000010100000010110001111000001001111010111111001000110001100000001100010001000101100100111111000011111100101000100011110001010010100001000001100000000000100011001010110110000000100101111000101110101111011111011001 
11101100110111111011010101110110001011111001100001001000111111000011101000110101010001110111000101100111101101101100001100101100100001000100100000110110001100000000111110100100011011001110000011110000010101101010111011010010000110010001111011100001001111000010100000101100111011100011110110111011101111110110011000011101100011001001111001001011000011011110110100101001011100010010111111000010010101101000101000000100100100001111001011110101001011000010111101010011101101010000001000111100111110110001100101101111 
11110100010110100001011111011001000111110011011101010110100111110001110011010011011001010000101010111010000011101001100111001101011011001111100010000110011111011101000001010010111101111000001111111010000011010111111110001110111001011110010011000111010111001001100000110000100001000110000011011011000011011011111010111010111100010110011001110011010000010011100110010000101100111000000101110111111001011000001100011001000010111100010111001101011000011000101001100010101101110110111001111110100000000001100000011011 
11100110111011101000000000110110111011011011101000110011111100010010001010001100111010010111000110011111001000101100000100111000111001100010000010111100111101011100110000111111010011101001110100101100111011010011110001000001100011111110001100110101011000101110010001010100010110011111011010001111001101101100011010100101010011000111111100101100101000100001010000010100010010011000011010010000100110110111000101000000111101000110101111110001110010110000010000110111000010011010000000000011001011010101011110111101 
11011100111110000010000111110010011010100101101001001001001001001111101100110100110110001101011011011010000101111011010010011011010101100011110001010110011010100001110010100100111100100111010100100011100110101101010100100000000110100010011101000011001000111101100101011011000101010001011110100101110100111011101111101001110010000011110100100000111011111101010001110000000101111010111010010111110010111100010100000000100010010111111100111111110001010110100010010001001011001101010011011001001100000101111011001101 
00100000111100010011111000101001110010000101111110010111110101001001110000011111010101101111010000001011110000001110000001010111011100000110100101010110011101100111001010011011011100110011101101101010011010000111000011011110000111010100010101010101010111111011100000100011100111011101011111100110101110100101000110110101100111110111010011111111100000001101010100010111101110000011100111101011001011010110000100010000001111111010011100000110110100110111100011000010011100111011100110110101001110111110000110001101 
01010111101010001000110000000010110100001011000001010000100110110100100111010011110001010101111010011000011010000000111010100110111000010010010000011110011001000111000011011010010110011101000110001001111010101000000001101000011110001110011010100100010001101011110101111111010001111110101110001011111101111000111100011110101000001001010111110010110000010100011100010010011000011010110101001001000011110110101001000001011100001001111011100111010011101000011101001101001011010000010001010010011101111100110000111111 
00011010111010011100111010111001000110101101100000011111111001101001100111111010111000110110100011010011000010001001001000111110111110010110110100011100100101010111110010001110110110110110110101100001000111111100001010000100001010000000101000000101110111111110011111110111101000110100010101011100101100111110111101010110110100001111111000001000101111100001001011011111100010001110011101110110010111111111110111010110111100101010000100011111011010101011011100111101100001011100011001101001101110010011100100010011 
10011101010000111111101000101111101111110101111011011111001111001110101000111110101111111110010000100011101010101111010011101101001111111101001110100010011101001110101100010000001011111001110010111110010000010100101111111011100011001110010110001110000111011011101100001100101001110001011000100101001101001000001100100101110110110010001001101010101001110100101111010111101000110000110101011100010010110000101101101000111010000101011000011101010110111001111011000101101111011101001101000101101011100100111110100011 
01100001000100111111001000000001111001001101000001100001010101111100011100011111101111011110110000111011111101110101010101100010011010011000111001101110000011011111010111011010011100101010111100011111110101111001000011010110011100101011001101100011101110000001001101000110101100011011110101110111011111110111000000101010111111011111001111001100010000100101010010101111110010011111001100100101111111111100100011111101111010101001111010101000100101001011100101100100110100010010000000000100111010111000101010011011 
01001101100101000011010001000001101010000010101110001110110001010001000010100000000111000000011000101001101011100000011101010011101000100101010110100110011011010011000001100100011000100100010011110011001110001011011110101101010000001001100110000111001110011100001001101011010010100011001001100110011100001100100011000101011111110101000001000000001100000111010001101111111010011001110101100101001100001000010011010111000001000011001011110110001000011100101101011111101000101101110101011101001010110011101110010011 
10111110101100101111011010111111111001000110010111011111010010100001111111001011111000110001000111100011011011111001010010111010110000001100001110100011000110001110100101011111001100011010111011010100011110100101101011000001001111100101100100100101011100011011110111110010100101001100111001111010100101011111111111000011011110011000100000101011010011110111011000101000111001011000101100100011011101010001111101110101011001010011101101110000111000111010001110000011111101111000000111100110011101111001111101001111 
11111101000101110101110100011100101111111110111011110110010000000101011011010110011101010010111111111101101101001111101001000100111111100101100100101001111100001001000001011000010010001111100001111000000010100111100000110101111101100010001010010000001111100111001010101010001000000010001100100111111101101001100100111011111011000111011111010110110101011011110010010010110101110110101101011100010011000101001100110011100111011110000010100110111111110110101001000101101000010110100000011100100110101000110111111101 
11010011011110010111000100011100110010110001110100101001101001100011011011000010101101110011000111000001101100001101100010000000111111110011010110100111010010100011110100000110001110001010100001001111110110010101000111000001101111000000110100001110000011000111000101011111010011011000111001010101000110111101100111011000011111111110000010111001011111101111000101011111011011001010011010110101111100101100100111111000010010001011111110111111110011001001111010011111111000111001001010110001011111010011110011100111 
00101101110101111111011011110011111011111011101011101100111110000100110110101011101000011000111110110010100011111110111010011000110001100110110110010010110011111010101110100000111000100111010100110011101111101001011010110000110011110100000100110010110000011111100001011000100101010011100011010000110110100101110000001110110011111011100000110110111110111000011001101101111011110110010001101111110011111111010100011011100011100001011101100011111100101101010111000010001000001110010011010111001011011000111111010111 
11101011000011110110110101001010011101111111010101111100000001110101100111001010010110000101000101000010010011111000111011101101110110010010011000110100010001100110100010000110010101011010110111010000100011001111101111100101011000000100101101000001101010001111111100110100000011000111110111101011100110111110110011101000001111111100101101111010100101110100000101111010000101110111110100010001111000101100110101001101110101111010110110001011100110110001000000011101100101000001010101001100111000110011110110010011 
00101101111110110110110101010111010100001000101001000010011111001111110111011111111111011111100011110000111100011101000010111110000000010111001110111001010111111001000100000010101010010000000100000110011011010001010011001111110111110000111100001100101011000101101011100100010011010111001111001101101001111101111010100001001111101000101100001111001110100110110110101001100100001001110011111110111101000010000100000010111101111100100110011001101110011100011010101011110001011011011011011101100001011000000110001001 
10111111011101000111100000010100111101101100011001001010111101111111000010101111000000110001001100000010011010010001000001111100010110000000010111110011110000011101100011110010000010101111001100000000100010100011000111101111110111110011111010101111010101100000110110000100111100110001010100101111111000010011110000000001000101000110110110101011101100100000101010010011011000000101000101000100110101110011001101111110110011100011110011100011010101100100010001111010001011110001110000001101000100110011100101001101 
00000001111101001111000001110101101010100000011000000111101111000110011000100010011001100000101110111000000100010001001001100001100010110001010010100101000100100001100101001100001010101001110111010000010011011100111011110111011101101110111010110000011010111011010101110111111100111110100011100101000010011100000001011111110011000111101110000100101100011110110110100010101011110000111011010001011001000100110000001001000011000101100111100001100110011001000100100001000111000100100010110001000101110001010000100001 
01001110000001011101111101010111101101111000110110011110000011001011111001000100100000111001111111110111111111100001101001010010111111101101111011001000100111000111011111011110000011100010101100100110010101001011111100110110010000111000101011001011101010000010001011101010110100000000101110110100000010110111101001100111110001000000110110100110111110101101110001100101010000000010100110110011011111011100010011001010101111001101100000111111101000111101011000001100000101001010010100001100111000100010000010101101 
10010111100111100101110011100110111101101000100101001101010111011111100001011010000100000000111111111001100001111000010011001000011110001000010010100110001010101110111101111101101011101111110101001011010100100011111010110010101001100010101011001111110101001000110001000000100001111110001101100101001111101110011011111100000110110000100011110010110111011011000001010100011011010001011111010011001010101011100100100010011001101011000000111111001100110000101011010011011010011010111110000101101111100010010011111111 
11111101101111011111000110010011101101000001001110111010010111110001001111000101110011001110100111110111000000111010111011111101011001111011101000001000111011111011110100000001001001100100011001110111000001000011001111000010100101010001011001110011111000010110011100111011000010001100111001001111110110101100010110101010001110101101100110011111101111100010011011110101001010111010000011010011000100100111111010010110001110101010111100011111000000111001011101101100011011000110101011001010111101000101000001101001 
10001001010110110100011011011000101110110110110101010110001100100010111011111000000010110011100001111010101110010011101110111010100111101011100010110100000010000000001101001101110111100010001011010100111110101000111000101000111000010110001011110011001100100011011100010000011000111001101100001001010011100010100111010011100100010000101010010110010100001110101111001011110001111101000001110010011110000100110010011000111110111110101110110101011100011001011000000010101011011001111111011110110111100101011000111111 
11101100000111000110011011001001000011101111010101011000000000100110110000100111100000110111010101110101011101111000110110011100100011010011011100101101100110101001101110000000110110110010000101011111101111000111111001110110010000101101100111010001110001101101011011100100100010010001010100000001000000100001011110001111110000101101100100011001101101111110010011111111000011111000111010101111010111011110110111111101000111111111111101000001101010011000010111000001110111010110101011001100010000001000010010010111 
00110011101011111100011010001000010010001000000010001010010110001000101110010000000001000001010010001100011000010010011001110001001001110110100011000110110111111011101011001000100010000010110010011011011110101111010110001101100000101000101101110011110101111100101101111011100000110110000010000111011100000001110100011101100110100100000100000011001011000110111101001010011111110011011101100101011010010101111100111010010000100001111110010100100010001000110001101100011001111010101000101100100101000110111100101101 
10000011100101111111001101111100011000010100010100100111001000000001111000101111011110110010100010101001000000010110001100001000111001110001011011110010001000111011111010000001000000100010001110111000100001101001010010011111100110010000011110110100000010010111010111000100111111101001000101001011110100100011100000000111110101000100000011001110011001111010110101110110010001110000111110111010100001111110001111011101001001110011011000011001100010010100100000110100110101011101111101000101010010011000010110010001 
00011110101101110111100010101110000100011100101110011110011101111011011111110001000010001010001001000101000001000010100110010001000111000001010111100100001101111111000000111010101110011000000111011100010100110010101111000011001110110101000100100001000011111011110111100111100110101100011111100100011111110011001100111010001001110100011000100001000101110000110010010010010001001010101110001000011100001100011100001101000100001010000000101100001101100000101011000101110101010000111001010010110101001011010000001101 
00100101000100001000110111101010101010011100101011010101001100010011101011001110011110100000110111011100110001101011100001000101011010001010001110001001011101111000100001110000111101000100010000101010001101110101010001111010000111011100100001001011110011001000000110000111111001001011100101110011010010101110100001111110010101000101000110111000100010100010010000111001100110000110110101111100110100100011011011001110111101111000001101110001111000111111010010110001011010001110000011101111100110100001001000111101 
10101010001110010001011011011110101010101111100001011100010100010110001101000111010111100100000110000010110110111001110000011000010011010100000101101111110100011011110111110111110010101111001100101001011111011110111110001001111100111011011000100101100101001100110111110100001011110101011001101001001010001101100010000000111100001111111011000001001010011001010010010100010110111111011011111110001111110111101101110110010101011101010000010100100010000000011110000010100111111101001100000101000101111110001001100111 
00011001100001010111011100100010101011111101101010110011001010111010111010111010001101101101010000100000000001111000001110011100010100101000110110001101000110100111101010110001011111101000011001011011000100000000111100000101001111001001010101111011110000011010111010110100101000001000011110000111100100000110101010110101010000000110011001100011101110011100110101111101101001011011011011101011011101010111101000100110000011100100011001110011101011010110111001100010101100001011010100001000011011100110011011100111 
00111110110111011001000111111101111100001011110111100110110110110100001000001101110100011010000000001001011000111111001110100001100001001101111000101010000010000100110101001100011000110101110100111100000011011001010110001010011100001000110001101000001100011101101111010110111100001110100011001010111011001100100110011001100100011010101100110000001010000100110100101110101100110010111001000011011111110100000010000100000010110011011000111011111001001011101110011010110110000011110001110011011110100101011011001101 
00100101010100101010101100000000100111000000000011111101110110011101000111100110110011111100001100100111010010100001010111011011001011111110001110101110101101111000100000010101110001111101001010100111110001111001111111110110010101111000010010101011101100111001101111110100110100100001011101110011011100001100010001100001001100100110110010011000101101011011001010010111000010110010111101101000011100111000001110010111100111111001111101101110000111110011011011011110010111101010110010001110001111010110000010010101 
10001001010111101010000000001111101001111000011010111100001100000001111010111011011100101111110111111001010000010001101010101100011111110100010111100110100100100111010111101000000001010001000010110111110001110101011011010100010100010100001010101011101000110100110100010100011000110110000100010011110000101101110010001010111010011111100001001011000010110110010000100110100000101110001011100010011011111011010100101010111010000000100110001101001101000000110110011000110111101101111101001001010100110000001011111001 
10110100010111010001011011001100011000001110110110111101100010000001100000011110111101100111100110111100000110011100010100000100001000111100000100001101101000001110010001011001110001100100110010001101111111100011101111001101101100010110000110011100010100110110010011000100100111100101010000111111100101000111000111011101001000010110001110110001001110101110110100100001010001000000000101110011110001100101101010011100111100000101111101000101010101111011111101111000110101110011110000101100001111111101111110110001 
01011101110111000001110110000111110001110111111011000110100001100111001111001110100001110001011001101010111101011101011100010011110101000100111001000111011101000100000011010101011001000010111110100101110010110101110010100101101101110100100000010110011111000110101100110101111011011110110001001000111000001000100010011001000001101000110001000010110111101010110110101111111001010001110100011000000100000110001001101010101001001110001111010010000110010111111110010001110010011110111010011000010010001001001001110001 
01100011011010110000010001110111001000110010100011000111110000100010101011001000001101111000000000101010001111111000101001000000100110001010100001111111111101111001010101111010010000011001001100111111111000111100100001000010000101001100001010011001000100110000011001111001111010001011101001100100110011101010101110100101111000000001000001110111110010011111000101010111011001010011111000111011111000110011111101000010110011010111110010010010110101010110110010011110010010000110110011110101110111011000011010000101 
