01001011110111011000010010111011001111000010011011010000100001100001000111100100011010110001001101010111100100000011100010101110011011111111010110110000111110110100101010000001000000111110101100111101001001110010101110011101101111011100100100101101111111110001100011101010010111000111010101111010010000100110101011000111100001110101011001000110001110111111101000111101110111110111111101000111110111001111111111111111000000111010111011001001110101011001101001000111001101111111101010000111001110011011011111011011 
01110100101101000101001001001110010100111101000111100101000011010101100111000010100001100111000110000001100000010100000010101101001110100001010000000101011100100100101100000101001000100010100001111010010110111111000111110000110000101101101101010101100001110101110100001010001111000001011100010000110101011111101010111001000110001101010001101001101000110010010101100100001110010000101011000001000100000110111101110110110011010110010110001000100110001000100110010100000000000101100001011010011111111110010101010101 
01110100101101000101001001001110010100111101000111100101000011010101100111000010100001100111000110000001100000010100000010101101001110100001010000000101011100100100101100000101001000100010100001111010010110111111000111110000110000101101101101010101100001110101110100001010001111000001011100010000110101011111101010111001000110001101010001101001101000110010010101100100001110010000101011000001000100000110111101110110110011010110010110001000100110001000100110010100000000000101100001011010011111111110010101010101 
01001011110111011000010010111011001111000010011011010000100001100001000111100100011010110001001101010111100100000011100010101110011011111111010110110000111110110100101010000001000000111110101100111101001001110010101110011101101111011100100100101101111111110001100011101010010111000111010101111010010000100110101011000111100001110101011001000110001110111111101000111101110111110111111101000111110111001111111111111111000000111010111011001001110101011001101001000111001101111111101010000111001110011011011111011011 
10100100101110001001110010010101101001100100101111101001111101001111000010001110000110000101000111101010100001101100001100010110000101111001010100100111100000100110001100100101011101100111111011000011010100100000111000111010001100101111110110010010001000110100000000111100001010101000101111111110100000001111101111000001000011010010011100000000001110000010110010100010110001110100101001010100001100001100000011010101110001011001100011011011110001000010111010110010101100110000100000110011110110011000100111111001 
10100100101110001001110010010101101001100100101111101001111101001111000010001110000110000101000111101010100001101100001100010110000101111001010100100111100000100110001100100101011101100111111011000011010100100000111000111010001100101111110110010010001000110100000000111100001010101000101111111110100000001111101111000001000011010010011100000000001110000010110010100010110001110100101001010100001100001100000011010101110001011001100011011011110001000010111010110010101100110000100000110011110110011000100111111001 
10110111111111010001011001010011011101110110001001100001001010110000001101101000110011001011001010011100110011010011111000111100110110010000011001011001100001110010110111100111011111111101101001111010111111001010101001111001111011001101000000011100001001100001000000101100010001111101011101111111111000010111100011101101011110101001110001101100000001110010111001001000110010100101000000101110110110001011110011010110001001011100110101010111001011010111101111100010001010111111111100111100101111010101100101100100 
01001001111001010111001000111111110110101011011111001000101101001100101101111010111111001001101100111101111110110111100110101011000011000001001010101011010100100001111110011011011000000111111110111110000001010011011111111101111110111110000000001010111101110110011100100101011001010101011100111000001111100011101110001010011100010101100111110000010010100000001010101010101011011001000110100110001001111011110011110010010100010001001111011101110101011101101111001101001111111001001010111010000111110101111010111100 
00001101001101111111101010001100011001100111010011000000101100011000001100110101111101011010101100111000110111010111111111000100101101000010011111100100111001010001001111111010001100011111011010000010001100111000101010010000011010101111100001111101000101011011011011011100101001011110110001000010010011011100011110011110110001111010111111001111001100000111110010101110011000110111110011010001000000100101010111111100111110111110000000101111001110111111000100101001010111011010111101101111111010111111111001100111 
10100010100010000111000111111101111111111101111100110100110110001100111111010001011111101100100111011100010011001001101111000011110011010100001010111011000100101010101001110001100000110001101011010011001010010111011010101001001111011111110101110010010110011001001001110111100111101111110011101010110101001010010000111001101101110101010100010111011000110000010101110000111110101111101010000101011000101010011101000110001110010100111101010101001011110001101110100000000111010011110101111111010111110101000000101111 
11100100100010001101100111011001010100111101100011010011100010100010110011011000111100011001111011000101001000111001011110000110011111110001110100100011010010010010111000000110100001010001001110111110101101011101011101101101000010000101111000110010110000101000001011111000001000101010110110101101100010111000101000011000000110101010000010001001000000001010101000010100010100011011100100100011010010011101011111111011000010000100101111100001001100001100101000111011101110111101010011010001100000001000111101101001 
11100100100010001101100111011001010100111101100011010011100010100010110011011000111100011001111011000101001000111001011110000110011111110001110100100011010010010010111000000110100001010001001110111110101101011101011101101101000010000101111000110010110000101000001011111000001000101010110110101101100010111000101000011000000110101010000010001001000000001010101000010100010100011011100100100011010010011101011111111011000010000100101111100001001100001100101000111011101110111101010011010001100000001000111101101001 
00001101001101111111101010001100011001100111010011000000101100011000001100110101111101011010101100111000110111010111111111000100101101000010011111100100111001010001001111111010001100011111011010000010001100111000101010010000011010101111100001111101000101011011011011011100101001011110110001000010010011011100011110011110110001111010111111001111001100000111110010101110011000110111110011010001000000100101010111111100111110111110000000101111001110111111000100101001010111011010111101101111111010111111111001100111 
10100010100010000111000111111101111111111101111100110100110110001100111111010001011111101100100111011100010011001001101111000011110011010100001010111011000100101010101001110001100000110001101011010011001010010111011010101001001111011111110101110010010110011001001001110111100111101111110011101010110101001010010000111001101101110101010100010111011000110000010101110000111110101111101010000101011000101010011101000110001110010100111101010101001011110001101110100000000111010011110101111111010111110101000000101111 
01010011111111010011100010010110101100010110101110100001010110000111001011010001000011110101011000100010100010110000110111111001100111000110110111110101001101010100101110011001110010010010111000011001110000010011100111111010110001110001000110111010001010111001111101000110111001011001101101011001110000111011001011010001101101101111101001100001010000111100110100101100010011101100001101101101111011101111011101010111011000110110111000011010011110101011111001011100111111111011110111101100001110010011011001101101 
00001111000110000101110110101011010101111111110010111001000011000001001111011011111011001000111110111110101011101110111100001011000111110000110101000001011011001110101010001101111011101101111111100101010000111110100011001001010010110101000111011000110100110101010100010101110101111111011000110100010011100100011001100111010100100010110110111101101110100010100111001111101011001101000011010010110111000100101011111001100110101010100000100111000011101011111110010100010000000111010111110000001110010011011110001001 
01010011111111010011100010010110101100010110101110100001010110000111001011010001000011110101011000100010100010110000110111111001100111000110110111110101001101010100101110011001110010010010111000011001110000010011100111111010110001110001000110111010001010111001111101000110111001011001101101011001110000111011001011010001101101101111101001100001010000111100110100101100010011101100001101101101111011101111011101010111011000110110111000011010011110101011111001011100111111111011110111101100001110010011011001101101 
01111010110111101010011100011110001001001101000100110010011111110011111111010110001101111101010111111010101101101110011100101101000011011101011011110000100100100010101011000000100000010000100000001110110011110100011110000100010010110011011101011011101000110010011000100110001000001101100011011111110111001000001111011001100100110000100001111001101000101101100000111100001010110101010101000101101111011111000010101101100111000011011100001101110111011111110100001110001010110001010011111111110100111101110011010001 
10000101111101001001100101111110101100111011000100010010000000110111001101000010000101100001011010111001010000000100101011011001011001111111000101110001000011101110110000101101110000101000110001000000101000111000000010010101001001000100101110100001110011001000010000110101111111000111111001010101111001001000111010011100100100001001001011010010100000000110001000011001001100101111100000000001010011010111010000011111110111011111100001011000110001011101001111111101110111100001011100111000110011011110001101010101 
00101100110111010010010001101001010011010111111110011111011101001000111011110101111111101011110001001101111111000100000010010010110110101101100111110101110011110100101010011001110011011001000000011011110001000101010000110111100001100101101010100010101101111111101100111011010100111111001111010000001101010010111101100001110000001010111100101110110101011011010000010000110001110011101001110101101011100110011011010100010100111010010110000010000101001001110011000100010111100000110011111010110000010111100101100111 
01111010110111101010011100011110001001001101000100110010011111110011111111010110001101111101010111111010101101101110011100101101000011011101011011110000100100100010101011000000100000010000100000001110110011110100011110000100010010110011011101011011101000110010011000100110001000001101100011011111110111001000001111011001100100110000100001111001101000101101100000111100001010110101010101000101101111011111000010101101100111000011011100001101110111011111110100001110001010110001010011111111110100111101110011010001 
01001001111001010111001000111111110110101011011111001000101101001100101101111010111111001001101100111101111110110111100110101011000011000001001010101011010100100001111110011011011000000111111110111110000001010011011111111101111110111110000000001010111101110110011100100101011001010101011100111000001111100011101110001010011100010101100111110000010010100000001010101010101011011001000110100110001001111011110011110010010100010001001111011101110101011101101111001101001111111001001010111010000111110101111010111100 
10110111111111010001011001010011011101110110001001100001001010110000001101101000110011001011001010011100110011010011111000111100110110010000011001011001100001110010110111100111011111111101101001111010111111001010101001111001111011001101000000011100001001100001000000101100010001111101011101111111111000010111100011101101011110101001110001101100000001110010111001001000110010100101000000101110110110001011110011010110001001011100110101010111001011010111101111100010001010111111111100111100101111010101100101100100 
10000101111101001001100101111110101100111011000100010010000000110111001101000010000101100001011010111001010000000100101011011001011001111111000101110001000011101110110000101101110000101000110001000000101000111000000010010101001001000100101110100001110011001000010000110101111111000111111001010101111001001000111010011100100100001001001011010010100000000110001000011001001100101111100000000001010011010111010000011111110111011111100001011000110001011101001111111101110111100001011100111000110011011110001101010101 
00101100110111010010010001101001010011010111111110011111011101001000111011110101111111101011110001001101111111000100000010010010110110101101100111110101110011110100101010011001110011011001000000011011110001000101010000110111100001100101101010100010101101111111101100111011010100111111001111010000001101010010111101100001110000001010111100101110110101011011010000010000110001110011101001110101101011100110011011010100010100111010010110000010000101001001110011000100010111100000110011111010110000010111100101100111 
00001111000110000101110110101011010101111111110010111001000011000001001111011011111011001000111110111110101011101110111100001011000111110000110101000001011011001110101010001101111011101101111111100101010000111110100011001001010010110101000111011000110100110101010100010101110101111111011000110100010011100100011001100111010100100010110110111101101110100010100111001111101011001101000011010010110111000100101011111001100110101010100000100111000011101011111110010100010000000111010111110000001110010011011110001001 
00001011010011101100110101110011011010010011100111010111000000110001110000111010110010010110001011000001100100010100101010100100011101000010010100010110111100101001010001000111100001010011011010010110101111000100111010010111010111000110100011110101110111111111101111001111110010110110010011011111111011000100011101011111000100000101000101000011100001011111000101001100101110101010011101010000100111011110001110100001001001110000011010011100101001110110101100000101000100111110011010000010111001001001111110110001 
11110000111011100010001010001110111101110110000001001100100010100011001010100011101011111010001110101111001000010001011010111111110000010100010101010001010001000000101100001101000110011110010010000101001101100010100011110011011001000011011010100110110011011110101010000110011011101101011111100111100010001011101001010110100001001111011110110110011101110011101000010000000001001011111010001010000011000101111110101001101101001101110010100000101010101101111001001000011100001010111110000010001111010101111100111111 
00110110010100110111110000100010111100110101010001000111100011001010011110100100001001111001111010001000100000101100111001110001001010110110111011111000011111001100010100100101100011010110111110000101101100101001100001011101111001001000011100110000111100011101101110010101011010110101110001010100111010010010111100001110110111000010101001111100001110100000001011111110000011010101001100000101000101010011000100001101000111100100111110110000011110011110100011011000101100100000000101001011000100000000000000110111 
00000011100011100010001100101110111111001001001001000110101100001100110101001111010100001111100000011101011001100111101100001101111110110110000110100100111110001010000011101010101111000110101101110111111101001001010100100010111110111000000000101001110100011010011111111111111000101101001011010100100100001110111101010110100110010011111000110101001111101111101110000111011101101010111000110111001101011000101011010010001111110101111100100011100010010111010000111000000010000100100001000000100101000110110111000111 
10101000101111101101111000000111001000011011010110101100100000001111101111110101111011011110001010011101110110110000111000000111011100011110000101101001010110111111001101110000111001001100000100010001110100111011011111010011101110111010001011000110101101110001001111111110000000010000001001100010000011111001011111001000100001111100000111111100110001001010100100111100101001011001111001101101000010001001001000001011110101001011001100011101111010111011111010011110010100001100100000101111001011110000001110000011 
11000111011100011101001101100000010011110111001100001110110011011010001111001101001101001111111110001101110110110010101010001101011100011010001010101101100011101010110101100010001100011010101111010010010101000011010010111101100110111000101000011111000001000111101101001101001111010000000011110010101101000000000001011000100000011100001000111100010111110110000101010011011100001100011001010010010011010011011111100100111000001101111001111101011010100000101010000001001011100001010101110011110111001001101100100101 
00110100100101100100101100010001010011100010111011001101110011100011111101011101001001101100111001010111001111001011001000111010111101000011010001111001110011111010100001100100010111010100001100010110011101011100101000001110000101111100001011101001101010101101101001011101110100111000111000000100010000101101110011000111000010010111110110010111000000110100100111111100000100000111001110011011100111001111100010100111000101011001011100010101110000010111001001110101000111001111101010111010110010000010001011011111 
10101011110010101101001111011101110101101110111001000001111110010010001011110011100111000100001011010010000011010011111101111100000010000010010101101000011111000000010101010000100110000111110101011011001110000011011010001100101100111100010110011101100111000110110011101101110111111111101100110100100001000110101111110111001001011101110001010000101110110110100011101010110001101111000001100111001011000000111110011101110000110110101110011101000000100110010001011110110001110111101110001111110011100010000100100001 
10101011010101010010010010000010110101100110010000001001010101111010101100000100110000000111110100100100100100110010011111110010110110111110111010101001110011011011010001010000010110111111010110101001011100101011011000010000110000110100110110010100100010100100001110101000110101111001101000010010000001010110110100101010011111101001111001000111110001010101110110001000001011101011011100110000100101001000011100011111010001101010100001000001101111010111010011111100011001100010110000101011100110000000110111010011 
11000000000101101110001010101011000011101111101100110110011011111100010011000001000010001111001100111111011101010101010101111111011100111011000111110111011010110111100010110001000010000001100010100000100000001111110100001110000010110110110000100101001001100000010101110101000100101000101111010001010101100000100110000111000111011000001111111001110010100011100011110010011100111110100000001100110010010111101101110100011101111101010000010010000001101001010010100111010001001100111000100100011010000000000101011101 
01110101100010110010100001101111100000110010101110010000000001101110000001101111110111111101100000000001001011111011110000001010010110111011001001011110000111101000100111100010110101110000011100001010111001101011111011001100001100000110001010111100110011001011101100011101000110011001101110110011100101011111111100001010110001001100110011010000011011101010001100010110101000010101110011001000010101010010011000011011011000110011000110000100000001111000010111100110110011001010100110100010010110000111101100000011 
01111000100111010100000111010110101101110010110100100100011110000011101011101011011001010111110110001100110011110010010001010000110000111000000110100110111110011100000101001011011110001100000011011101111100110100101000101110110011101011010101011110000011110111100101101100000100000110111010110000110011011011101001010111011011100111110101101010110010000000000001001010110111111111111101100010001000001101001000100101010111001001010101011101111001010011000110111011011000001101110101111010100010100101110010011001 
00101010001000010010011011111100001010111000110110101100111110101001010100001001101001101010001001011000100001101011011001100010000011001100010001111110111110001010000110010011111000001010111000101110010011001111011101111111001100011101010011011100101000011011010010100001011011001011001111110011011110110001001110100110011100001110000001000111001000100110101001010011010000111110110101111111011000110101101110010111110011000110111000101001110000101000110100111001100000101101011111101001101101000101010101110101 
01111000100000111011111111111011111011000011010001010010001000111000011111111010000101101000010110100101011000111101101001000110011011001101101010001111010011111101100011001010010111110000010010111100000011001000101100010111010001011110111111011110111111001101010000100000010010001101011101000101101011100011011100001100001100001010101111111110110101101110100011011100001110001001011101000000011111011001011100000011011010111001010010110101111011110010100001000001100110010100111000010111101010001101010110101101 
01011100111011001100101011100101101001111010101100111100010000100010011000010010000110100000010111001001001100111001010010000000111001000000000111101011101011011101000101100011110011101111011101010011001010110110001001100100101000111110111110011111011100001111011001100000000001100101010110001100110000110001110110001101001010001100011101100110100100111010101111011011110110111101010100100111010010100011111111001111000010101001010011011100011001001110000100110001000101000100011100110100001011011110100100101111 
11001110011111100010101111100111000111100001110101100101111001001011111000011001010010001010100110010000001110101000011101100000001011001011100010100000000011000110110111011101010010001100101011011101011100001111110000010100100110101111100010011100101010010010010101001010010110011100100000010100000010100010110010001010111100011001001100111000000101000000011100111011101010000010000001001111111110000101001111111000100100000010111000011001011000110010011111101011001011100011000101101111011111100101011101011101 
10111001100110000010000000000010001001011001111101111010110101101001111000111100000001001110110100011010100000101100110110111001111001101100000010100111011000110010100111001110100000111101111100111111110001010001101000101100111011111100110011111011100101000111010011000000110100001001000100111110111001010011001011010011100111101101011111111101000110000011101111010011111001011110110101101111010011100000111101011101110001110101111010011100011101000100011000000011011111110100110000000010101110110111110011110111 
00100000001011101001011111111101011001101001001000010111100011011010011010111100110010011111110010010011000111010111011010000101111011001000000000011110101101011001100000110110011011100100101100101110011011011010010010001010110101000111000000011101111010001011010001001011101100010010011111111001100000100111101011111001110100001010100101000111111110101111100100010001001010000101000001111111100111000110010101101010100100100011111000101011100001001000000101101110000011010111101001010101011110110110110001111001 
00101101100110101001100111001111101011101011010101010010100100110101101111101110100100011111100111010101101001000101110100100010100110000111010111110011111110010011010000100110011100011101100000011011110110110110110011110000100011111000011011100011101111100100100010110100110101110100100001010011001111000110111100100111101000111001010001111010100100101001001011010011100011111001101001010100101001100101100110101001010111011011100100001101100011110110010101110110000110101100010100100111111000011100100111101001 
11100110001011110111011110101000000000001011000111110010100001010111010010001011011010100011000101000001100110100100011101000111000101100010000010101110110011101101010001001011100010010011100100101000101011111011011011110100000100110100011011000000101000001001001110010101001100010101101100110101000001111100101011001110010110110001100001110110000001101010110110010001010111110000001110111011100110110111011001000011110110011010000100001110111110010010000010111101001000011000100110101000111111101000010000011101 
10010000110010001101111000110110100011100111000101101011001100000010001011001011110101101111101100011111001011100011100110111100111000011001110100101111100000101111010010011001110110010001101010101100100001100100101100000011111101010000001111000000101001000110000101111011100001101110011000110110010000110100111011011111010101110010100010010101100111010101111000111101111111011000111010001000010110101010000101101111110100001111001101110110111101110000001000000100100001010010010000010000011000011001001000110011 
11100011111001100100010000101110000110000010010000101010011111101101011101110001000100110100100011111001100000101101000111110000000011001001101101100110011001011111111111100001100101101001110110011001011011010001110101101001100111011000010000000011111011100111000111010101100100011111111011011010011100011011001011110101110000100010001001011101000010000001010101110000011110000100011010011100111010111111011010100001000011010001001100001010001001001010100010101001010101011111110000000001000111010110011101100001 
00101010010101101110010000101011100000010100010100100000000110100011010111111110011101101100111010111000100101101010110101101010011111011000010110111111111001101111110001001101101001101011101101000111111110001010101000011101111011000111001110001011101111010100010110101101000011100110011111011010100000001110101101000000000010000001111100110111001111000111101011011000111100110111000101110101010011001000111011100010001110111010111010101011011111000010011000110101011001011011011100100100111100001101011111000101 
10110111010111011110100010000100100111000111110010101111101101101110001110000100110000110110111110011111011000000000100000011001001110010000100000000100000011110110011111110110011111101001000010001000111011111010001101011011101111000110111000111111111010010000101000110001111111000011000001111101010011000100110101110011101001110100011100110010000110001111101011101111010001001000110001010100111001011110000111000010010111101001101011111101101011001011011110010100100000001101010111010101100111010111100010101101 
10110101110110001011001010010000111010100100101101010100011011110011101111110010010111101010110001001110100010001111000001111010111111001000011001001001101011000000011100111010111111111001100001000101101101100000110010010110100001110111011000101001000111100000010000000011011101100101010111001110011011111001001100110010001101101001111010010010011110100101010111000101100001111111001000011001000011000111101101011011101011000010010101011011100011010101000000010010110011001010011001001000001011000000110000111011 
10011101000100111010110101100111010111100010110100110010101001110010011000001001011011001010101110010010001110100001011011111101111001100001101011100110011101001111101011100111000111011000011000101100110111101011100100001011101001011111110010101100010010010011110010110101001011101101010111100110011100100100110111101000001100101110110000000110011000101001010001000000000000110000011101001111000111101110111100000010101110011010001101100110001011010101101101000011011001010011110100100000111010001100101000110011 
00111100110110110000100001111010000001001010110110000111011110101011100110000011100101110000111101100010110101000001110100010110010001010010101011100111001100101001100010101001001111010100011101100000010011001110001100011110101110010100010011110101001101110110100101010001111101001011000011111100111001110100000010100110001010101110110000010110001011000011111110111110110010011001100011001010000000011000100110000111011010000010001010011011001100111100100011010110110000010101110101011001100110111101101001001011 
11011000100011011101111100001000000011110110100000100000000011111000101010111100101001010010001000101111000010111110111110000111101010101001011000000111111100101111011000110010010111100011011101000011100100101001101010001000100111110000111001001110010111110110101110111100111100000110111011001101001110111000011000010111101010001101000000010100000001000110100011110111101010100011000011100110101110101100001100001001001110000011110101101100100010010101001110110010100111011110100100111011101111011011101010010001 
11001110011111100010101111100111000111100001110101100101111001001011111000011001010010001010100110010000001110101000011101100000001011001011100010100000000011000110110111011101010010001100101011011101011100001111110000010100100110101111100010011100101010010010010101001010010110011100100000010100000010100010110010001010111100011001001100111000000101000000011100111011101010000010000001001111111110000101001111111000100100000010111000011001011000110010011111101011001011100011000101101111011111100101011101011101 
11011000100011011101111100001000000011110110100000100000000011111000101010111100101001010010001000101111000010111110111110000111101010101001011000000111111100101111011000110010010111100011011101000011100100101001101010001000100111110000111001001110010111110110101110111100111100000110111011001101001110111000011000010111101010001101000000010100000001000110100011110111101010100011000011100110101110101100001100001001001110000011110101101100100010010101001110110010100111011110100100111011101111011011101010010001 
00101010010101101110010000101011100000010100010100100000000110100011010111111110011101101100111010111000100101101010110101101010011111011000010110111111111001101111110001001101101001101011101101000111111110001010101000011101111011000111001110001011101111010100010110101101000011100110011111011010100000001110101101000000000010000001111100110111001111000111101011011000111100110111000101110101010011001000111011100010001110111010111010101011011111000010011000110101011001011011011100100100111100001101011111000101 
10111001100110000010000000000010001001011001111101111010110101101001111000111100000001001110110100011010100000101100110110111001111001101100000010100111011000110010100111001110100000111101111100111111110001010001101000101100111011111100110011111011100101000111010011000000110100001001000100111110111001010011001011010011100111101101011111111101000110000011101111010011111001011110110101101111010011100000111101011101110001110101111010011100011101000100011000000011011111110100110000000010101110110111110011110111 
00110100100101100100101100010001010011100010111011001101110011100011111101011101001001101100111001010111001111001011001000111010111101000011010001111001110011111010100001100100010111010100001100010110011101011100101000001110000101111100001011101001101010101101101001011101110100111000111000000100010000101101110011000111000010010111110110010111000000110100100111111100000100000111001110011011100111001111100010100111000101011001011100010101110000010111001001110101000111001111101010111010110010000010001011011111 
00101010001000010010011011111100001010111000110110101100111110101001010100001001101001101010001001011000100001101011011001100010000011001100010001111110111110001010000110010011111000001010111000101110010011001111011101111111001100011101010011011100101000011011010010100001011011001011001111110011011110110001001110100110011100001110000001000111001000100110101001010011010000111110110101111111011000110101101110010111110011000110111000101001110000101000110100111001100000101101011111101001101101000101010101110101 
11110000111011100010001010001110111101110110000001001100100010100011001010100011101011111010001110101111001000010001011010111111110000010100010101010001010001000000101100001101000110011110010010000101001101100010100011110011011001000011011010100110110011011110101010000110011011101101011111100111100010001011101001010110100001001111011110110110011101110011101000010000000001001011111010001010000011000101111110101001101101001101110010100000101010101101111001001000011100001010111110000010001111010101111100111111 
00000011100011100010001100101110111111001001001001000110101100001100110101001111010100001111100000011101011001100111101100001101111110110110000110100100111110001010000011101010101111000110101101110111111101001001010100100010111110111000000000101001110100011010011111111111111000101101001011010100100100001110111101010110100110010011111000110101001111101111101110000111011101101010111000110111001101011000101011010010001111110101111100100011100010010111010000111000000010000100100001000000100101000110110111000111 
10101011110010101101001111011101110101101110111001000001111110010010001011110011100111000100001011010010000011010011111101111100000010000010010101101000011111000000010101010000100110000111110101011011001110000011011010001100101100111100010110011101100111000110110011101101110111111111101100110100100001000110101111110111001001011101110001010000101110110110100011101010110001101111000001100111001011000000111110011101110000110110101110011101000000100110010001011110110001110111101110001111110011100010000100100001 
10101011010101010010010010000010110101100110010000001001010101111010101100000100110000000111110100100100100100110010011111110010110110111110111010101001110011011011010001010000010110111111010110101001011100101011011000010000110000110100110110010100100010100100001110101000110101111001101000010010000001010110110100101010011111101001111001000111110001010101110110001000001011101011011100110000100101001000011100011111010001101010100001000001101111010111010011111100011001100010110000101011100110000000110111010011 
00101101100110101001100111001111101011101011010101010010100100110101101111101110100100011111100111010101101001000101110100100010100110000111010111110011111110010011010000100110011100011101100000011011110110110110110011110000100011111000011011100011101111100100100010110100110101110100100001010011001111000110111100100111101000111001010001111010100100101001001011010011100011111001101001010100101001100101100110101001010111011011100100001101100011110110010101110110000110101100010100100111111000011100100111101001 
10101000101111101101111000000111001000011011010110101100100000001111101111110101111011011110001010011101110110110000111000000111011100011110000101101001010110111111001101110000111001001100000100010001110100111011011111010011101110111010001011000110101101110001001111111110000000010000001001100010000011111001011111001000100001111100000111111100110001001010100100111100101001011001111001101101000010001001001000001011110101001011001100011101111010111011111010011110010100001100100000101111001011110000001110000011 
01111000100000111011111111111011111011000011010001010010001000111000011111111010000101101000010110100101011000111101101001000110011011001101101010001111010011111101100011001010010111110000010010111100000011001000101100010111010001011110111111011110111111001101010000100000010010001101011101000101101011100011011100001100001100001010101111111110110101101110100011011100001110001001011101000000011111011001011100000011011010111001010010110101111011110010100001000001100110010100111000010111101010001101010110101101 
10110111010111011110100010000100100111000111110010101111101101101110001110000100110000110110111110011111011000000000100000011001001110010000100000000100000011110110011111110110011111101001000010001000111011111010001101011011101111000110111000111111111010010000101000110001111111000011000001111101010011000100110101110011101001110100011100110010000110001111101011101111010001001000110001010100111001011110000111000010010111101001101011111101101011001011011110010100100000001101010111010101100111010111100010101101 
11100011111001100100010000101110000110000010010000101010011111101101011101110001000100110100100011111001100000101101000111110000000011001001101101100110011001011111111111100001100101101001110110011001011011010001110101101001100111011000010000000011111011100111000111010101100100011111111011011010011100011011001011110101110000100010001001011101000010000001010101110000011110000100011010011100111010111111011010100001000011010001001100001010001001001010100010101001010101011111110000000001000111010110011101100001 
00001011010011101100110101110011011010010011100111010111000000110001110000111010110010010110001011000001100100010100101010100100011101000010010100010110111100101001010001000111100001010011011010010110101111000100111010010111010111000110100011110101110111111111101111001111110010110110010011011111111011000100011101011111000100000101000101000011100001011111000101001100101110101010011101010000100111011110001110100001001001110000011010011100101001110110101100000101000100111110011010000010111001001001111110110001 
00111100110110110000100001111010000001001010110110000111011110101011100110000011100101110000111101100010110101000001110100010110010001010010101011100111001100101001100010101001001111010100011101100000010011001110001100011110101110010100010011110101001101110110100101010001111101001011000011111100111001110100000010100110001010101110110000010110001011000011111110111110110010011001100011001010000000011000100110000111011010000010001010011011001100111100100011010110110000010101110101011001100110111101101001001011 
11100110001011110111011110101000000000001011000111110010100001010111010010001011011010100011000101000001100110100100011101000111000101100010000010101110110011101101010001001011100010010011100100101000101011111011011011110100000100110100011011000000101000001001001110010101001100010101101100110101000001111100101011001110010110110001100001110110000001101010110110010001010111110000001110111011100110110111011001000011110110011010000100001110111110010010000010111101001000011000100110101000111111101000010000011101 
11000000000101101110001010101011000011101111101100110110011011111100010011000001000010001111001100111111011101010101010101111111011100111011000111110111011010110111100010110001000010000001100010100000100000001111110100001110000010110110110000100101001001100000010101110101000100101000101111010001010101100000100110000111000111011000001111111001110010100011100011110010011100111110100000001100110010010111101101110100011101111101010000010010000001101001010010100111010001001100111000100100011010000000000101011101 
10010000110010001101111000110110100011100111000101101011001100000010001011001011110101101111101100011111001011100011100110111100111000011001110100101111100000101111010010011001110110010001101010101100100001100100101100000011111101010000001111000000101001000110000101111011100001101110011000110110010000110100111011011111010101110010100010010101100111010101111000111101111111011000111010001000010110101010000101101111110100001111001101110110111101110000001000000100100001010010010000010000011000011001001000110011 
00100000001011101001011111111101011001101001001000010111100011011010011010111100110010011111110010010011000111010111011010000101111011001000000000011110101101011001100000110110011011100100101100101110011011011010010010001010110101000111000000011101111010001011010001001011101100010010011111111001100000100111101011111001110100001010100101000111111110101111100100010001001010000101000001111111100111000110010101101010100100100011111000101011100001001000000101101110000011010111101001010101011110110110110001111001 
10110101110110001011001010010000111010100100101101010100011011110011101111110010010111101010110001001110100010001111000001111010111111001000011001001001101011000000011100111010111111111001100001000101101101100000110010010110100001110111011000101001000111100000010000000011011101100101010111001110011011111001001100110010001101101001111010010010011110100101010111000101100001111111001000011001000011000111101101011011101011000010010101011011100011010101000000010010110011001010011001001000001011000000110000111011 
01111000100111010100000111010110101101110010110100100100011110000011101011101011011001010111110110001100110011110010010001010000110000111000000110100110111110011100000101001011011110001100000011011101111100110100101000101110110011101011010101011110000011110111100101101100000100000110111010110000110011011011101001010111011011100111110101101010110010000000000001001010110111111111111101100010001000001101001000100101010111001001010101011101111001010011000110111011011000001101110101111010100010100101110010011001 
11010100010100111010011100111010010100110100111001100001111111001110011110100110001000001000101101100010110011101010000010010110110010110000000101011001001111101111110010001100111110100011000101111001000101101011011000001110111101011100111100101001101011100011110010101101000010011010000110000100111111001000110100001101011000110100010010011010101010110000010011111100010000100111111100001111001101101010101000010001111110011010111001111000001000111101000101010100100010111000001001010100001111110100111001010001 
00110110010100110111110000100010111100110101010001000111100011001010011110100100001001111001111010001000100000101100111001110001001010110110111011111000011111001100010100100101100011010110111110000101101100101001100001011101111001001000011100110000111100011101101110010101011010110101110001010100111010010010111100001110110111000010101001111100001110100000001011111110000011010101001100000101000101010011000100001101000111100100111110110000011110011110100011011000101100100000000101001011000100000000000000110111 
10011101000100111010110101100111010111100010110100110010101001110010011000001001011011001010101110010010001110100001011011111101111001100001101011100110011101001111101011100111000111011000011000101100110111101011100100001011101001011111110010101100010010010011110010110101001011101101010111100110011100100100110111101000001100101110110000000110011000101001010001000000000000110000011101001111000111101110111100000010101110011010001101100110001011010101101101000011011001010011110100100000111010001100101000110011 
01011100111011001100101011100101101001111010101100111100010000100010011000010010000110100000010111001001001100111001010010000000111001000000000111101011101011011101000101100011110011101111011101010011001010110110001001100100101000111110111110011111011100001111011001100000000001100101010110001100110000110001110110001101001010001100011101100110100100111010101111011011110110111101010100100111010010100011111111001111000010101001010011011100011001001110000100110001000101000100011100110100001011011110100100101111 
01110101100010110010100001101111100000110010101110010000000001101110000001101111110111111101100000000001001011111011110000001010010110111011001001011110000111101000100111100010110101110000011100001010111001101011111011001100001100000110001010111100110011001011101100011101000110011001101110110011100101011111111100001010110001001100110011010000011011101010001100010110101000010101110011001000010101010010011000011011011000110011000110000100000001111000010111100110110011001010100110100010010110000111101100000011 
01110100101101000101001001001110010100111101000111100101000011010101100111000010100001100111000110000001100000010100000010101101001110100001010000000101011100100100101100000101001000100010100001111010010110111111000111110000110000101101101101010101100001110101110100001010001111000001011100010000110101011111101010111001000110001101010001101001101000110010010101100100001110010000101011000001000100000110111101110110110011010110010110001000100110001000100110010100000000000101100001011010011111111110010101010101 
01001011110111011000010010111011001111000010011011010000100001100001000111100100011010110001001101010111100100000011100010101110011011111111010110110000111110110100101010000001000000111110101100111101001001110010101110011101101111011100100100101101111111110001100011101010010111000111010101111010010000100110101011000111100001110101011001000110001110111111101000111101110111110111111101000111110111001111111111111111000000111010111011001001110101011001101001000111001101111111101010000111001110011011011111011011 
10100100101110001001110010010101101001100100101111101001111101001111000010001110000110000101000111101010100001101100001100010110000101111001010100100111100000100110001100100101011101100111111011000011010100100000111000111010001100101111110110010010001000110100000000111100001010101000101111111110100000001111101111000001000011010010011100000000001110000010110010100010110001110100101001010100001100001100000011010101110001011001100011011011110001000010111010110010101100110000100000110011110110011000100111111001 
11100100100010001101100111011001010100111101100011010011100010100010110011011000111100011001111011000101001000111001011110000110011111110001110100100011010010010010111000000110100001010001001110111110101101011101011101101101000010000101111000110010110000101000001011111000001000101010110110101101100010111000101000011000000110101010000010001001000000001010101000010100010100011011100100100011010010011101011111111011000010000100101111100001001100001100101000111011101110111101010011010001100000001000111101101001 
10100010100010000111000111111101111111111101111100110100110110001100111111010001011111101100100111011100010011001001101111000011110011010100001010111011000100101010101001110001100000110001101011010011001010010111011010101001001111011111110101110010010110011001001001110111100111101111110011101010110101001010010000111001101101110101010100010111011000110000010101110000111110101111101010000101011000101010011101000110001110010100111101010101001011110001101110100000000111010011110101111111010111110101000000101111 
00001101001101111111101010001100011001100111010011000000101100011000001100110101111101011010101100111000110111010111111111000100101101000010011111100100111001010001001111111010001100011111011010000010001100111000101010010000011010101111100001111101000101011011011011011100101001011110110001000010010011011100011110011110110001111010111111001111001100000111110010101110011000110111110011010001000000100101010111111100111110111110000000101111001110111111000100101001010111011010111101101111111010111111111001100111 
01010011111111010011100010010110101100010110101110100001010110000111001011010001000011110101011000100010100010110000110111111001100111000110110111110101001101010100101110011001110010010010111000011001110000010011100111111010110001110001000110111010001010111001111101000110111001011001101101011001110000111011001011010001101101101111101001100001010000111100110100101100010011101100001101101101111011101111011101010111011000110110111000011010011110101011111001011100111111111011110111101100001110010011011001101101 
01001001111001010111001000111111110110101011011111001000101101001100101101111010111111001001101100111101111110110111100110101011000011000001001010101011010100100001111110011011011000000111111110111110000001010011011111111101111110111110000000001010111101110110011100100101011001010101011100111000001111100011101110001010011100010101100111110000010010100000001010101010101011011001000110100110001001111011110011110010010100010001001111011101110101011101101111001101001111111001001010111010000111110101111010111100 
00101100110111010010010001101001010011010111111110011111011101001000111011110101111111101011110001001101111111000100000010010010110110101101100111110101110011110100101010011001110011011001000000011011110001000101010000110111100001100101101010100010101101111111101100111011010100111111001111010000001101010010111101100001110000001010111100101110110101011011010000010000110001110011101001110101101011100110011011010100010100111010010110000010000101001001110011000100010111100000110011111010110000010111100101100111 
10110111111111010001011001010011011101110110001001100001001010110000001101101000110011001011001010011100110011010011111000111100110110010000011001011001100001110010110111100111011111111101101001111010111111001010101001111001111011001101000000011100001001100001000000101100010001111101011101111111111000010111100011101101011110101001110001101100000001110010111001001000110010100101000000101110110110001011110011010110001001011100110101010111001011010111101111100010001010111111111100111100101111010101100101100100 
01111010110111101010011100011110001001001101000100110010011111110011111111010110001101111101010111111010101101101110011100101101000011011101011011110000100100100010101011000000100000010000100000001110110011110100011110000100010010110011011101011011101000110010011000100110001000001101100011011111110111001000001111011001100100110000100001111001101000101101100000111100001010110101010101000101101111011111000010101101100111000011011100001101110111011111110100001110001010110001010011111111110100111101110011010001 
00110000000000110100010111111001101010101101100101010001000000000000110101101011000000110110001100001011100110000110001010010011111110110010111100111111010101001001010001001000001001100000001011110100010111110010010111000100110011101110011100100001001110001101000011010011001101000010000111001000100100011110111011111101111100100101000111101000011101111101100111010100110010000110011000110100000100111011000011111110111100110100010000111100010101000101001111001011101100100011101001000110010100110100010010100101 
00001111000110000101110110101011010101111111110010111001000011000001001111011011111011001000111110111110101011101110111100001011000111110000110101000001011011001110101010001101111011101101111111100101010000111110100011001001010010110101000111011000110100110101010100010101110101111111011000110100010011100100011001100111010100100010110110111101101110100010100111001111101011001101000011010010110111000100101011111001100110101010100000100111000011101011111110010100010000000111010111110000001110010011011110001001 
10111000101101011000010110011011001000101110111001101111001000010110110010101110110101111101001110110010101000111101010100101111100110000000010100010100011011101011101011011111010110110100010011000010011010111001101011010001111000100000101111110111001101000010001000000000110001011010100110110000010101100011110000100001010100111100010111011100111100000101110010100101001011000010010000010000111011110000110000010111001101000010100000010001100010100100100001011110001011010110011100111010011011101101001000111101 
00110110010100110111110000100010111100110101010001000111100011001010011110100100001001111001111010001000100000101100111001110001001010110110111011111000011111001100010100100101100011010110111110000101101100101001100001011101111001001000011100110000111100011101101110010101011010110101110001010100111010010010111100001110110111000010101001111100001110100000001011111110000011010101001100000101000101010011000100001101000111100100111110110000011110011110100011011000101100100000000101001011000100000000000000110111 
00110100100101100100101100010001010011100010111011001101110011100011111101011101001001101100111001010111001111001011001000111010111101000011010001111001110011111010100001100100010111010100001100010110011101011100101000001110000101111100001011101001101010101101101001011101110100111000111000000100010000101101110011000111000010010111110110010111000000110100100111111100000100000111001110011011100111001111100010100111000101011001011100010101110000010111001001110101000111001111101010111010110010000010001011011111 
10110101110110001011001010010000111010100100101101010100011011110011101111110010010111101010110001001110100010001111000001111010111111001000011001001001101011000000011100111010111111111001100001000101101101100000110010010110100001110111011000101001000111100000010000000011011101100101010111001110011011111001001100110010001101101001111010010010011110100101010111000101100001111111001000011001000011000111101101011011101011000010010101011011100011010101000000010010110011001010011001001000001011000000110000111011 
11100110001011110111011110101000000000001011000111110010100001010111010010001011011010100011000101000001100110100100011101000111000101100010000010101110110011101101010001001011100010010011100100101000101011111011011011110100000100110100011011000000101000001001001110010101001100010101101100110101000001111100101011001110010110110001100001110110000001101010110110010001010111110000001110111011100110110111011001000011110110011010000100001110111110010010000010111101001000011000100110101000111111101000010000011101 
11100011111001100100010000101110000110000010010000101010011111101101011101110001000100110100100011111001100000101101000111110000000011001001101101100110011001011111111111100001100101101001110110011001011011010001110101101001100111011000010000000011111011100111000111010101100100011111111011011010011100011011001011110101110000100010001001011101000010000001010101110000011110000100011010011100111010111111011010100001000011010001001100001010001001001010100010101001010101011111110000000001000111010110011101100001 
01111000100111010100000111010110101101110010110100100100011110000011101011101011011001010111110110001100110011110010010001010000110000111000000110100110111110011100000101001011011110001100000011011101111100110100101000101110110011101011010101011110000011110111100101101100000100000110111010110000110011011011101001010111011011100111110101101010110010000000000001001010110111111111111101100010001000001101001000100101010111001001010101011101111001010011000110111011011000001101110101111010100010100101110010011001 
00101010010101101110010000101011100000010100010100100000000110100011010111111110011101101100111010111000100101101010110101101010011111011000010110111111111001101111110001001101101001101011101101000111111110001010101000011101111011000111001110001011101111010100010110101101000011100110011111011010100000001110101101000000000010000001111100110111001111000111101011011000111100110111000101110101010011001000111011100010001110111010111010101011011111000010011000110101011001011011011100100100111100001101011111000101 
01011100111011001100101011100101101001111010101100111100010000100010011000010010000110100000010111001001001100111001010010000000111001000000000111101011101011011101000101100011110011101111011101010011001010110110001001100100101000111110111110011111011100001111011001100000000001100101010110001100110000110001110110001101001010001100011101100110100100111010101111011011110110111101010100100111010010100011111111001111000010101001010011011100011001001110000100110001000101000100011100110100001011011110100100101111 
11000000000101101110001010101011000011101111101100110110011011111100010011000001000010001111001100111111011101010101010101111111011100111011000111110111011010110111100010110001000010000001100010100000100000001111110100001110000010110110110000100101001001100000010101110101000100101000101111010001010101100000100110000111000111011000001111111001110010100011100011110010011100111110100000001100110010010111101101110100011101111101010000010010000001101001010010100111010001001100111000100100011010000000000101011101 
10111001100110000010000000000010001001011001111101111010110101101001111000111100000001001110110100011010100000101100110110111001111001101100000010100111011000110010100111001110100000111101111100111111110001010001101000101100111011111100110011111011100101000111010011000000110100001001000100111110111001010011001011010011100111101101011111111101000110000011101111010011111001011110110101101111010011100000111101011101110001110101111010011100011101000100011000000011011111110100110000000010101110110111110011110111 
00000011100011100010001100101110111111001001001001000110101100001100110101001111010100001111100000011101011001100111101100001101111110110110000110100100111110001010000011101010101111000110101101110111111101001001010100100010111110111000000000101001110100011010011111111111111000101101001011010100100100001110111101010110100110010011111000110101001111101111101110000111011101101010111000110111001101011000101011010010001111110101111100100011100010010111010000111000000010000100100001000000100101000110110111000111 
00101010001000010010011011111100001010111000110110101100111110101001010100001001101001101010001001011000100001101011011001100010000011001100010001111110111110001010000110010011111000001010111000101110010011001111011101111111001100011101010011011100101000011011010010100001011011001011001111110011011110110001001110100110011100001110000001000111001000100110101001010011010000111110110101111111011000110101101110010111110011000110111000101001110000101000110100111001100000101101011111101001101101000101010101110101 
11011000100011011101111100001000000011110110100000100000000011111000101010111100101001010010001000101111000010111110111110000111101010101001011000000111111100101111011000110010010111100011011101000011100100101001101010001000100111110000111001001110010111110110101110111100111100000110111011001101001110111000011000010111101010001101000000010100000001000110100011110111101010100011000011100110101110101100001100001001001110000011110101101100100010010101001110110010100111011110100100111011101111011011101010010001 
10010000110010001101111000110110100011100111000101101011001100000010001011001011110101101111101100011111001011100011100110111100111000011001110100101111100000101111010010011001110110010001101010101100100001100100101100000011111101010000001111000000101001000110000101111011100001101110011000110110010000110100111011011111010101110010100010010101100111010101111000111101111111011000111010001000010110101010000101101111110100001111001101110110111101110000001000000100100001010010010000010000011000011001001000110011 
10110111010111011110100010000100100111000111110010101111101101101110001110000100110000110110111110011111011000000000100000011001001110010000100000000100000011110110011111110110011111101001000010001000111011111010001101011011101111000110111000111111111010010000101000110001111111000011000001111101010011000100110101110011101001110100011100110010000110001111101011101111010001001000110001010100111001011110000111000010010111101001101011111101101011001011011110010100100000001101010111010101100111010111100010101101 
00001011010011101100110101110011011010010011100111010111000000110001110000111010110010010110001011000001100100010100101010100100011101000010010100010110111100101001010001000111100001010011011010010110101111000100111010010111010111000110100011110101110111111111101111001111110010110110010011011111111011000100011101011111000100000101000101000011100001011111000101001100101110101010011101010000100111011110001110100001001001110000011010011100101001110110101100000101000100111110011010000010111001001001111110110001 
00110011001001010000010111101111011100011011010100011110110100011010110010110101111111101110101111100010101100101111101101010001011100110001001101100000110100101101010011010111100111100100010100110110111100011111100001101000100010001111010101110010010110011011011100000000110011010100100100011011101010110101001010011110000100010000101110110010001110100110011100111111110111000111100001011100110110100000010110111001010011010101001010111001110001010000110100110110101000100100001100110010100100010101111110011111 
11010100010100111010011100111010010100110100111001100001111111001110011110100110001000001000101101100010110011101010000010010110110010110000000101011001001111101111110010001100111110100011000101111001000101101011011000001110111101011100111100101001101011100011110010101101000010011010000110000100111111001000110100001101011000110100010010011010101010110000010011111100010000100111111100001111001101101010101000010001111110011010111001111000001000111101000101010100100010111000001001010100001111110100111001010001 
10011101000100111010110101100111010111100010110100110010101001110010011000001001011011001010101110010010001110100001011011111101111001100001101011100110011101001111101011100111000111011000011000101100110111101011100100001011101001011111110010101100010010010011110010110101001011101101010111100110011100100100110111101000001100101110110000000110011000101001010001000000000000110000011101001111000111101110111100000010101110011010001101100110001011010101101101000011011001010011110100100000111010001100101000110011 
10101011110010101101001111011101110101101110111001000001111110010010001011110011100111000100001011010010000011010011111101111100000010000010010101101000011111000000010101010000100110000111110101011011001110000011011010001100101100111100010110011101100111000110110011101101110111111111101100110100100001000110101111110111001001011101110001010000101110110110100011101010110001101111000001100111001011000000111110011101110000110110101110011101000000100110010001011110110001110111101110001111110011100010000100100001 
00100000001011101001011111111101011001101001001000010111100011011010011010111100110010011111110010010011000111010111011010000101111011001000000000011110101101011001100000110110011011100100101100101110011011011010010010001010110101000111000000011101111010001011010001001011101100010010011111111001100000100111101011111001110100001010100101000111111110101111100100010001001010000101000001111111100111000110010101101010100100100011111000101011100001001000000101101110000011010111101001010101011110110110110001111001 
00111100110110110000100001111010000001001010110110000111011110101011100110000011100101110000111101100010110101000001110100010110010001010010101011100111001100101001100010101001001111010100011101100000010011001110001100011110101110010100010011110101001101110110100101010001111101001011000011111100111001110100000010100110001010101110110000010110001011000011111110111110110010011001100011001010000000011000100110000111011010000010001010011011001100111100100011010110110000010101110101011001100110111101101001001011 
10101011010101010010010010000010110101100110010000001001010101111010101100000100110000000111110100100100100100110010011111110010110110111110111010101001110011011011010001010000010110111111010110101001011100101011011000010000110000110100110110010100100010100100001110101000110101111001101000010010000001010110110100101010011111101001111001000111110001010101110110001000001011101011011100110000100101001000011100011111010001101010100001000001101111010111010011111100011001100010110000101011100110000000110111010011 
00101101100110101001100111001111101011101011010101010010100100110101101111101110100100011111100111010101101001000101110100100010100110000111010111110011111110010011010000100110011100011101100000011011110110110110110011110000100011111000011011100011101111100100100010110100110101110100100001010011001111000110111100100111101000111001010001111010100100101001001011010011100011111001101001010100101001100101100110101001010111011011100100001101100011110110010101110110000110101100010100100111111000011100100111101001 
01110101100010110010100001101111100000110010101110010000000001101110000001101111110111111101100000000001001011111011110000001010010110111011001001011110000111101000100111100010110101110000011100001010111001101011111011001100001100000110001010111100110011001011101100011101000110011001101110110011100101011111111100001010110001001100110011010000011011101010001100010110101000010101110011001000010101010010011000011011011000110011000110000100000001111000010111100110110011001010100110100010010110000111101100000011 
10101000101111101101111000000111001000011011010110101100100000001111101111110101111011011110001010011101110110110000111000000111011100011110000101101001010110111111001101110000111001001100000100010001110100111011011111010011101110111010001011000110101101110001001111111110000000010000001001100010000011111001011111001000100001111100000111111100110001001010100100111100101001011001111001101101000010001001001000001011110101001011001100011101111010111011111010011110010100001100100000101111001011110000001110000011 
11110000111011100010001010001110111101110110000001001100100010100011001010100011101011111010001110101111001000010001011010111111110000010100010101010001010001000000101100001101000110011110010010000101001101100010100011110011011001000011011010100110110011011110101010000110011011101101011111100111100010001011101001010110100001001111011110110110011101110011101000010000000001001011111010001010000011000101111110101001101101001101110010100000101010101101111001001000011100001010111110000010001111010101111100111111 
01110100101101000101001001001110010100111101000111100101000011010101100111000010100001100111000110000001100000010100000010101101001110100001010000000101011100100100101100000101001000100010100001111010010110111111000111110000110000101101101101010101100001110101110100001010001111000001011100010000110101011111101010111001000110001101010001101001101000110010010101100100001110010000101011000001000100000110111101110110110011010110010110001000100110001000100110010100000000000101100001011010011111111110010101010101 
01001011110111011000010010111011001111000010011011010000100001100001000111100100011010110001001101010111100100000011100010101110011011111111010110110000111110110100101010000001000000111110101100111101001001110010101110011101101111011100100100101101111111110001100011101010010111000111010101111010010000100110101011000111100001110101011001000110001110111111101000111101110111110111111101000111110111001111111111111111000000111010111011001001110101011001101001000111001101111111101010000111001110011011011111011011 
10100100101110001001110010010101101001100100101111101001111101001111000010001110000110000101000111101010100001101100001100010110000101111001010100100111100000100110001100100101011101100111111011000011010100100000111000111010001100101111110110010010001000110100000000111100001010101000101111111110100000001111101111000001000011010010011100000000001110000010110010100010110001110100101001010100001100001100000011010101110001011001100011011011110001000010111010110010101100110000100000110011110110011000100111111001 
11100100100010001101100111011001010100111101100011010011100010100010110011011000111100011001111011000101001000111001011110000110011111110001110100100011010010010010111000000110100001010001001110111110101101011101011101101101000010000101111000110010110000101000001011111000001000101010110110101101100010111000101000011000000110101010000010001001000000001010101000010100010100011011100100100011010010011101011111111011000010000100101111100001001100001100101000111011101110111101010011010001100000001000111101101001 
00001101001101111111101010001100011001100111010011000000101100011000001100110101111101011010101100111000110111010111111111000100101101000010011111100100111001010001001111111010001100011111011010000010001100111000101010010000011010101111100001111101000101011011011011011100101001011110110001000010010011011100011110011110110001111010111111001111001100000111110010101110011000110111110011010001000000100101010111111100111110111110000000101111001110111111000100101001010111011010111101101111111010111111111001100111 
10100010100010000111000111111101111111111101111100110100110110001100111111010001011111101100100111011100010011001001101111000011110011010100001010111011000100101010101001110001100000110001101011010011001010010111011010101001001111011111110101110010010110011001001001110111100111101111110011101010110101001010010000111001101101110101010100010111011000110000010101110000111110101111101010000101011000101010011101000110001110010100111101010101001011110001101110100000000111010011110101111111010111110101000000101111 
01010011111111010011100010010110101100010110101110100001010110000111001011010001000011110101011000100010100010110000110111111001100111000110110111110101001101010100101110011001110010010010111000011001110000010011100111111010110001110001000110111010001010111001111101000110111001011001101101011001110000111011001011010001101101101111101001100001010000111100110100101100010011101100001101101101111011101111011101010111011000110110111000011010011110101011111001011100111111111011110111101100001110010011011001101101 
00101100110111010010010001101001010011010111111110011111011101001000111011110101111111101011110001001101111111000100000010010010110110101101100111110101110011110100101010011001110011011001000000011011110001000101010000110111100001100101101010100010101101111111101100111011010100111111001111010000001101010010111101100001110000001010111100101110110101011011010000010000110001110011101001110101101011100110011011010100010100111010010110000010000101001001110011000100010111100000110011111010110000010111100101100111 
10110111111111010001011001010011011101110110001001100001001010110000001101101000110011001011001010011100110011010011111000111100110110010000011001011001100001110010110111100111011111111101101001111010111111001010101001111001111011001101000000011100001001100001000000101100010001111101011101111111111000010111100011101101011110101001110001101100000001110010111001001000110010100101000000101110110110001011110011010110001001011100110101010111001011010111101111100010001010111111111100111100101111010101100101100100 
01111010110111101010011100011110001001001101000100110010011111110011111111010110001101111101010111111010101101101110011100101101000011011101011011110000100100100010101011000000100000010000100000001110110011110100011110000100010010110011011101011011101000110010011000100110001000001101100011011111110111001000001111011001100100110000100001111001101000101101100000111100001010110101010101000101101111011111000010101101100111000011011100001101110111011111110100001110001010110001010011111111110100111101110011010001 
01001001111001010111001000111111110110101011011111001000101101001100101101111010111111001001101100111101111110110111100110101011000011000001001010101011010100100001111110011011011000000111111110111110000001010011011111111101111110111110000000001010111101110110011100100101011001010101011100111000001111100011101110001010011100010101100111110000010010100000001010101010101011011001000110100110001001111011110011110010010100010001001111011101110101011101101111001101001111111001001010111010000111110101111010111100 
10000101111101001001100101111110101100111011000100010010000000110111001101000010000101100001011010111001010000000100101011011001011001111111000101110001000011101110110000101101110000101000110001000000101000111000000010010101001001000100101110100001110011001000010000110101111111000111111001010101111001001000111010011100100100001001001011010010100000000110001000011001001100101111100000000001010011010111010000011111110111011111100001011000110001011101001111111101110111100001011100111000110011011110001101010101 
00001111000110000101110110101011010101111111110010111001000011000001001111011011111011001000111110111110101011101110111100001011000111110000110101000001011011001110101010001101111011101101111111100101010000111110100011001001010010110101000111011000110100110101010100010101110101111111011000110100010011100100011001100111010100100010110110111101101110100010100111001111101011001101000011010010110111000100101011111001100110101010100000100111000011101011111110010100010000000111010111110000001110010011011110001001 
00000011100011100010001100101110111111001001001001000110101100001100110101001111010100001111100000011101011001100111101100001101111110110110000110100100111110001010000011101010101111000110101101110111111101001001010100100010111110111000000000101001110100011010011111111111111000101101001011010100100100001110111101010110100110010011111000110101001111101111101110000111011101101010111000110111001101011000101011010010001111110101111100100011100010010111010000111000000010000100100001000000100101000110110111000111 
00110110010100110111110000100010111100110101010001000111100011001010011110100100001001111001111010001000100000101100111001110001001010110110111011111000011111001100010100100101100011010110111110000101101100101001100001011101111001001000011100110000111100011101101110010101011010110101110001010100111010010010111100001110110111000010101001111100001110100000001011111110000011010101001100000101000101010011000100001101000111100100111110110000011110011110100011011000101100100000000101001011000100000000000000110111 
00101010010101101110010000101011100000010100010100100000000110100011010111111110011101101100111010111000100101101010110101101010011111011000010110111111111001101111110001001101101001101011101101000111111110001010101000011101111011000111001110001011101111010100010110101101000011100110011111011010100000001110101101000000000010000001111100110111001111000111101011011000111100110111000101110101010011001000111011100010001110111010111010101011011111000010011000110101011001011011011100100100111100001101011111000101 
01011100111011001100101011100101101001111010101100111100010000100010011000010010000110100000010111001001001100111001010010000000111001000000000111101011101011011101000101100011110011101111011101010011001010110110001001100100101000111110111110011111011100001111011001100000000001100101010110001100110000110001110110001101001010001100011101100110100100111010101111011011110110111101010100100111010010100011111111001111000010101001010011011100011001001110000100110001000101000100011100110100001011011110100100101111 
01110101100010110010100001101111100000110010101110010000000001101110000001101111110111111101100000000001001011111011110000001010010110111011001001011110000111101000100111100010110101110000011100001010111001101011111011001100001100000110001010111100110011001011101100011101000110011001101110110011100101011111111100001010110001001100110011010000011011101010001100010110101000010101110011001000010101010010011000011011011000110011000110000100000001111000010111100110110011001010100110100010010110000111101100000011 
10101000101111101101111000000111001000011011010110101100100000001111101111110101111011011110001010011101110110110000111000000111011100011110000101101001010110111111001101110000111001001100000100010001110100111011011111010011101110111010001011000110101101110001001111111110000000010000001001100010000011111001011111001000100001111100000111111100110001001010100100111100101001011001111001101101000010001001001000001011110101001011001100011101111010111011111010011110010100001100100000101111001011110000001110000011 
11011000100011011101111100001000000011110110100000100000000011111000101010111100101001010010001000101111000010111110111110000111101010101001011000000111111100101111011000110010010111100011011101000011100100101001101010001000100111110000111001001110010111110110101110111100111100000110111011001101001110111000011000010111101010001101000000010100000001000110100011110111101010100011000011100110101110101100001100001001001110000011110101101100100010010101001110110010100111011110100100111011101111011011101010010001 
01111000100111010100000111010110101101110010110100100100011110000011101011101011011001010111110110001100110011110010010001010000110000111000000110100110111110011100000101001011011110001100000011011101111100110100101000101110110011101011010101011110000011110111100101101100000100000110111010110000110011011011101001010111011011100111110101101010110010000000000001001010110111111111111101100010001000001101001000100101010111001001010101011101111001010011000110111011011000001101110101111010100010100101110010011001 
01000011000111100001100100100101101000000100101111111000111001010100111101000100001100101100011001010010110100011011010111000011100001011111101110011001011101011011011100001000010111100001011110001000100111101101011000010010011100110011011000111101001110111110010101110011101111100100010011000110111001110111100001111010010110000100001110001101111000111011110010111001101110101111100000110010100100011101101110000010011000011110100110101000100000111101110010011101000011100100101111110000000001000010101011011001 
00100000001011101001011111111101011001101001001000010111100011011010011010111100110010011111110010010011000111010111011010000101111011001000000000011110101101011001100000110110011011100100101100101110011011011010010010001010110101000111000000011101111010001011010001001011101100010010011111111001100000100111101011111001110100001010100101000111111110101111100100010001001010000101000001111111100111000110010101101010100100100011111000101011100001001000000101101110000011010111101001010101011110110110110001111001 
10101011110010101101001111011101110101101110111001000001111110010010001011110011100111000100001011010010000011010011111101111100000010000010010101101000011111000000010101010000100110000111110101011011001110000011011010001100101100111100010110011101100111000110110011101101110111111111101100110100100001000110101111110111001001011101110001010000101110110110100011101010110001101111000001100111001011000000111110011101110000110110101110011101000000100110010001011110110001110111101110001111110011100010000100100001 
10010000110010001101111000110110100011100111000101101011001100000010001011001011110101101111101100011111001011100011100110111100111000011001110100101111100000101111010010011001110110010001101010101100100001100100101100000011111101010000001111000000101001000110000101111011100001101110011000110110010000110100111011011111010101110010100010010101100111010101111000111101111111011000111010001000010110101010000101101111110100001111001101110110111101110000001000000100100001010010010000010000011000011001001000110011 
11100011111001100100010000101110000110000010010000101010011111101101011101110001000100110100100011111001100000101101000111110000000011001001101101100110011001011111111111100001100101101001110110011001011011010001110101101001100111011000010000000011111011100111000111010101100100011111111011011010011100011011001011110101110000100010001001011101000010000001010101110000011110000100011010011100111010111111011010100001000011010001001100001010001001001010100010101001010101011111110000000001000111010110011101100001 
00111100110110110000100001111010000001001010110110000111011110101011100110000011100101110000111101100010110101000001110100010110010001010010101011100111001100101001100010101001001111010100011101100000010011001110001100011110101110010100010011110101001101110110100101010001111101001011000011111100111001110100000010100110001010101110110000010110001011000011111110111110110010011001100011001010000000011000100110000111011010000010001010011011001100111100100011010110110000010101110101011001100110111101101001001011 
