00101111011111000110011111111110010111010100101001100000111111001111111000101111101001100011101000001010010110000011011101101111000011100100101101010010101111011000110111001011001011001010001111011111011111101011001101011010111111110010101100010100110001111001000101111001110111100111000011111101100111000101101010011101111010100111101101001101001110111001100111100010000110010010100111010101100110011010001100110001100001100010011000111110111111111000101110110110111110100111101011010101111010000011010111010011 
10101100001001101100010110110011010100000100100000011111000100110011000010100000001001100101000010100010001100000001101001011101000100100010100000000101010001110001111101000101011111010000101000100001110011001000000000100111010011100010010010110001000011011000010100010001001000011000011000001100001101001100011010100101101000100001100010000001111101001001001001000010111101100000000000011010001110100001001011101000110110001000101100000100111000110111011110011011001000010100011011010001000000000011000010000101 
10101100001001101100010110110011010100000100100000011111000100110011000010100000001001100101000010100010001100000001101001011101000100100010100000000101010001110001111101000101011111010000101000100001110011001000000000100111010011100010010010110001000011011000010100010001001000011000011000001100001101001100011010100101101000100001100010000001111101001001001001000010111101100000000000011010001110100001001011101000110110001000101100000100111000110111011110011011001000010100011011010001000000000011000010000101 
00101111011111000110011111111110010111010100101001100000111111001111111000101111101001100011101000001010010110000011011101101111000011100100101101010010101111011000110111001011001011001010001111011111011111101011001101011010111111110010101100010100110001111001000101111001110111100111000011111101100111000101101010011101111010100111101101001101001110111001100111100010000110010010100111010101100110011010001100110001100001100010011000111110111111111000101110110110111110100111101011010101111010000011010111010011 
01101001011101000001001110011101011001100000111010101110010001000101100000001000111001110111101001100110101111000110100001011101000100100010101101010010101111011000110111001011001011001010001111011111011111101011001101011010111111110010101100010100110001111001000101111001110111100111000011111101100111000101101010011101111010100111101101001101001110111001100111100010000110010010100111010101100110011010001100110001100001100010011000111110111111111000101110110110111110100111101011010101111010000011010111010011 
10010101100110000110011111111110010111010100101001100000111111001111111000101111001001100101000010100010001100000001101001011101000100100010100000000101010001110001111101000101011111010000101000100001110011001000000000100111010011100010010010110001000011011000010100010001001100010100000101011010001010100001101010011101110000100111101101001101001110111001100111100010111101100000000000011010001110100001001011101000110110001000101100000100111000110111011110011011001000010100010001011011100000011001001010101101 
10101100001001101100010110110011010100000100100000011111000100110011000010100000001001100101101000001010010110000011011101101111000011100100100000000101010001110001111101000101011111010000101000100001110011001000000000100111010011110100111000101001110100000001100101011101001000011000011000001100001101001100011010100101101000100001100010000001111101001001001001000010000111100110100111000110110110101000111100010100011011100010011000111110111111111000101110110110111101000100011011010001000000000011000010000101 
00010010001010110111000101110010001110000011110011100000111111001111111000101111101001100011101000001010010110000011011101101111000011100100101101010010101111011000110111001011001011001010000100101100001011000010110100101110101000110100111000101001110100000001100101011101001000011000011000001100001101001100011010011101111010100111101101001101001110111001100111100010000110010010100111010101100110011010001100110001100001100010011000111110111111111000101110110110111110100111101011010101111010000011010111010011 
00010010001010110111000101110010001110000011110011100000111111001111111000101111101001100011101000001010010110000011011101101111000011100100101101010010101111011000110111001011001011001010001111011111011111101011001101011010111111110010101100010100110001111001000101111001110111100111000011111101100111000101101010011101111010100111101101001101001110111001100111100010000110010010100111010101100110011010001100110001100001100010011000111100111000110111011110011011001000010100010001011011100000011001001010101101 
00010010001010110111000101110010001110000011110011100000111111001111111000101111101001100011101000001010010110000011011101101111000011100100101101010010101111011000110111001011001011001010001111011111011111101011001101011010111111110010101100010100110001111001000101111001110111100111000011111101100111000101101010011101111010100111101101001101001110111001100111100010000110010010100111010101100110011010001100110001100001100010011000111100111000110111011110011011001000010100010001011011100000011001001010101101 
00101111011111000110011111111110010111010100111010101110010001000101100000001000011001001010101101110101101011000110000000100100000110111101000001010010100111110000010111001010000010111110100100101100001011000010110100101110101000110100111000101001110100000001100101011101001000011000011000001100001101001100011010100101101000100001100010000001111101001001001001000010111101100000000000011010001110100001001011101000110110001000101100000100111000110111011110011011001000010111101011010101111010001100101111000001 
10010101100110000110011111111110010111010100101010101110010001000101100000001000011001001010101101110101101011000110000000100100000110111101000001010010101111011000110111001011001011001010001111011111011111101011001101011010111111110010101100010100110001111001000101111001110111010100000101011010001010100001111100001001000001001010010010010010000001100110000100000111111001111100000100010110110001101110101010100010001111001011101110111000111111010010100100011000101000110100111010101001100110011111010011100101 
10101100001001101100010110110011010100000100100000011111000100110011000010100000001001100101000010100010001100000001101001011101000100100010100000000101010001110001111101000101011111010000101000100001110011001000000000100111010011100010010010110001000011011000010100010001001000011000011000001100001101001100011010100101101000100001100010000001111101001001001001000010111101100000000000011010001110100001001011101000110110001000101100000100111000110111011110011011001000010111101011010101111010001100101111000101 
01101001011101000001001110011101011001100000111010101110010001000101100000001000011001001010101101110101101011000110000000100100000110111101000001010010101111011000110111001011001011001010001111011111011111101011001101011010111111110010101100010100110001111001000101111001110111100111000011111101100111000101101010011101110000100111101101001101001110001001001001000010000111100110100111000110110110101000101010100010001100011111011001110110111111111000101110011011101000110100111010101001100100011001001010101101 
10101100001001101100010110110011010100000100100000011111000100110011000010100000001001100101000010100010001100000001101001011101000100100010100000000101010001110001111101000101011111010000101000100001110011001000000000100111010011100010010010110001000011011000010100010001001000011000011000001100001101001100011010100101101000100001100010000001111101001001001001000010111101100000000000011010001110100001001011101000110110001000101100000100111000110111011110011011001000010100010001011011100000011001001010101101 
10101100001001101100010110110011010100000100100000011111000100110011000010100000001001100101000010100010001100000001101001011101000100100010100000000101010001110001111101000101011111010000101000100001110011001000000000100111010011100010010010110001000011011000010100010001001100110011010000111011011100000101100011100101101000100001100010000010000001100110000100000111111001111100000100010110110001101110101010100010001111001011101110111000111111010010100100011000101101000100011011010001000000000011001010101101 
00010010001010110111000101110010001110000011110011100000111111001111111000101111101001100011101000001010010110000011011101101111000011100100101101010010101111011000110111001011001011010000101000100001110011001000000000100111010011100010010010110001000011011000010100010001001000011000011000001100001101001100011010100101101000100001100010000001111101001001001001000010111101100000000000011010001110100001001011101000110110001000101100000100111000110111011110011011001000010100010001011011100000011001001010101101 
00010010001010110111000101110010001110000011110011100000111111001111111000101111101001100011101000001010010110000011011101101111000011100100101101010010101111011000110111001011001011010000101000100001110011001000000000100111010011100010010010110001000011011000010100010001001000011000011000001100001101001100011010100101101000100001100010000001111101001001001001000010111101100000000000011010001110100001001011101000110110001000101100000100111000110111011110011011001000010100010001011011100000011001001010101101 
10101100001001101100010110110011010100000100100000011111000100110011000010100000001001100101000010100010001100000001101001011101000100100010100000000101010001110001111101000101011111010000101000100001110011001000000000100111010011100010010010110001000011011000010100010001001000011000011000001100001101001100011010100101101000100001100010000001111101001001001001000010111101100000000000011010001110100001001011101000110110000010011000111110111111111000101110011011101000110100111010101001111010001100101111000001 
00101111011111000110011111111110010111010100101001100000111111001111111000101111101001100011101000001010010110000011011101101111000011100100101101010010101111011000110111001011001011001010001111011111011111101011001101011010111111110010101100010100110001111001000101111001110111100111000011111101100111000101101010100101101000100001100010000001111101001001001001000010111101100000000000011010001110100001001011101000110110001000101100000100111000110111011110011011001000010100010001011011100000011001001010101101 
10101100001001101100010110110011010100000100100000011111000100110011000010100000001001100101000010100010001100000001101001011101000100100010100000000101010001110001111101000101011111010000101000100001110011001000000000100111010011100010010010110001000011011000010100010001001000011000011000001100001101001100011010100101101000100001100010000001111101001001001001000010111101100000000000011010001110100001001011101000110110001000101100000100111000110111011110011011001000010100010001011011100000011001001010101101 
10101100001001101100010110110011010100000100100000011111000100110011000010100000001001100101000010100010001100000001101001011101000100100010100000000101010001110001111101000101011111010000101000100001110011001000000000100111010011110110010010110001000011011000010100010001001100010100000101011010001010100001111100001001000001001010010010010010000001100110000100000111111001111100000100010110110001101110101010100010001111001011101110111000111111010010100100011000101101000100011011010001000000000011000010000101 
10101100001001101100010110110011010100000100100000011111000100110011000010100000001001100101000010100010001100000011011101101111000011100100101101010010101111011000110111001011001011001010001111011111011111101011001101011010111111110010101100010100110001111001000101111001110111100111000011111101100111000101101010011101110000100111101101001101001110111001100111100010000110010010100111010101100110011010001100110001100001100010011000111110111111111000101110011010111110100111101011010101111010001100101111000001 
10101100001001101100010110110011010100000100100000011111000100110011000010100000001001100101000010100010001100000011011101101111000011100100101101010010101111011000110111001011001011001010001111011111011111101011001101011010111111110010101100010100110001111001000101111001110111100111000011111101100111000101101010011101110000100111101101001101001110111001100111100010000110010010100111010101100110011010001100110001100001100010011000111110111111111000101110011010111110100111101011010101111010001100101111000001 
10010101100110000110011111111110010111010100101001100000111111001111111000101111001001100101000010100010001100000001101001011101000100100010100000000101010001110001111101000101011111010000101000100001110011001000000000100111010011100010010010110001000011011000010100010001001100010100000101011010001010100001101010011101110000100111101101001101001110111001100111100010000110010010100111010101100110011010001100110001100001100010011000111110111111111000101110011011101000110100111010101001100110011111010011100101 
00101111011111000110011111111110010111010100111010101110010001000101100000001000011001001010101101110101101011000110000000100100000110111101000001010010100111110000010010001011001011001010001000100001110011001000000000100111010011100010101100010100110001111001000101111001110111100111000011111101100111000101101010011101110000100111101101001101001110111001100111100010000110010010100111010101100110011010001100110010001100011111011001110011110000000011000111001111110010010100010001011011100000011001001010100001 
10010101100110000110011111111110010111010100101001100000111111001111111000101111101001100011101000001010010110000011011101101111000011100100101101010010101111011000110111001011001011001010001111011111011111101011001101011010111111110010101100010100110001111001000101111001110111100111000011111101100111000101101010011101110000100111101101001101001110111001100111100010000110010010100111010101100110011010001100110001100001100010011000111110111111111000101110110110111110100111101011010101111010000011010111010011 
10101100001001101100010110110011010100000100100000011111000100110011000010100000001001100101000010100010001100000001101001011101000100100010100000000101010001110001111101000101011111010000101000100001110011001000000000100111010011110100111000101001110100000001100101011101001100110011010000111011011100000101100011100101101000100001100010000010000001100110000100000111111001111100000100010110110001101110101010100010001111001011101110111000111111010010100100011000101101000100011011010001000000000011000010101101 
00101111011111000110011111111110010111010100111010101110010001000101100000001000011001001010101101110101101011000110000000100100000110111101000001010010100111110000010010001011001011001010001000100001110011001000000000100111010011100010101100010100110001111001000101111001110111100111000011111101100111000101101010011101110000100111101101001101001110111001100111100010000110010010100111010101100110011010001010100010001100011111011000111110111111111000101110110110111101000100011011010001000000000011000010000101 
00101111011111000110011111111110010111010100111010101110010001000101100000001000011001001010101101110101101011000110000000100100000110111101000001010010100111110000010010001011001011001010001000100001110011001000000000100111010011100010101100010100110001111001000101111001110111100111000011111101100111000101101010011101110000100111101101001101001110111001100111100010000110010010100111010101100110011010001010100010001100011111011000111110111111111000101110110110111101000100011011010001000000000011000010000101 
00101111011111000110011111111110010111010100111010101110010001000101100000001000011001001010101101110101101011000110000000100100000110111101000001010010100111110000010010001011001011001010001000100001110011001000000000100111010011100010101100010100110001111001000101111001110111100111000011111101100111000101101010011101110000100111101101001101001110111001100111100010000110010010100111010101100110011010001100110001100001100010011000111110111111111000101110011011101000110100111010101001100100011001001010101101 
00101111011111000110011111111110010111010100111010101110010001000101100000001000011001001010101101110101101011000110000000100100000110111101000001010010100111110000010010001011001011001010001000100001110011001000000000100111010011100010101100010100110001111001000101111001110111100111000011111101100111000101101010011101110000100111101101001101001110111001100111100010000110010010100111010101100110011010001100110001100001100010011000111110111111111000101110011011101000110100111010101001100100011001001010101101 
10101100001001101100010110110011010100000100100000011111000100110011000010100000001001100101000010100010001100000001101001011101000100100010100000000101010001110001111101000101011111010000101000100001110011001000000000100111010011110100111000101001110100000001100101011101001100110011010000111011011100000101100011100101101000100001100010000010000001100110000100000111111001111100000100010110110001101110101010100010001111001011101110111000111111010010100100011000101101000100011011010001000000000011000010101101 
10101100001001101100010110110011010100000100100000011111000100110011000010100000001001100101000010100010001100000001101101101111000011100100101101010010101111011000110111001011001011001010001111011111011111101011001101011010111111110010101100010100110001111001000101111001110111100111000011111101100111000101101010011101111010100111101101001101111101001001001001000010000111100110100111000110110110101000101010100010001100011111011001110011110000000011000111001111110010010100010001011011100000011001001010101101 
00010010001010110111000101110010001110000011110011100000111111001111111000101111101001100011101000001010010110000011011101101111000011100100101101010010101111011000110111001011001011001010001111011111011111101011001101011010111111110010101100010100110001111001000101111001110111100111000011111101100111000101101010011101110000100111101101001101111101001001001001000010000111100110100111000110110110101000101010100010001100011111011001110011110000000000101110011011101000110100111010101001100100011001001010101101 
10010101100110000110011111111110010111010100101001100000111111001111111000101111101001100011101000001010010110000011011101101111000011100100101101010010101111011000110111001011001011001010001111011111011111101011001101011010111111110010101100010100110001111001000101111001110111100111000011111101100111000101101010011101111010100111101101001101001110111001100111100010000110010010100111010101100110011010001100110001100001100010011000111110111111111000101110110110111110100111101011010101111010000011010111010011 
10101100001001101100010110110011010100000100100000011111000100110011000010100000001001100101000010100010001100000001101001011101000100100010100000000101010001110001111101000101011111010000101000100001110011001000000000100111010011100010010010110001000011011000010100010001001100110011010000111011011100000101100011100101101000100001100010000010000001100110000100000111111001111100000100010110110001101110101010100010001111001011101110111000111111010010100100011000101000110100111010101001100110011111010011100101 
10010101100110000110011111111110010111010100101001100000111111001111111000101111101001100011101000001010010110000011011101101111000011100100101101010010101111011000110111001011001011001010001111011111011111101011001101011010111111110010101100010100110001111001000101111001110111100111000011111101100111000101101010011101110000100111101101001101001110111001100111100010000110010010100111010101100110011010001100110001100001100010011000111110111111111000101110011011101000110100111010101001100110011111010011100101 
10101100001001101100010110110011010100000100100000011111000100110011000010100000001001100101000010100010001100000001101001011101000100100010100000000101010001110001111101000101011111010000101000100001110011001000000000100111010011100010010010110001000011011000010100010001001100110011010000111011011100000101100011100101101000100001100010000010000001100110000100000111111001111100000100010110110001101110101010100010001111001011101110111000111111010010100100011000101000110100111010101001100110011111010011100101 
10010101100110000110011111111110010111010100101001100000111111001111111000101111101001100011101000001010010110000011011101101111000011100100101101010010101111011000110111001011001011001010001111011111011111101011001101011010111111110010101100010100110001111001000101111001110111100111000011111101100111000101101010011101110000100111101101001101001110111001100111100010000110010010100111010101100110011010001100110001100001100010011000111110111111111000101110011011101000110100111010101001100100011001001010101101 
10010101100110000110011111111110010111010100101001100000111111001111111000101111101001100011101000001010010110000011011101101111000011100100101101010010101111011000110111001011001011001010001111011111011111101011001101011010111111110010101100010100110001111001000101111001110111100111000011111101100111000101101010011101111010100111101101001101001110111001100111100010000110010010100111010101100110011010001100110001100001100010011000111110111111111000101110110110111110100111101011010101111010000011010111010011 
00010010001010110111000101110010001110000011110011100000111111001111111000101111101001100011101000001010010110000011011101101111000011100100101101010010101111011000110111001011001011001010001111011111011111101011001101011010111111110010101100010100110001111001000101111001110111100111000011111101100111000101101010011101110000100111101101001101111101001001001001000010000111100110100111000110110110101000101010100010001100011111011001110011110000000000101110011011101000110100111010101001100100011001001010101101 
10101100001001101100010110110011010100000100100000011111000100110011000010100000001001100101000010100010001100000001101101101111000011100100101101010010101111011000110111001011001011001010001111011111011111101011001101011010111111110010101100010100110001111001000101111001110111100111000011111101100111000101101010011101111010100111101101001101111101001001001001000010000111100110100111000110110110101000101010100010001100011111011001110011110000000011000111001111110010010100010001011011100000011001001010101101 
10010101100110000110011111111110010111010100101001100000111111001111111000101111101001100011101000001010010110000011011101101111000011100100101101010010101111011000110111001011001011001010001111011111011111101011001101011010111111110010101100010100110001111001000101111001110111100111000011111101100111000101101010011101110000100111101101001101001110111001100111100010000110010010100111010101100110011010001100110001100001100010011000111110111111111000101110011011101000110100111010101001100100011001001010101101 
10010101100110000110011111111110010111010100101001100000111111001111111000101111101001100011101000001010010110000011011101101111000011100100101101010010101111011000110111001011001011001010001111011111011111101011001101011010111111110010101100010100110001111001000101111001110111100111000011111101100111000101101010011101110000100111101101001101001110111001100111100010000110010010100111010101100110011010001100110001100001100010011000111110111111111000101110011011101000110100111010101001100110011111010011100101 
10010101100110000110011111111110010111010100101010101110010001000101100000001000011001001010101101110101101011000110000000100100000110111101000001010010101111011000110111001011001011001010001111011111011111101011001101011010111111110010101100010100110001111001000101111001110111010100000101011010001010100001111100001001000001001010010010010010000001100110001001000010111101100000000000011010001110100001001011101000110110001000101100000100111000110111011110011011001000010111101011010101111010001100101111000001 
10010101100110000110011111111110010111010100101001100000111111001111111000101111001001100101000010100010001100000001101001011101000100100010100000000101010001110001111101000101011111010000101000100001110011001000000000100111010011100010010010110001000011011000010100010001001100010100000101011010001010100001101010011101110000100111101101001101001110111001100111100010000110010010100111010101100110011010001100110001100001100010011000111110111111111000101110011011101000110100111010101001111010001100101111000001 
00101111011111000110011111111110010111010100111010101110010001000101100000001111101001001010101101110101101011000110000000100100000110111101000001010010100111110000010111001010000010111110100100101100001011000010110100101110101000110100111000101001110100000001100101011101001000011000011000001100001101001100011010100101101000100001100010000001111101001001001001000010111101100000000000011010001110100001001011101000110110001000101100000100111111111000101110011011101000110100111010101001100100011001001010101101 
10010101100110000110011111111110010111010100101001100000111111001111111000101111001001100101000010100010001100000001101001011101000100100010100000000101010001110001111101000101011111010000101000100001110011001000000000100111010011100010010010110001000011011000010100010001001100010100000101011010001010100001101010011101110000100111101101001101001110111001100111100010000110010010100111010101100110011010001100110001100001100010011000111110111111111011000111001111110010010100010001011011100000011001001010101101 
10101100001001101100010110110011010100000100100000011111000100110011000010100000001001100101000010100010001100000001101001011101000100100010100000000101010001110001111101000101011111010000101000100001110011001000000000100111010011100010010010110001000011011000010100010001001100010100000101011010001010100001111100001001000001001010010010010010000001100110000100000111111001111100000100010110110001101110101010100010001111001011101110111000111111010010100100011000101101000100011011010001000000000011000010000101 
